4.175066686937533689e+00
3.089819629058841333e+00
1.888808375757238034e+00
5.560350214378497746e+00
2.617099256301542720e+00
1.234675371364756691e+00
4.905598990446530472e+00
4.631742062379857749e+00
3.782352252595608366e+00
2.226221707850942533e+00
5.095821069908227585e+00
4.383201922260292704e+00
2.317089499967224686e+00
1.486424081269050790e+00
1.379420409273984793e+00
2.982260135474131602e+00
2.149099103407724698e+00
4.357204080731395202e+00
2.029138188544989951e+00
1.590408019404612183e+00
1.202516920788197385e+00
2.632425593674842190e+00
1.745653147700311436e+00
3.579224543727730357e+00
1.866116987755155332e+00
6.771145750544440567e-01
3.326615049194374230e+00
1.129117865129537268e+00
1.865434615880252611e+00
1.901259880843717109e+00
2.689727605127016030e+00
2.490903725313142747e+00
2.142940600352637670e+00
7.052297788002342749e+00
1.373075911038734942e+00
9.845558353721399758e-01
8.600516231458336103e-01
1.841049785033014086e+00
3.424536145769843554e+00
2.703537697206007007e+00
5.107826069044045347e+00
4.933565708541816974e+00
1.648712962851755837e+00
2.913690884510204082e+00
1.415512353545592239e+00
1.163136970016233729e+00
2.718450456507015112e+00
1.739289488710756171e+00
1.436462367227766102e+00
4.141690730384911312e+00
1.519607401807919977e+00
1.386898427730071992e+00
3.307173235920415344e+00
3.757267257333891219e+00
2.994086879684684899e+00
1.598007271049072253e+00
2.258601222116282337e+00
2.455272395349397563e+00
3.560722182529156843e+00
3.267431560300931181e+00
1.916951901484173382e+00
4.899884745009019049e+00
3.298980185326425119e+00
7.086770364151190549e+00
1.789512705093229128e+00
3.513396150071270263e+00
1.730412659019756161e+00
1.490381609039276523e+00
1.380748298899370230e+00
4.044833571568082320e+00
2.725930767687132494e+00
1.766218837390688634e+00
3.016181297541635775e+00
2.062016081798405676e+00
2.928985223434748431e+00
2.886696546357863102e+00
1.833607210166917190e+00
1.575158198203052473e+00
2.408397334780848276e+00
2.308310125447281980e+00
1.289955045788080179e+00
2.510380889728472731e+00
1.230425765163194463e+01
2.248571088027828235e+00
2.068741955867403615e+00
3.296970352448911346e+00
5.837742724415655893e+00
2.272749332824209212e+00
1.650451328536499007e+00
1.056724710423420976e+00
1.088218749164820309e+01
1.997334360558961741e+00
2.135778869548905057e+00
1.410611997076303137e+00
3.370330030249510944e+00
4.961118482112964578e+00
2.195108719420817867e+00
2.733059024194419706e+00
1.732171153870971203e+00
2.905197517265723839e+00
2.401052186514693876e+00
2.494468420757109950e+00
1.990873551223228066e+00
2.007123461002292775e+00
2.648609407768124591e+00
1.862133170321015330e+00
2.620130833740927478e+00
2.632854099527520475e+00
2.515179119222043624e+00
4.797463764082279702e+00
4.979644118734414704e+00
1.654739505822960144e+00
1.080061490731219154e+00
2.358228181641417454e+00
2.490647318139301625e+00
3.678440197617073082e+00
2.719575577680995782e+00
5.736708504443177592e-01
2.787302152820859025e+00
1.019385858998702599e+00
1.320489681426003203e+00
2.452658680729749907e+00
1.563030299851855487e+00
1.020439165106769019e+00
2.479585740823459172e+00
2.225040234337540834e+00
1.084175863645795657e+00
1.703892121102229318e+00
4.898800320953250242e+00
1.160265683522161417e+01
4.555839660928430845e+00
3.470983970905314742e+00
2.266746792161290269e+00
2.806958608542127642e+00
2.221165708579747378e+00
2.298717463358862734e+00
1.628572197224196660e+00
1.449791272487674698e+00
4.666434868656761381e+00
3.678244644016752662e+00
4.429921914845687425e+00
1.735649712257718358e+00
4.934080370369706259e+00
6.658426235911401925e+00
1.542933068285092135e+00
1.453707184394288809e+00
2.820421473213189145e+00
1.679446666412071076e+00
5.536342595913262166e+00
3.277323252347874138e+00
4.991942739217131830e+00
3.218312721332665216e+00
9.387165114552111334e+00
5.241234955808640628e+00
2.441579785120098656e+00
3.419206507145307938e+00
5.625868882958797279e+00
3.129930998497768346e+00
3.357167259168776230e+00
2.100603662139219896e+00
1.476144695549485908e+00
2.558269338338269971e+00
1.592264904078773746e+00
1.408064652772155201e+00
1.597093767492245853e+00
3.341473323936688722e+00
4.771671714050314428e+00
3.091827109113535421e+00
1.492351417096962063e+00
8.751336195054230105e-01
2.853301489511023359e+00
1.922817317328996856e+00
1.859012288137479985e+00
2.424386822081958215e+00
3.284309697081836621e+00
1.590780131548327647e+00
4.062568490617668004e+00
3.464693039740347480e+00
2.799358386292842837e+00
2.205072620979966036e+00
2.881138136407977779e+00
2.640102765619104286e+00
7.617288484215949396e+00
8.906032601264268767e-01
2.572008063521555865e+00
2.524388053926809317e+00
2.038884199464825908e+00
3.132087088376597883e+00
1.671562495468739806e+00
2.939169152987718636e+00
1.348113655606680616e+00
2.371343242525419726e+00
1.949524587879964299e+00
2.347393162168349701e+00
2.011817675131958083e+00
2.180609723423358570e+00
1.200310382042940160e+00
1.534533919955984871e+00
2.306533519896090123e+00
1.162078019531587181e+00
4.146495490268564232e+00
1.284400699144455427e+00
2.721922351044987032e+00
4.426010914609864955e+00
3.873241327018515090e+00
1.903395534264955780e+00
1.405794716227747543e+00
1.738906503553464544e+00
2.130286216750244321e+00
2.751331846925192171e+00
1.818515014964461551e+00
2.212486458401349942e+00
1.975767113171655431e+00
2.760392055558530622e+00
8.812750085517768284e+00
2.535961953245317257e+00
4.165109669077962096e+00
2.797494673675341659e+00
5.241317248688295294e+00
1.656398940741800718e+00
8.077349566532412428e-01
1.495903645273869431e+00
2.727873614778054900e+00
1.615052748261489590e+00
1.598362562925977448e+00
2.174129210767480558e+00
3.297107603252022123e+00
2.088767332613343797e+00
2.303850650407768708e+00
9.963547054800175884e-01
2.042278154910061705e+00
3.768437217316963572e+00
3.618334330848116398e+00
1.268239167711249893e+00
1.249640444495964120e+00
2.845656217820514922e+00
1.644376302692659664e+00
1.208217477972966192e+00
1.386344117497324335e+00
3.422573865753592681e+00
7.917229692948029030e-01
2.810850410984779835e+00
1.017968726804284518e+00
3.857467039822681354e+00
2.363415003052714791e+00
1.056297631119232028e+00
4.126030547078514132e+00
2.301470110231653710e+00
3.595011599797905966e+00
3.424172139788714819e+00
3.661717642429121344e+00
3.678463507345690164e+00
4.866001357861477139e+00
1.087063760510288857e+00
1.764588136287564613e+00
2.035728213753999594e+00
8.353697235610795246e-01
1.910912310832314720e+00
3.949286958081075216e+00
3.140550926329992443e+00
1.638106925893694887e+00
1.776212522543810346e+00
2.136854387582110881e+00
3.638777510878929089e+00
2.425747337725129515e+00
1.840480124649564564e+00
1.463216137201952316e+00
2.948769683614870463e+00
2.694439478906201835e+00
1.077285862761683699e+00
2.747218290720547351e+00
4.106251274749860514e+00
2.286354034347734654e+00
6.326322981632587883e+00
2.227464868022571043e+00
5.460805637107061905e+00
1.226263796447811139e+00
3.879630854706833443e+00
3.961976478247799083e+00
4.016026957259157371e+00
3.224794638754813647e+00
1.588162911606053829e+00
4.274956211172229459e+00
1.987155129924395913e+00
1.014419280162659920e+00
2.557549418105768080e+00
9.973228008924358567e-01
1.732329388190366748e+00
2.077465912910105406e+00
1.461845053704162956e+00
5.373921236600060602e+00
2.305145918555505435e+00
1.239554720091072371e+00
1.803987853669043462e+00
1.951636487117430985e+00
2.911992557931894599e+00
3.205223808834127830e+00
5.201940809012930877e+00
2.282571268611353954e+00
2.232305980793698907e+00
3.119719350929232249e+00
4.184923713676948154e+00
1.716300436249872829e+00
1.543865328840433149e+00
3.294623000199612406e+00
2.175687903949994340e+00
1.396410120665625865e+00
4.022075133927769386e+00
2.096115832967117676e+00
1.006890395537691107e+00
1.012310126004219546e+00
3.777374729065468895e+00
2.426769082662390886e+00
1.099294695625942397e+00
2.496832603122681959e+00
1.392767795223414984e+00
1.818709582231616828e+00
9.606739895369921456e+00
2.433578730409415414e+00
5.661695354112864287e+00
1.253580940773081576e+00
2.482274444489295018e+00
2.791436506228293091e+00
1.488677336716355493e+00
2.379956981994399978e+00
2.721507419904945824e+00
1.450475388264125698e+00
4.072987513210195587e+00
2.979676423498940352e+00
9.399209609776216778e-01
1.005114985887427981e+00
8.611585399812936581e-01
1.600585655239281868e+00
5.235316306603125192e+00
2.667705542435429233e+00
2.707787011455685011e+00
3.569176753173863403e+00
2.975199872373661680e+00
7.273591798118768104e+00
2.455468832793862521e+00
5.098638248147675078e+00
4.898977141686883030e+00
4.682394892538778386e+00
3.828235355131905937e+00
2.260053980526976147e+00
1.093794027255177825e+00
1.757472074446988053e+00
2.152918552541926545e+00
1.439953324164096715e+00
2.248518355879367103e+00
1.417096111443882256e+00
4.865701575926358657e+00
3.567876841471025351e+00
5.725848135362078040e+00
3.690267868846456967e+00
1.383024442596853865e+00
3.832621850892384607e+00
2.040256634267773705e+00
1.493292242840124739e+00
9.008922095281500786e-01
4.100595093278223580e+00
1.513333645649685089e+00
2.295128291774732876e+00
1.724544420714741788e+00
8.938798832213445955e-01
1.923829207276326558e+00
2.663320751299171896e+00
3.290998724947530540e+00
3.910577936317142012e+00
7.378392136254026568e+00
3.240628643068427905e+00
2.409876435039743026e+00
3.167288329837206540e+00
1.386166228569391867e+00
4.309080405570322014e+00
1.596525372269706589e+00
3.680119788484526921e+00
1.629148242960912318e+00
4.584327374855055481e+00
3.718087910053883061e+00
2.009004146201433194e+00
5.650088108996819791e+00
3.167621563877088153e+00
3.111897293152383615e+00
1.319481905252183118e+00
2.266890437930006108e+00
1.880244750884540794e+00
1.047339876980418749e+00
1.640961025786361382e+00
1.780709684557854944e+00
1.447042426403672533e+00
1.027797272787881688e+01
7.881542852176067093e+00
3.693302271218728450e+00
5.511631844486040599e+00
2.290532934773029439e+00
2.462284719493057494e+00
7.998685698464846894e+00
2.882667627120521825e+00
2.462551280063439041e+00
1.489706467702834880e+00
3.608273963321092737e+00
3.426418888580371025e+00
1.911806546644979399e+00
3.637330262218320343e+00
4.206326099597351487e+00
3.245062790551402010e+00
3.057822104994714518e+00
1.467057726271681961e+00
4.082195336444003786e+00
2.382580506775314966e+00
2.222902479679372600e+00
2.173122207378327175e+00
4.303051797458689265e+00
2.962975574600432704e+00
3.463217500084955880e+00
1.682339095059481870e+00
1.255081513477367405e+00
1.463102083552423327e+00
2.561354309696631582e+00
2.968456071181724720e+00
3.161925677037990212e+00
1.780481308721888922e+00
3.865300033011198177e+00
2.036705019784803561e+00
4.392700399668053812e+00
3.344179539145538893e+00
9.944438123154851761e-01
3.393471502725537547e+00
2.880126349838707078e+00
1.270162409240179313e+00
1.327981689959325307e+00
3.610096771191042109e+00
2.431140324062971647e+00
2.340150927488229726e+00
2.812936898364942540e+00
3.588562177200785630e+00
7.520611742758713802e+00
1.815586905202967394e+00
1.788555843480291507e+00
2.269543183836550515e+00
2.191319118685499223e+00
5.111278003073222109e+00
2.094559058215212488e+00
1.850289789557837627e+00
1.568619496577611683e+00
5.048746592653511556e+00
1.666639679341280766e+00
4.109643539108552623e+00
2.352880416808261543e+00
1.353987998816876370e+00
4.118895888084620260e+00
2.600816257735143910e+00
1.004192691171381657e+00
1.188771488067284166e+00
4.998499540191377655e+00
1.799556157179056148e+00
3.206561391571416841e+00
1.597198131808664545e+00
1.292201121563206323e+00
3.878174978315060084e+00
2.381308768013335797e+00
1.863242675995561592e+00
5.019692494365407320e+00
2.410793946148641620e+00
1.385136109325340259e+00
3.312634413265731048e+00
2.923636604946476147e+00
2.836859139891889203e+00
1.929199744584955356e+00
1.546062920496567017e+00
1.491646691247097811e+00
1.266085914606112750e+00
3.189060824295382179e+00
7.452460354982063384e-01
1.709670934346277260e+00
2.405296839800125763e+00
2.815956391599047315e+00
1.914425404093084149e+00
6.927065911556328004e+00
6.332496071858633613e+00
1.967329275054138682e+00
1.738097382061842833e+00
5.018055292799291855e+00
2.366700394310262467e+00
1.243425835728147799e+00
2.276223338500805937e+00
3.076282374530454611e+00
3.074778762378204355e+00
1.069891776302101150e+01
1.739317312195214571e+00
6.042275725667236586e+00
3.120968043090801114e+00
1.300503789533754340e+00
4.731628677077203804e+00
1.979802954674287907e+00
1.692081015753287510e+00
9.678195074885321825e-01
4.913989970283759945e+00
2.433759815931567427e+00
1.419233189946049523e+00
4.401121089342217019e+00
1.125293131608166686e+00
2.781674038626596346e+00
4.267324605200166765e+00
3.637340966588455071e+00
3.335074619998315004e+00
2.762888511167778560e+00
4.548073513068973561e+00
3.187616133909384697e+00
4.310273745358316866e+00
5.775310622271810246e+00
2.041948435249427707e+00
2.503397283616952240e+00
4.011229226252984503e+00
3.041388556906071017e+00
2.924961503992191236e+00
2.350879916204667630e+00
2.087872297892080731e+00
2.119307909348845609e+00
4.838230872224925427e+00
3.372148435821825885e+00
2.078478100658821770e+00
3.287940523527489667e+00
2.360712699794994318e+00
4.860477596016194113e+00
2.292807876213825757e+00
4.985686306064357254e+00
4.543756019053262207e+00
1.673034144520705091e+00
1.983972102046741792e+00
1.921351957261692167e+00
1.289895801018023702e+00
3.145547317242777030e+00
1.654937588507672253e+00
2.694912702409332450e+00
2.247480577353986320e+00
2.217569498376203541e+00
1.145875306762393020e+00
5.680679227497271278e+00
2.740917870938401002e+00
3.849037814563786686e+00
1.612179646481862072e+00
1.596543171694768448e+00
1.748701609443944927e+00
2.712032620995735499e+00
6.815342176975191180e+00
5.312454302065215295e+00
1.615605282381162633e+00
2.599210411808169141e+00
1.621549966922487762e+00
2.021780325271726575e+00
4.166980945976541229e+00
1.315920440733624686e+00
3.747320725295995913e+00
3.526574318283908660e+00
1.842931099492491454e+00
1.586015363598728634e+00
3.593773094076354369e+00
5.907710551533848609e+00
3.651793209158245013e+00
8.477320028221962289e+00
1.219165338295826517e+00
1.709192039520035289e+00
3.654132043667362328e+00
3.841531075366607872e+00
2.350862353716911102e+00
3.113251055944389556e+00
6.372238964363925007e+00
1.786208307382670002e+00
2.218581202227252192e+00
1.631655447771818590e+00
3.325686065902893507e+00
2.540959813947463175e+00
1.673824494523575845e+00
4.996639825859390704e+00
1.952676988315264373e+00
5.673274485792128452e+00
3.118948695453672482e+00
3.754744899310448414e+00
1.620457636418234815e+00
1.129694042497149775e+00
5.423619510460966353e+00
4.284140226071381896e+00
1.675951281989276609e+01
2.239403608505666998e+00
1.546633061965458911e+00
1.811059451965879141e+00
4.671546410979045660e+00
1.539298235941289450e+00
3.032172830337040992e+00
1.148309039858423253e+00
2.300813492545987771e+00
2.493169462155467642e+00
7.521946942108647116e-01
1.819251883248520274e+00
1.004938572517762196e+00
2.363472176829282567e+00
6.326080314187833231e+00
1.764410840414747605e+00
1.569627459724629359e+00
2.846665369839748383e+00
1.670953750592031550e+00
1.700352301868062188e+00
7.697491226638115691e-01
2.663554623216666695e+00
4.423604014891354019e+00
1.424637916728605624e+00
2.393554161283924397e+00
1.789525419902165737e+00
4.115491991780062975e+00
3.273606865201029947e+00
1.935545961744514321e+00
4.885480788735855562e+00
3.347918388536299972e+00
6.688833035138046057e+00
4.667047749444566129e+00
1.314543415015399175e+00
3.979814242153666193e+00
4.394163377525393877e+00
7.835434137113803210e+00
2.244542470463224859e+00
6.335917746562863329e+00
2.318118146625931963e+00
2.137326084071017096e+00
2.177863988310752230e+00
2.361415111656464560e+00
3.540575169660752586e+00
1.903183377811836330e+00
1.155614167785438795e+00
4.749345376468619762e+00
1.910931284713916156e+00
1.306347602413820308e+00
1.909851468597780988e+00
2.139258480155494802e+00
2.627096147985306995e+00
2.997051880207745267e+00
2.934784032398953801e+00
2.551390352077780310e+00
2.642623037607954473e+00
1.494262975252158565e+00
1.598801463998372752e+00
4.607281914336483375e+00
8.755396555105397383e+00
1.959520164127937392e+00
2.206188991322634685e+00
1.830370475989670620e+00
1.185800470488275415e+00
2.468778209512149324e+00
2.316072259607673267e+00
2.203898054367392945e+00
1.495519974191559687e+00
4.810854112408601502e+00
2.875990117867396556e+00
1.563784488532878880e+00
3.777206828260140981e+00
1.679023561589806812e+00
1.794560667189387893e+00
2.570081142584978995e+00
6.380264033630526299e+00
2.484570597110963952e+00
3.417792310597634220e+00
5.932092664086094924e-01
2.100251124329321595e+00
1.341798559424197990e+01
3.857879027128986227e+00
9.522934592845364588e-01
4.783666418355244865e+00
2.523936594664529576e+00
1.368707535818611598e+00
7.519364435325097684e-01
2.199103822407092235e+00
3.864375467410634979e+00
7.586292223427292036e+00
1.111446687901277919e+01
1.887783134467979185e+00
4.588536807621283131e+00
1.599542023005960045e+00
4.160122964825257341e+00
5.838077815034300677e+00
5.358830383403764053e+00
3.370248773672381848e+00
4.204780944386769193e+00
1.756483807783214113e+00
2.628372318605590063e+00
2.402563188342785594e+00
3.264080651184441795e+00
1.661780617253709513e+00
1.782954342254571056e+00
1.473930265911313375e+00
9.047962915295167940e-01
5.034353540257678894e+00
1.821957632347379175e+00
1.840412864875215382e+00
1.326010814542302629e+00
2.923203343485791361e+00
2.585698705593373781e+00
8.200103692144443457e+00
7.245678036669267463e+00
8.707212239978744606e+00
4.093569538720688072e+00
1.002859954378808371e+00
2.772959605381300818e+00
1.201845296311136568e+00
1.600186172744098467e+00
2.116786876241736337e+00
3.412253048101928865e+00
4.268835731605731709e+00
1.283472399031734046e+00
2.733846365640785869e+00
8.906902815193374678e+00
1.579794378692785273e+00
2.116297108858102405e+00
2.360978346830892693e+00
2.067660358265331677e+00
1.364042044865684034e+00
2.871087417769578654e+00
1.531939739499768471e+00
1.903042380819689239e+00
1.782751883811169336e+00
2.459666457648685967e+00
2.098392663712724371e+00
1.433764409509917792e+00
3.321213218202035744e+00
3.682616180138099438e+00
1.927932233036249832e+00
1.092381795421690605e+01
4.073472820441246256e+00
3.001649864891086761e+00
2.742130604680628636e+00
9.085056129098395772e+00
2.583280565386289584e+00
3.155607595900488782e+00
1.810983190047461777e+00
2.887894299007323529e+00
1.226754830873145741e+00
2.173835802464393563e+00
1.260271527200136576e+00
3.257989490779957809e+00
8.398147564106712704e-01
5.473343693005139343e+00
3.157594470761126093e+00
5.158502872055162669e+00
2.854348287104736315e+00
1.343997411937075004e+00
2.324574463489371468e+00
5.218703818446194020e+00
2.572125706915494803e+00
1.943867369916193466e+00
1.032728368252979312e+00
2.201565006497527399e+00
3.140626244866964178e+00
2.121531559928182542e+00
2.248344220107489022e+00
2.471400489429234959e+00
1.093839410047846350e+00
2.785595245217467930e+00
3.126378097617108054e+00
1.296523599293745166e+00
1.701351348792863316e+00
3.446758977756699149e+00
3.824287797022198454e+00
4.197264006618994792e+00
1.200995443015226094e+00
1.560000255639736322e+00
1.799461768690991947e+00
1.832184719249804417e+00
1.014120114309593479e+00
2.371392001670633576e+00
2.708671042977186527e+00
2.868030130258923727e+00
1.770375233250942593e+00
1.061826194982184557e+00
2.241684419222045310e+00
2.924804542019628251e+00
2.829718987470643654e+00
4.525596147265139813e+00
6.033371648224811423e+00
2.403619367061577083e+00
1.196371809329685121e+00
5.293564842320282793e+00
2.719164682783772768e+00
3.744589758240365551e+00
3.719342471236310121e+00
1.626249079873334225e+00
3.894919721778748567e+00
2.907790426006221285e+00
2.851019632254726321e+00
5.041570453740689572e+00
2.300941718048503670e+00
2.215965349306316945e+00
1.010593210316681256e+00
1.899500235016022831e+00
3.352479721777238186e+00
1.297614545948554188e+00
5.961924834326604916e+00
1.061336216075875782e+01
4.259650524047986941e+00
3.592170179793302776e+00
1.759825659825601463e+00
3.602415741706282759e+00
1.628117484477652255e+00
6.699143362771223797e-01
3.460933460378770032e+00
1.301213282933325166e+00
1.834026059962890143e+00
2.364341067726932977e+00
2.595417481801180593e+00
3.891626837565196784e+00
1.918004429097109220e+00
3.721096747343133782e+00
1.612136907168510547e+00
1.413093741844195339e+00
2.191680855441603626e+00
4.107920186963124110e+00
4.116554798523252678e+00
2.905339519194731324e+00
1.658075954754791637e+00
2.895019621192598702e+00
3.671372868408881551e+00
3.087141182418711161e+00
2.732321660661595875e+00
1.079255486683266652e+00
3.098995780684033363e+00
3.287242593052789985e+00
1.733099630995117657e+00
3.243580045645202858e+00
4.339236476090296613e+00
8.021733559684058879e-01
2.318971184913440897e+00
3.990128973661724032e+00
3.438229817184184078e+00
3.170773435801424345e+00
2.020319877551117305e+00
1.605561939240552016e+00
5.197845498630526251e+00
1.211909060870377974e+00
1.775933519004477601e+00
1.979405614947194580e+00
2.672087776168204254e+00
2.635842484214774739e+00
3.734455423631044102e+00
2.802007095995989960e+00
2.315874803086824585e+00
8.345627662096172017e+00
3.902405788640149087e+00
4.023286068505600888e+00
2.966651336778844072e+00
3.228163052486244133e+00
5.023425974483563650e+00
3.917140436369967116e+00
2.455010883048442061e+00
3.807949995326504578e+00
2.220259736429754494e+00
1.971928458652288052e+00
1.091763989328471851e+00
5.563568020012076509e+00
1.324142089634261277e+00
2.319048748623357969e+00
1.681508945397925725e+00
2.304580326748424834e+00
4.926936174111698818e+00
2.850434084791066525e+00
5.349007154504021422e+00
1.046076871074410830e+00
2.305380966819810418e+00
1.477149776898208255e+00
1.345988542236109753e+00
4.387364973328649498e+00
2.666310813012383374e+00
1.174295754850374740e+00
2.251849549523676774e+00
2.899303600507154410e+00
1.580670708718193707e+00
6.639649085818087215e+00
2.618160193671823510e+00
1.073330216259674064e+00
2.990305299107899994e+00
5.024771849066905105e+00
3.448716159823257410e+00
1.278232392251108074e+00
4.090757870936710283e+00
1.673784683244001981e+00
9.901644822466937335e-01
2.473464701276189004e+00
1.236831577779053726e+00
2.921566586867839099e+00
3.401262520726646255e+00
3.384945695741281568e+00
1.976835838968919346e+00
3.268229583203643429e+00
1.130579351895378970e+01
2.210996936010094505e+00
1.715721906535865982e+00
3.108662259159746366e+00
1.747532302229202195e+00
4.610207341897735844e+00
3.017489747691427748e+00
5.389065603007588301e+00
1.466221831937983167e+00
1.543579533299022755e+00
1.101364048986647415e+00
2.325555297475042416e+00
1.491720836935272798e+00
1.641086283906651566e+00
2.849877904185913913e+00
4.298187094717151879e+00
3.542701585639968620e+00
1.763524464231888356e+00
4.174678097363019091e+00
1.090833004805781936e+00
2.249877719181360369e+00
4.167718533885913956e+00
1.851099110042815354e+00
4.895417374533537647e+00
3.584866528196837709e+00
9.723199027361445701e+00
2.285285167620427771e+00
3.451894854446578620e+00
1.977361698729805939e+00
4.334393344418343119e+00
3.478830060161667070e+00
1.558289662986386492e+00
4.157634633283044501e+00
1.351591701421032576e+00
1.712945935334982739e+00
1.789192707432480045e+00
2.759103788538598501e+00
3.740667550278477194e+00
3.847468240799747807e+00
2.042014902607221405e+00
1.863217616975936242e+00
1.870559441467518402e+00
3.603418489327343988e+00
9.019361211224029562e-01
2.984627727851422829e+00
3.707349981867332556e+00
2.891293980222172877e+00
1.736350556986923754e+00
6.850165937298507757e+00
1.951918526689975453e+00
2.026096223250177797e+00
1.506310033160859652e+00
4.016389974571021426e+00
1.452058596333304807e+00
4.200405720542276455e+00
9.162741697629970261e+00
1.964691535934550704e+00
3.452358902428275478e+00
1.916526962881986318e+00
8.195311866969959169e+00
1.977992757310417682e+00
1.667220267028597158e+00
4.554625296170105031e+00
5.855864915887767808e+00
2.434899404920324972e+00
5.024111230799878314e+00
1.603479710151367366e+00
1.724588071754295404e+00
2.389731695589417004e+00
3.100370758873036259e+00
4.615115279682025395e+00
5.202518427028914871e+00
3.124028408521792421e+00
1.252144874619714798e+00
1.366321598945471338e+00
1.148696154217080823e+00
5.011878062988664340e+00
8.346893663555672305e-01
1.944929793113941319e+00
2.557026913390540113e+00
2.012123318261440641e+00
1.386941090710700930e+00
2.083027961933104688e+00
1.327576599683956360e+00
1.205625337706605471e+01
3.183216842133074209e+00
2.993879770662124518e+00
2.138866266405556882e+00
1.246088115937834528e+00
2.377046877675993652e+00
2.953755560980195760e+00
1.200622632869666306e+00
1.550131361383993323e+00
2.540680069945563169e+00
1.945357719266746832e+00
1.104729204994387537e+00
2.102515647160019263e+00
5.000252029874027393e+00
2.319438407446895667e+00
2.199469084861907398e+00
2.321304537085828734e+00
2.190191935674653756e+00
1.101722800139357972e+00
2.177029295978081258e+00
2.993731756490028317e+00
4.743751162674292310e+00
1.172689017456895577e+00
1.862798265953834909e+00
2.023632161202975954e+00
