1.247804407212304012e+00
4.144302656629744952e+00
3.062668348954593167e+00
1.945787363625695265e+00
2.182264769202814314e+00
1.398809341101317383e+00
1.866246814999870107e+00
1.685768737691619501e+00
1.187788836522984504e+00
3.325281254400918041e+00
1.868635658706849334e+00
1.987039395696019950e+00
3.467164215821265660e+00
9.412304312471135859e-01
1.628960308925675893e+00
2.420812298091617798e+00
1.684440634290671479e+00
1.654465039363520962e+00
2.647595322610557744e+00
2.644166181334384191e+00
2.119083791054498622e+00
2.008039193793774047e+00
2.152401711257232009e+00
1.224808537052050061e+00
1.514959104378870380e+00
1.761597737652368822e+00
1.237921779123705379e+00
1.381799390388195548e+00
2.539223563354986446e+00
1.202692055735988808e+00
3.297934414425532257e+00
2.463681134554727148e+00
2.159792934939938736e+00
2.113093181643847629e+00
9.405618668071871191e-01
1.970641416012519187e+00
4.236428797392383316e+00
1.371157321633577730e+00
1.710737452811072812e+00
1.971194908064690443e+00
1.487721284596709603e+00
1.523616620357082674e+00
1.931757133794850922e+00
1.824140369560377728e+00
3.056521218475391599e+00
2.238750908113947169e+00
1.933218601076823973e+00
2.441888117975805628e+00
1.386810328257712222e+00
1.426613580543563131e+00
3.220310717003561418e+00
1.496952403820366317e+00
2.334949758826483812e+00
4.632563998555504270e+00
2.498902857229170493e+00
4.328710714784032909e+00
1.882223517311596650e+00
1.413871782232277718e+00
1.716493584306559184e+00
2.289615374854442553e+00
1.242838175918837607e+00
1.565765011641514048e+00
1.558673730819018610e+00
2.089487940370745811e+00
1.719760658512621498e+00
1.671315238028879602e+00
3.548778981987782188e+00
2.671539427242382025e+00
1.347169957398847817e+00
2.104315613822817621e+00
1.475048515427940465e+00
2.451677570216008739e+00
1.867299124075955108e+00
2.923860168389217140e+00
2.097857384359823829e+00
1.812231408925499609e+00
1.610079785328635937e+00
2.116723442033910718e+00
2.183966938425442539e+00
2.270181685459897736e+00
1.725941386279812306e+00
2.420362500425558672e+00
2.227072616264785143e+00
2.060240010186635828e+00
1.644361231171278970e+00
1.856684825548093443e+00
2.477937494733542412e+00
2.311799275808964715e+00
2.057180318679705522e+00
1.694677948821125435e+00
1.802042091199662410e+00
2.861399294839876539e+00
2.493024045934177924e+00
2.944021706775744374e+00
1.779917951387076869e+00
2.121387569039423049e+00
1.300435643308649469e+00
2.086910448209641888e+00
1.182268215073429385e+00
2.946287477004664090e+00
8.974477240125553479e-01
2.720575849511620348e+00
2.931574096833931886e+00
1.729374501001387010e+00
2.288522860967358685e+00
1.537102529517279548e+00
1.925791832384442959e+00
1.617470077305454002e+00
8.398446901865210812e-01
2.029827488977055339e+00
2.996057440255544879e+00
1.352995459513291143e+00
1.712702197305019824e+00
1.716925449236260226e+00
2.299211884150816676e+00
2.024350394362556926e+00
1.459152483942650180e+00
2.639363303491089496e+00
2.287593882297985104e+00
3.236421605896012466e+00
2.884701869152289433e+00
5.051526394639478390e+00
1.772662761350418892e+00
2.178107653824102208e+00
3.182581526363678304e+00
1.762863285197730834e+00
1.688683535318656004e+00
1.895892116148895967e+00
1.525750012348042084e+00
1.056434326819974290e+00
1.909797740266690136e+00
2.002421655849067506e+00
2.356580012038637761e+00
1.429704083046384078e+00
1.789830923651211991e+00
1.505710363632537740e+00
2.743545795115811092e+00
2.795252034359708926e+00
2.147430801907042941e+00
1.238962390100829092e+00
1.193214628392396559e+00
1.976882654631654690e+00
1.806433769621756946e+00
3.331499204902937272e+00
1.535727824260509244e+00
1.587790519237741282e+00
2.217237518471126823e+00
2.364322387094675459e+00
2.078197286316663561e+00
2.215217777686385947e+00
2.052770922666944831e+00
1.942029543832046290e+00
3.009773629990558419e+00
3.157563880081444285e+00
1.657022963642038160e+00
1.082679800702959882e+00
1.111400740771121498e+00
2.435920877614473845e+00
1.702457095264358955e+00
1.972764130927050052e+00
1.930510274802090587e+00
2.668777132784789785e+00
2.901759502972258709e+00
1.356159763291549192e+00
2.242814057883621093e+00
2.151585605138095492e+00
1.640320679681711580e+00
1.892628978858154065e+00
1.771449924412542787e+00
2.395965941252314657e+00
2.587579411948063512e+00
1.919991197114645276e+00
1.582276877409989790e+00
2.102882455180931753e+00
2.048105298492726600e+00
2.454930671413912968e+00
3.309374815866511721e+00
1.804647968464367924e+00
1.280967066340034322e+00
2.552462040453475467e+00
2.445646832294050110e+00
1.609207165340426515e+00
1.619941517456286784e+00
1.816326576951848848e+00
1.748282248672781813e+00
1.987548176800484789e+00
1.680131646934609035e+00
2.865409364797950165e+00
2.278066678097479425e+00
1.446441170059438397e+00
2.282390829918939712e+00
1.389102426656209310e+00
2.650081193228698062e+00
1.118239100356952287e+00
1.577169958289253993e+00
1.967211304287060702e+00
2.222599995247922067e+00
1.481267544612572706e+00
2.498989789608267564e+00
2.652747603055610526e+00
2.789394335989918705e+00
3.300112971450418264e+00
1.759424768671944861e+00
1.564498253530832717e+00
1.821071605102891233e+00
1.520905129496626929e+00
1.443363974192861221e+00
1.912533856759109474e+00
2.834039406767970171e+00
3.110723075472274779e+00
2.872847531415979372e+00
1.883792058672519198e+00
2.581031897564301847e+00
4.109511100419637408e+00
1.575073733064269232e+00
1.365471130183313342e+00
1.731494539254512022e+00
2.043943184432581273e+00
1.591533593245200384e+00
1.254163650916725992e+00
2.084322919667177754e+00
1.941038761347437580e+00
1.691859466954459101e+00
2.721028927980405410e+00
1.510046105470547628e+00
3.816237218932580610e+00
1.419880497230855632e+00
1.774515413729867763e+00
2.004387463799877978e+00
1.434387973096725277e+00
2.469550003675891059e+00
1.800836229899406948e+00
1.344207062353390603e+00
2.717422273685414336e+00
2.005168714108205741e+00
2.685787524997765185e+00
2.607498348136164434e+00
8.296021729258811206e-01
2.698827076437582129e+00
1.106232081413817125e+00
1.349217896225808788e+00
4.081225054614272096e+00
2.244531507078088239e+00
1.603305566418350869e+00
1.511105698139723952e+00
2.219743554038037914e+00
3.047610603211103442e+00
1.667534115193790356e+00
2.686966764079361969e+00
1.135282447489455615e+00
1.751117851524769620e+00
2.784910888895717918e+00
9.025009739550383658e-01
2.055117899988784913e+00
5.481784967584149015e+00
1.712796502647292218e+00
3.063827090805533171e+00
2.310368586676146752e+00
1.921273002248332418e+00
2.475409077239848710e+00
1.432905198261693824e+00
2.114234900909437442e+00
1.763108392729679563e+00
3.109273635740497088e+00
2.356585752920525856e+00
1.991667389491832418e+00
1.855273859139058068e+00
2.212915739566828410e+00
2.307941371715850565e+00
9.262351154915395846e-01
2.951887907379806997e+00
1.461325840191653125e+00
1.827844391960691706e+00
1.848128694616859136e+00
1.530437430098892770e+00
1.745938604400554928e+00
2.052455428255521852e+00
1.742832884533446647e+00
1.692382691737958744e+00
1.718686170405620661e+00
3.075417705430230519e+00
1.869682089401852876e+00
2.964060494010028801e+00
3.515579081127188754e+00
1.220948193620055910e+00
1.729926175418339929e+00
1.845474882306833431e+00
1.753918491541741842e+00
1.550144128070323424e+00
1.564540405269164713e+00
1.224683459030263100e+00
2.354973460836612631e+00
2.010234207386728311e+00
2.428689137360989125e+00
2.073557600961742686e+00
1.050167156332058704e+00
3.513772641247075779e+00
1.395166954968679596e+00
2.548721586003107387e+00
1.445260690861885688e+00
2.846387702331591552e+00
1.391301230192537597e+00
1.863335829437940294e+00
2.488489666476248807e+00
1.129520174708607438e+00
1.965077177081262061e+00
2.858917589088470379e+00
2.237861207045452439e+00
2.040461922683707296e+00
3.349223815068170573e+00
2.507125537917132885e+00
2.397861785474304952e+00
1.113295484818658476e+00
2.802557098287756343e+00
2.343343235601824226e+00
1.450259554776325732e+00
1.361722252430739966e+00
2.989931392232242136e+00
2.232764570388234393e+00
1.670826611045532539e+00
1.751726988685476494e+00
4.190169337526035598e+00
2.541597595150901334e+00
2.541714979692515808e+00
1.621219609227898983e+00
1.352432834867235645e+00
1.141547860425725869e+00
1.259979458041830647e+00
1.680713512626119677e+00
2.561023630130942585e+00
1.365483077994839256e+00
1.921870921998099169e+00
2.997812614777060070e+00
2.426975375188358264e+00
1.516318240032270559e+00
3.053849886672207248e+00
1.272613158987532911e+00
1.301082315527591682e+00
2.178465426239350133e+00
3.968190785584758462e+00
1.813678839585078251e+00
1.758052574533092161e+00
1.593874928976410699e+00
2.150987848855524742e+00
4.340973204002327890e+00
1.670682234934233179e+00
2.962759138670930881e+00
2.720507924892433760e+00
1.613013753788856475e+00
1.160132300506163672e+00
9.999520104559463940e-01
2.015748477546722039e+00
1.824475834522392148e+00
1.828055625159654918e+00
1.211537085594103003e+00
1.506019681578797620e+00
1.316144241594945807e+00
1.771471624025277913e+00
2.400656815073458183e+00
1.574139648557399740e+00
1.256300885131254264e+00
2.894134487039743853e+00
3.537366529872994825e+00
1.753496877800197140e+00
2.467307399105284293e+00
1.394235320932984079e+00
1.322989593186690183e+00
2.480799875324223969e+00
1.907031897044188629e+00
1.450514306344420579e+00
1.548843596510583120e+00
1.954365120005385537e+00
2.780161546401975325e+00
2.701844759776662386e+00
4.612759376960466895e+00
1.750593324242183169e+00
1.965227270208726340e+00
1.811039614370782980e+00
2.525004182130017316e+00
1.363433965691380978e+00
2.948553255762384584e+00
2.224274921277721973e+00
1.180280533902390960e+00
1.026559041910947156e+00
1.545928565232576268e+00
2.298557162181035451e+00
2.300336798672981242e+00
1.941948247932003158e+00
1.031071150345499898e+00
1.928799943684793794e+00
2.437721912599671192e+00
1.608931573438074025e+00
2.160867914134303902e+00
2.316990572904543910e+00
2.672599834126502483e+00
2.462004241256165127e+00
1.553287112439427631e+00
1.375359454152630612e+00
2.088225013560877752e+00
2.934319135002994017e+00
1.849056847445313956e+00
1.249065085904492500e+00
1.998111473567367069e+00
1.521737793841546171e+00
1.415797931835757417e+00
1.833770443308187836e+00
1.969736043742176257e+00
2.320246942247566668e+00
2.188193314244914145e+00
1.917043853229759787e+00
1.558426423350109502e+00
1.626007949363597938e+00
2.058070767443716420e+00
3.167710807239433990e+00
3.169355471851623030e+00
1.256158890595334698e+00
3.168690722754202049e+00
3.843754377123700827e+00
1.786389399771873610e+00
2.370692275447721542e+00
1.202058667834561057e+00
2.317289765915582223e+00
3.234733436253421246e+00
3.531176620748022188e+00
2.342211343814967428e+00
1.613828934210705501e+00
1.618725328974857769e+00
1.270944902499950846e+00
2.266423101169042109e+00
1.438287529632112705e+00
2.175399673370331577e+00
2.161378013690900879e+00
1.273431967853444480e+00
2.453445743606498919e+00
1.503448379334878737e+00
2.296535747610878975e+00
2.571604085480994950e+00
2.146727829903201545e+00
1.173372371094366651e+00
2.186100084557177414e+00
2.580660296103955087e+00
1.400207538080516789e+00
2.529235603457156589e+00
1.298544597340523410e+00
1.853103492752026904e+00
1.428752793428898604e+00
2.042898600707805823e+00
1.684549116222626264e+00
2.274790507426733832e+00
2.832072143605912640e+00
1.258736042107237330e+00
1.817844525065769323e+00
2.627175918953592149e+00
1.709377046850227622e+00
1.534397077698224088e+00
2.770042071710125064e+00
1.643148635946001246e+00
2.053341433397116944e+00
1.706159485336317116e+00
2.806533943510894247e+00
2.271971871219022887e+00
2.936381842505932038e+00
3.201073889066822886e+00
2.531624176354356770e+00
1.460855821599597926e+00
1.900951554692981160e+00
2.014451666336322333e+00
2.184876956595372288e+00
3.048172203992866258e+00
1.512839687630080254e+00
2.218055867318036167e+00
1.771928866699133520e+00
2.618870216883947055e+00
2.524497408416185085e+00
2.866473212489292877e+00
3.680560957158239610e+00
1.473230568663803197e+00
2.308794657955530738e+00
2.034995874546410288e+00
1.555956486224413959e+00
3.017448222813638115e+00
2.138993748082962387e+00
1.358341798987545923e+00
2.465871466012607094e+00
2.118743072325456556e+00
1.898471315021481365e+00
1.610457718120593462e+00
1.681307977780188034e+00
1.408230948328267118e+00
2.255003169857333845e+00
2.335035281175898980e+00
1.648725752598960259e+00
2.172064952143969663e+00
1.355760995644050615e+00
1.883325288822488730e+00
1.679901052067272582e+00
1.394606859877460137e+00
1.356830163901834529e+00
1.893978647329774168e+00
2.768352479305019820e+00
1.090522604621323888e+00
2.820157048536970024e+00
2.792438288846550876e+00
1.769323133970989836e+00
2.109012979335037397e+00
1.511613725985834655e+00
1.708089850238702301e+00
2.723338556173352742e+00
1.820519647420916209e+00
1.835535655375169162e+00
3.222129563105737393e+00
1.693785109333062033e+00
1.890282905794061330e+00
1.605735178913949568e+00
1.159787837832146895e+00
1.977131635513380337e+00
2.410269561326384480e+00
1.335044816964683356e+00
1.546898040155648246e+00
1.481001340364655805e+00
2.491041994014413508e+00
2.594662475842916649e+00
2.199222695377277326e+00
2.367068132354024801e+00
1.451275758233173230e+00
2.862547516864642816e+00
1.650397522884410995e+00
1.917172687907783279e+00
1.600306170620014790e+00
3.230259045016545372e+00
2.782289593049678711e+00
1.582428477503340591e+00
1.494750772851890508e+00
2.113948158321310444e+00
2.173660694551708517e+00
1.403026202918040921e+00
1.438165949403925392e+00
1.775279263487898884e+00
2.571096654256219249e+00
1.831855635247990666e+00
1.745059806527464508e+00
2.388441738204200249e+00
2.148813525582907058e+00
1.821683205849514042e+00
2.769625732603245183e+00
2.394728037893588901e+00
3.986300543864493395e+00
1.217503385949242123e+00
1.595587353278403731e+00
1.477783385392100968e+00
1.520245194526514521e+00
2.188336667376414191e+00
2.354223981538171362e+00
3.800597796811619578e+00
2.177710030450817236e+00
1.469418587394096587e+00
7.083430561971262307e-01
1.599568755825343080e+00
3.472220035245113579e+00
1.555327746940189604e+00
3.536725639928023135e+00
2.027751490776773302e+00
1.172076740541413420e+00
4.782164784973073068e+00
1.219038111234005406e+00
1.935867268435337296e+00
1.361266425393158341e+00
2.144311889067808785e+00
1.477612069074891510e+00
2.051789392522934019e+00
2.083501104289967376e+00
2.115669899528125342e+00
1.694239018120117235e+00
1.553337459932716991e+00
1.927677036164397562e+00
1.908028987751129391e+00
1.283148220553837593e+00
3.422243258717876380e+00
2.235796718286625850e+00
1.439888716664761148e+00
3.293354325162346274e+00
1.452530131870308994e+00
2.951003829762922415e+00
1.586542273791898827e+00
1.281965093573313341e+00
9.795229180888566090e-01
2.109881715786186884e+00
3.027475179769581359e+00
3.558860042787973299e+00
1.630602153573951441e+00
2.294868836393611833e+00
1.288595615165772923e+00
1.431704243674728261e+00
2.540674128865032522e+00
2.248860227237674980e+00
1.901929547858840497e+00
1.768409239483969886e+00
1.891275324471570540e+00
1.681825685275266213e+00
2.475519176598571569e+00
3.193880747377121132e+00
2.477034966366112645e+00
2.343745405973704177e+00
1.780524195044770774e+00
1.943142879281919866e+00
2.380647501391023546e+00
1.794894417008459753e+00
1.694653051699607449e+00
2.004384223902174522e+00
1.373610839867248634e+00
1.893131810836800044e+00
1.995391513155387431e+00
1.857649562768511897e+00
1.388894085998700234e+00
2.533854702294043637e+00
1.980086274598952256e+00
1.414994052304010097e+00
2.199409914396992516e+00
1.351256145531051223e+00
2.801712339685654918e+00
2.823128870373890820e+00
2.046100150450412603e+00
2.100538578115399790e+00
1.827560775035834251e+00
2.285388723211738693e+00
4.239512832139865850e+00
1.822386692718850565e+00
1.569030740519321787e+00
1.875555841017997549e+00
2.266720726643387529e+00
2.227558907288167855e+00
1.421972454938464026e+00
1.550007148790191636e+00
3.174927604285586291e+00
1.701705781640877158e+00
1.206680205414947471e+00
1.564337031288637547e+00
3.087832295736779642e+00
4.069613254245444622e+00
2.004167520775512745e+00
9.062819240313852998e-01
1.405289696328128057e+00
1.380827579967917496e+00
2.400153854945537457e+00
1.484104256716140435e+00
3.885132739473659669e+00
2.030766049303311949e+00
1.518681209342549021e+00
1.635693878608860397e+00
1.986917351458530323e+00
2.183069151627578641e+00
3.371522484310342627e+00
1.815620370695539387e+00
2.742082619878982275e+00
1.773194416130776663e+00
1.540519728979775849e+00
1.601797358024147355e+00
1.846979550778329537e+00
3.390620778776747279e+00
3.679081204158442642e+00
9.432372060258792379e-01
1.546282196381640883e+00
2.007431807917223310e+00
1.950273085821190966e+00
1.664819159781804281e+00
1.323116325674174920e+00
1.472248689422975154e+00
2.125358050270548915e+00
2.315245262073300836e+00
1.825938881608425435e+00
2.645861136707240213e+00
1.587709333120188582e+00
1.670018110865842065e+00
1.547619703856803808e+00
1.186628203069437060e+00
1.156324892153371087e+00
1.432982992354303375e+00
2.823492499084264029e+00
1.820704997854351248e+00
1.008478000850598688e+00
1.334558920373876134e+00
1.347677334827656503e+00
1.351477061290855541e+00
1.150911298946895922e+00
3.702240178118661351e+00
2.098704861652695097e+00
1.435872907471761550e+00
2.941013383157208505e+00
3.843239536970392667e+00
1.268459536306728141e+00
1.530520752729797040e+00
3.343235583428471713e+00
1.151629641521327851e+00
1.253306486170510547e+00
1.297865572018559455e+00
3.039250443141208624e+00
1.607050181031975056e+00
1.637401007146333409e+00
2.023208392731729255e+00
1.567161247947780778e+00
1.618930771989067985e+00
2.352499042421643871e+00
2.238058736173990315e+00
1.774711439899470999e+00
2.287678527055762689e+00
2.054658701676961297e+00
2.508006091655224701e+00
1.938201187447013973e+00
1.419354642813985601e+00
1.752084443357020183e+00
1.713029578620320681e+00
1.931739844253378191e+00
1.807060312869142704e+00
1.885541888153302148e+00
2.312458987387231435e+00
2.895428879619418527e+00
2.103019934191834306e+00
1.102350548044242373e+00
1.629579043456550025e+00
1.584347519635114887e+00
1.535860176004482103e+00
2.500591681250689202e+00
1.736954216228944858e+00
1.890020625614544425e+00
1.278440039593977451e+00
1.858274794800757856e+00
3.026835390741017928e+00
1.839086693698908537e+00
1.687131404948442048e+00
1.441943095510786810e+00
4.327352349253163588e+00
1.409004514854418577e+00
1.735450347288400641e+00
1.214050788675876236e+00
1.688949294610984975e+00
1.884489203126001211e+00
4.006067980309677701e+00
1.692107795270858306e+00
2.212618547115165146e+00
1.306977099738772186e+00
1.605180864431188015e+00
2.261754939493018313e+00
2.368105776270756913e+00
2.395899369804344925e+00
2.203145455483018988e+00
2.506117236233575518e+00
2.381217667993447584e+00
2.487895278465191762e+00
1.221093656913187608e+00
1.718574476352251912e+00
1.438121186910029881e+00
2.092704229295691665e+00
2.088211061862345730e+00
1.596519317427243401e+00
2.287421164150279740e+00
1.684192728114568549e+00
1.271752100789189877e+00
2.787282648875877289e+00
2.773724027553450266e+00
2.376946851519347703e+00
1.824207766045225609e+00
3.430693722374166921e+00
1.521159754064185687e+00
3.686994541750661991e+00
2.081019473057526881e+00
2.246468395403583784e+00
1.535221174868827143e+00
2.038334411210036556e+00
2.926140350803100088e+00
3.669840927367910233e+00
1.105744431385174975e+00
2.498453780589251050e+00
2.502713762193754299e+00
2.014073815000561041e+00
1.999928086775834446e+00
1.640412802440484485e+00
1.203912401902665241e+00
1.912232734064993833e+00
1.397834564328336970e+00
1.773128027087671921e+00
1.279944383372115579e+00
2.352468471260418692e+00
1.289034539539015034e+00
1.650679229309492513e+00
1.422429620299836550e+00
2.095172377932662311e+00
2.245517578560687788e+00
2.879720967630103434e+00
1.669174974544735734e+00
2.861217169957356088e+00
1.941664272821017612e+00
2.279079436211947751e+00
3.908114933126757951e+00
1.039056845458998124e+00
3.411634035236752016e+00
1.834989848715225857e+00
1.365170981051592403e+00
3.870980525571557695e+00
1.362480704126755704e+00
2.339349057468444570e+00
1.595223017876537419e+00
1.280198236593285799e+00
1.420417363220387807e+00
1.563822619056199903e+00
1.663630701350854890e+00
2.885831114045538381e+00
2.217354968678089566e+00
1.851802012953930543e+00
1.840885672948650020e+00
2.515297346856842697e+00
2.665476137559608993e+00
1.403245449054483673e+00
1.891020220748398817e+00
1.838991420468661708e+00
1.359699355070448146e+00
1.484965060329423325e+00
2.065696922652188849e+00
1.896727365458794168e+00
1.826343057566173433e+00
2.185342807476420290e+00
2.689090868647728616e+00
2.064859934385597562e+00
1.545031579460193649e+00
1.802890723897538239e+00
3.022879780233498348e+00
1.742058784270576144e+00
1.450534106988890626e+00
1.473233174989079686e+00
1.527305349394400658e+00
1.241779910751561911e+00
1.817159125194578673e+00
1.518880110110764070e+00
1.697657848320245355e+00
2.136594821107670850e+00
2.567175594439234043e+00
1.607297196360660374e+00
2.713920151951610293e+00
2.019933326148653840e+00
2.157362055357813002e+00
3.042835704731354785e+00
1.794013984440414378e+00
1.709083300797071603e+00
3.061029098498219803e+00
4.148300619074269946e+00
3.435181357299598393e+00
1.984909774337320965e+00
2.374903053422649180e+00
2.858445773732669615e+00
2.162707898663646322e+00
2.205967249876800818e+00
1.579767721346051923e+00
1.186248853508052870e+00
1.245951219321458137e+00
1.701364369195084159e+00
1.438296245402609808e+00
1.850379262254645107e+00
1.835430150298662300e+00
1.262755741192090220e+00
2.480791594558310553e+00
1.853866283099305790e+00
1.790076544192289010e+00
1.549457871200028425e+00
1.509851038457694417e+00
1.234426632947825730e+00
2.087464934127584826e+00
1.726764173845620975e+00
1.778983266815383102e+00
1.758382765239134171e+00
1.701565526334012146e+00
1.493546018013328425e+00
2.025062224188927118e+00
1.484225340401741144e+00
2.002187140466862303e+00
1.384846924132536294e+00
2.256804904845944204e+00
1.785161919825213106e+00
1.380693931115755557e+00
7.929018163803702723e-01
1.528194336991576030e+00
1.780156605625274668e+00
1.618364248853606302e+00
1.484378656864496326e+00
1.079224190522311666e+00
9.823330443172068049e-01
1.767560313837413632e+00
2.217863519639229342e+00
1.620590631293489459e+00
1.901332935436402805e+00
1.390905955165720131e+00
1.256278967894723264e+00
2.083928008944663457e+00
2.146690886526862130e+00
1.483886818962816712e+00
1.710623366826055092e+00
1.159265374742427746e+00
1.961130164230899808e+00
2.285764418906208295e+00
1.401519026426922832e+00
2.243089462042106241e+00
1.958776229588837570e+00
2.084251381715045426e+00
1.916047874441107135e+00
1.620971865009841917e+00
2.265101222308475659e+00
2.145204977513046618e+00
2.175908901040372267e+00
2.312314742695058989e+00
1.867941169579425020e+00
1.810797194861949677e+00
2.535407471260421097e+00
1.438894861192064001e+00
1.865678567931190912e+00
2.587369189288272864e+00
2.080053592568629650e+00
2.473819742769545638e+00
1.381455995677009829e+00
1.219743809411572899e+00
2.297598873787389362e+00
2.557159028352767649e+00
1.398804173270097984e+00
1.736223253823025336e+00
1.711655818398546192e+00
2.944191267192849626e+00
1.553084861391725413e+00
3.698633096211640936e+00
2.430800882675352881e+00
1.487370765529553385e+00
3.294393943783348710e+00
2.055565432524070868e+00
1.450988083443716548e+00
1.923239431417957723e+00
1.634231592956469692e+00
1.869867111695137973e+00
1.792271835861429574e+00
1.162911402175457187e+00
2.388620250657736754e+00
1.482612474293717231e+00
1.110779892477358421e+00
2.270353998854331756e+00
1.951938786760311517e+00
1.948827114957906170e+00
2.909888766852675612e+00
1.733031981258929211e+00
1.245541710078683195e+00
1.887834730625176372e+00
1.840820448726967928e+00
1.629237840134953208e+00
1.876993710382748315e+00
2.171678259135452205e+00
1.396145861216120609e+00
2.432661413017189744e+00
2.030040183763141659e+00
1.363765148149414186e+00
2.073766511279770963e+00
1.327601392193956675e+00
1.764705363009333450e+00
1.197443911584342713e+00
3.097339004604329205e+00
1.999726496335900050e+00
1.173072737035475210e+00
2.589043364689558757e+00
1.519247914333405447e+00
1.912619125075518012e+00
2.275767968643210626e+00
2.080788459609298702e+00
1.869314877017182797e+00
1.178370227150611127e+00
2.071677836363874814e+00
1.310087123046925983e+00
1.412942295904002998e+00
1.834057852325603033e+00
1.631245283936106460e+00
1.743931490153743047e+00
1.768532514250873433e+00
1.673226726381461749e+00
1.619219304243395552e+00
3.108556633721716977e+00
1.896064017608122487e+00
1.435798973466018147e+00
1.609099254013059976e+00
1.585111959584869057e+00
1.677069806415520725e+00
2.565605685273999015e+00
2.016016231802506553e+00
1.793188113798744654e+00
1.740972537781203533e+00
9.218918805300332364e-01
2.336556969248640758e+00
2.794772477191549420e+00
3.243972443605342093e+00
1.626118153359408014e+00
1.662213149915946264e+00
2.400056619446271799e+00
1.309646447767417898e+00
2.185317270159178094e+00
2.562403149636843125e+00
2.364189937134837383e+00
1.958924124093832875e+00
1.915431698869989763e+00
1.655378979550620855e+00
