1.338031927525403786e+00
1.768020568649993907e+00
1.703152728918321035e+00
1.404541108206807998e+00
1.622489090425143221e+00
1.745080135199925442e+00
1.635550495071850685e+00
1.845463397294708541e+00
1.379159285226322362e+00
2.443666870791028067e+00
1.735668135923277955e+00
1.762882771809253235e+00
1.305060254791947871e+00
1.859182010244347927e+00
1.709435985224657673e+00
1.567820323532070237e+00
1.799564824651165074e+00
1.876652338039255019e+00
1.497573622255324421e+00
1.584956275422646943e+00
2.062370851099611713e+00
1.422911563319495309e+00
1.273840225918148938e+00
1.410701534025782244e+00
1.936671858645032662e+00
2.017701912387482199e+00
2.911107395924639185e+00
2.028267275080278598e+00
1.430976510863857687e+00
1.787881007395435873e+00
2.206754119133872205e+00
1.642601981066731387e+00
1.611236204051351706e+00
1.309212122318614169e+00
1.436706391046260523e+00
1.976014007746754952e+00
1.293111127138690364e+00
1.326592907864538651e+00
1.840592109541489441e+00
2.303205280308551206e+00
1.916400218389733956e+00
1.872258069575187811e+00
1.206077755310012378e+00
1.539153765457802248e+00
1.378488058394114590e+00
1.966139054006935449e+00
1.906282242859381304e+00
1.841647824349165852e+00
1.381711781926684646e+00
2.304818020912238197e+00
2.004074585163317046e+00
1.056664529931042207e+00
1.333656910373681503e+00
1.756660700499360850e+00
1.481290697743134377e+00
1.450764538749692800e+00
1.319107798281276667e+00
1.864815264944729378e+00
1.741830085336610656e+00
1.478197412150123569e+00
1.527984924765297237e+00
1.923418915233189530e+00
1.758087603817635847e+00
1.510601685252257020e+00
2.110781487314086657e+00
1.637523007295518696e+00
2.292312290037559652e+00
1.948076575776642283e+00
2.020261419411286230e+00
2.009061221250828311e+00
1.548693260676767602e+00
3.142990965455068508e+00
1.924114762243900545e+00
1.623801434106104669e+00
1.721911490162950420e+00
1.510643876249425421e+00
2.376902835671440783e+00
2.348787966348215850e+00
1.502431803103100094e+00
1.713206453712735167e+00
2.041897680063851528e+00
2.108098850810022018e+00
2.112398789706912527e+00
1.664963794783541839e+00
1.510243175237160118e+00
1.835503290958037548e+00
1.633794019564540845e+00
2.329002738736481781e+00
1.360848653194270508e+00
1.780193651636728935e+00
1.656233482070694762e+00
1.630847436997168831e+00
1.973159302904674783e+00
1.617597667338859457e+00
1.960131296910141652e+00
1.980752890949451395e+00
1.955279563516286956e+00
1.771622159223028792e+00
2.154141378148614283e+00
2.223866331565049759e+00
1.229042806763626761e+00
1.469320248634846671e+00
1.263568404322573668e+00
1.283939322999607224e+00
1.268607690613990702e+00
2.075786197138330458e+00
1.432933737555653897e+00
1.531379112240618179e+00
1.443049770602285564e+00
1.602440875911603779e+00
1.484066214401140504e+00
1.466840996579378276e+00
1.866925352947594430e+00
1.481044604913280827e+00
1.262447699920469679e+00
1.594735395243133791e+00
2.115847817309074230e+00
1.808596487131513886e+00
1.904884218773615245e+00
1.112470621410500016e+00
1.664859590216249297e+00
2.357368543568368224e+00
1.481637174087905739e+00
1.717536688796409416e+00
1.531100722117002544e+00
1.862894559371352621e+00
1.552849908205682139e+00
1.718497795495294245e+00
1.737262688908206121e+00
1.714567357980013362e+00
1.885382335246843510e+00
1.233660077616898887e+00
1.613091042834050137e+00
1.314467174686542394e+00
1.174638981120831760e+00
2.082162693644640683e+00
1.541856901189233797e+00
1.584965278870801297e+00
2.018890856709661730e+00
2.134970128305293979e+00
1.632960294935592360e+00
1.638739675485642033e+00
1.473706963762619893e+00
1.456975420374955421e+00
2.500151940535380035e+00
1.692102323438948286e+00
1.621918585544324998e+00
1.403604614211728885e+00
1.891868435681103744e+00
1.547315773782810933e+00
1.471223825741885483e+00
1.762929923586642689e+00
1.204791596993520120e+00
1.824135686222721153e+00
1.602849218637045769e+00
1.617231324501052780e+00
1.375070365353987745e+00
1.369374627413313839e+00
1.311033340277502068e+00
1.574387049185814735e+00
1.638551556708547352e+00
1.822704623689180403e+00
1.767041882127443841e+00
1.411468365879987807e+00
2.326714387473495904e+00
1.653490677742908588e+00
2.002586412901133706e+00
1.718818106186462469e+00
1.646730282248405119e+00
1.727363404215272569e+00
1.196524244694172401e+00
1.298908430917920631e+00
1.660844066126314633e+00
1.251390421535899078e+00
1.351312831669694070e+00
1.911391094393873225e+00
1.417431009104880069e+00
2.028001967763495728e+00
1.904113871464765184e+00
1.733883052227611854e+00
1.512007352336879329e+00
2.038126590529937943e+00
1.375169213357653852e+00
2.035641395687777244e+00
1.523282476852950484e+00
1.412897588693348361e+00
1.836415383921056854e+00
1.312143226402158191e+00
1.749728440842344801e+00
1.938413858551541802e+00
2.059938286392537510e+00
1.930920880144319618e+00
1.648736701788780401e+00
1.814091750337226916e+00
2.011326196638848263e+00
1.781551553485852146e+00
1.292395434338187599e+00
1.545330079128603096e+00
1.759760032439593225e+00
2.036545118205959071e+00
1.418098565595594440e+00
2.019028570705532211e+00
2.370437567917354826e+00
1.399951693645538287e+00
1.499117498379664015e+00
1.464697826043848128e+00
2.023439173712568984e+00
1.454714349525627615e+00
1.488767292647291018e+00
1.692716629482666324e+00
1.603521732212522810e+00
2.709132511972379476e+00
2.130881703064889887e+00
1.962979201118163708e+00
1.763408517023202782e+00
1.236045882064711332e+00
1.378071962527350314e+00
1.523793854012454263e+00
1.362327956595600575e+00
2.320500609339316789e+00
1.441578323159925734e+00
1.942863062986309064e+00
2.074661910772527929e+00
1.361559564900793662e+00
1.637368395605946159e+00
1.229679093356396136e+00
1.822121873878641551e+00
1.555014424754169733e+00
1.855773257053475289e+00
2.192507649571049377e+00
1.462153432797203889e+00
2.111849204239517608e+00
1.534568234258044894e+00
2.156763615766243092e+00
1.912843475966149676e+00
2.332680496710017870e+00
1.653283050944214683e+00
1.526871746197955293e+00
1.447177091847948738e+00
2.192965204294715864e+00
1.861800002839430368e+00
1.408968248806000467e+00
1.617546390885147956e+00
2.472721774656307936e+00
1.772317270995475758e+00
1.711668330964284168e+00
1.672115626890231965e+00
1.290120980492267977e+00
1.551070439662282308e+00
2.182058129074683439e+00
2.453204452769877530e+00
1.762167515118323147e+00
1.232404935634638043e+00
1.929680277892853235e+00
1.397910898452744410e+00
1.272054816841345914e+00
1.522852238363530786e+00
1.540871160401923845e+00
1.783275282714283705e+00
1.313283357268947737e+00
1.903114671319694695e+00
1.999118535160150145e+00
2.232812195123164756e+00
1.546604246927018700e+00
1.771791585455454010e+00
1.806462717435351806e+00
1.731552640775281260e+00
1.845895517136477926e+00
2.572281606358482353e+00
1.592277699422517179e+00
2.115249895600391117e+00
1.561203610717300627e+00
1.868932032832400392e+00
1.772122264708820172e+00
2.004033995645098543e+00
2.445738747250167044e+00
1.627630754992398510e+00
1.502126173055718938e+00
1.945926799176830535e+00
1.300585317847393840e+00
1.716987871467295479e+00
1.718939021348407259e+00
2.259244752876896190e+00
1.664425180938901239e+00
1.635646242917073279e+00
1.420584810857923763e+00
1.979697632044871369e+00
1.302066564933502812e+00
1.536963096881207136e+00
1.550409092021462820e+00
2.142410334797075766e+00
1.469424904965846768e+00
1.492976365756793600e+00
2.363233741419998424e+00
2.040660184379710973e+00
1.144085906675736064e+00
1.509623254953397442e+00
1.579509510053974664e+00
1.337225129890214248e+00
1.375086991715811280e+00
2.242093758329896769e+00
1.654927166721246623e+00
1.410964025576422864e+00
1.335491704262323553e+00
1.901492503729660832e+00
1.511602502797128933e+00
1.657106470187847735e+00
1.803809831313495593e+00
1.708584483955068123e+00
1.767132482610080046e+00
1.652693177126353330e+00
2.010778881005494512e+00
1.779703898549894081e+00
1.660671127593116747e+00
1.998317442963053692e+00
2.128132112440440871e+00
1.568509267092523141e+00
1.649281387365383544e+00
1.364508137649793396e+00
1.672767544725396238e+00
1.641499426104883641e+00
1.251005392727706944e+00
1.470827171470025174e+00
1.743203454792340290e+00
2.179221559859516599e+00
1.306310620285757951e+00
1.822821744031759117e+00
2.089204792197809635e+00
1.871308800823508589e+00
1.629754822517868629e+00
2.119186180417128362e+00
1.692095692901427695e+00
1.642116280903461067e+00
1.450135578897409960e+00
1.159276763025856249e+00
2.164374178668749149e+00
1.832044243696475672e+00
2.101118661445983360e+00
1.525416860078403269e+00
1.712515834419565453e+00
1.379005232455506214e+00
1.611733155615091562e+00
1.843768721513849629e+00
1.552873180382316143e+00
1.505875473772202433e+00
1.656121451774912989e+00
1.796345414320523304e+00
1.661728506053175902e+00
1.823871692425161006e+00
2.217501719138841754e+00
1.271007467573771699e+00
1.681679101120656217e+00
1.541074369053320625e+00
1.702448638806492109e+00
1.360946972970244362e+00
1.452346660554881375e+00
2.906182277848378792e+00
1.935599785225067482e+00
1.793878733157537875e+00
1.852715559102935394e+00
1.609600980299142670e+00
1.801980670553298580e+00
1.237726631584695980e+00
1.519197600225231426e+00
1.692940101395733921e+00
1.667494815240829764e+00
1.739034531924016358e+00
1.815778299394108064e+00
1.718583066791963931e+00
1.603107465315089630e+00
1.282303912418337299e+00
1.769160423597095910e+00
1.304419085286902202e+00
1.881344499810355675e+00
1.647492918348869129e+00
1.548198182316210758e+00
1.357082481429998433e+00
1.622886336735912316e+00
1.521089011115027478e+00
1.755663549652548117e+00
1.520816385609941701e+00
1.919712196948525573e+00
1.876314573789437112e+00
1.622176851504245620e+00
1.895457401200450365e+00
1.578678516675610544e+00
1.532852524742531974e+00
2.381576391171239315e+00
1.797973305506178177e+00
1.570486491416769104e+00
2.078720879315645309e+00
1.718617488135607330e+00
1.523443062262036518e+00
1.588058784262041279e+00
2.156516009259948685e+00
1.612480875755027077e+00
1.575688802993759685e+00
1.605695969780849053e+00
1.810185686800263483e+00
1.343959181220115262e+00
1.927681947673683061e+00
1.452657446799483054e+00
1.925723155879838888e+00
2.108421202113673676e+00
2.457497462629983698e+00
3.055757172408988698e+00
1.174576086074407444e+00
1.631685516608707198e+00
1.265303653017805008e+00
1.469669517634622835e+00
1.826600775813313371e+00
2.036739527908466130e+00
2.018358617292522084e+00
2.160993327754817006e+00
1.359094845736219970e+00
1.580734820085593739e+00
1.343804034022420213e+00
2.074135286297657643e+00
1.079774184469702858e+00
2.254562924868793061e+00
2.591675317984638571e+00
1.892815176251695153e+00
1.644174451130778758e+00
2.291448182214826268e+00
2.005015282225411255e+00
1.548065268768554992e+00
1.469920467180325430e+00
2.415180899599975728e+00
2.275916910470606513e+00
1.905952749867233287e+00
1.385224180674353267e+00
2.293770917150571353e+00
1.327405510977367253e+00
1.649180335839097733e+00
1.269117451973877264e+00
1.648800372482452481e+00
1.759251917178733304e+00
2.208569837581767281e+00
1.415583582299796195e+00
1.647435892309406569e+00
2.519219853498290806e+00
2.096999736313223117e+00
2.076549243823610613e+00
2.208382071920924172e+00
1.128011157322198477e+00
1.533365585598108316e+00
1.504568807175356682e+00
1.827438785533263443e+00
2.100561638537854936e+00
1.619966645492839419e+00
1.551222105088245318e+00
1.613372103933243373e+00
1.368281288821522779e+00
1.304126197264851683e+00
1.653492344928454649e+00
1.544404560665466386e+00
1.802087142929581942e+00
2.110669921366674640e+00
1.801012829733992682e+00
2.238170675240235497e+00
1.584528567569758684e+00
1.461688698428277755e+00
1.639721467514880127e+00
1.446042762266946946e+00
1.916304636565576924e+00
1.571628569365181471e+00
2.323790002473067773e+00
1.322978629089989200e+00
1.804146373159901007e+00
1.464688056779255287e+00
1.962357181419594143e+00
1.997994580544255383e+00
1.514831265237826852e+00
1.778029714326209154e+00
2.217992322900600222e+00
1.962011323282123909e+00
1.345522235409330136e+00
2.621248422824316915e+00
1.661075126673899449e+00
1.793242365513628700e+00
1.692013094280636842e+00
1.665055783390757549e+00
1.761777665422201045e+00
2.518862374033075557e+00
2.062042602722370610e+00
1.382620852194542671e+00
1.556731682777029890e+00
1.313055751095161927e+00
1.396090453922946173e+00
1.499881659810664347e+00
2.159535075237902113e+00
1.967390921637069523e+00
2.081207003287440571e+00
1.318749134317400706e+00
1.975938876301774449e+00
1.768552678123277433e+00
1.861645338369465330e+00
1.828430178471058376e+00
1.876618243962145716e+00
1.447441819357582204e+00
1.584670379927473949e+00
2.107625599033180031e+00
1.640451818197159017e+00
1.943725685071267639e+00
1.470192442805430266e+00
3.025886573588596029e+00
1.325990693499671691e+00
1.761797426347892381e+00
1.472544432901694123e+00
1.242109424681499652e+00
1.714052485177141705e+00
1.733371959234562221e+00
1.878756219139789296e+00
1.833854568529886819e+00
1.505734865111191922e+00
1.851800751892184627e+00
1.750811973772667507e+00
1.435742933866270388e+00
2.159127091646987573e+00
1.420005711882311505e+00
2.038416598736890961e+00
1.408704849188094910e+00
2.171748191099814651e+00
1.676805663412773262e+00
1.293943070280832330e+00
1.617643270445569659e+00
1.244192570309153867e+00
1.614051665151665649e+00
2.690580246731216540e+00
1.840775663043324517e+00
1.575050131349669202e+00
1.913015358413882483e+00
1.671652212362104928e+00
1.829816349773150108e+00
1.325289694179514033e+00
1.468903506236706846e+00
1.369619200926458946e+00
1.977846829105600612e+00
1.688159703468445016e+00
1.492658324090162525e+00
1.471353112713628120e+00
1.687604397407434620e+00
1.682231568739756433e+00
1.631503033412016856e+00
2.005331854638477296e+00
1.878026980891649655e+00
1.902166156839126376e+00
1.394415656434782935e+00
1.830550342624684745e+00
2.077861783514495020e+00
1.245133656078906581e+00
1.538421839662858392e+00
2.658069873132796079e+00
1.761389275995485892e+00
1.858680739325996534e+00
2.187503789274749977e+00
1.523349945479475442e+00
2.059850778334200605e+00
1.265941573996722136e+00
1.786267178521620869e+00
2.050713414513757993e+00
1.239779200647790125e+00
1.261680560886705882e+00
1.519383082659861106e+00
1.579628065929979286e+00
1.719385998340840604e+00
2.281201423599628964e+00
2.463336619865027721e+00
1.308506599631493517e+00
2.061870002607596675e+00
2.444170496982482899e+00
1.853766971599410285e+00
1.949213741375346975e+00
2.216704872538389548e+00
1.801690370049635392e+00
1.249148311184878457e+00
1.697669715993080253e+00
1.651441795153011149e+00
2.057784743373287650e+00
1.610698728552323988e+00
1.405061355094332720e+00
1.465979783149250704e+00
2.127157723043786586e+00
1.386462553652997531e+00
1.654365445731553308e+00
1.737263511833973428e+00
1.443608155092149348e+00
2.059203283542139218e+00
1.412889104431721332e+00
1.423445944154930309e+00
1.995294010429053966e+00
1.722410951982951577e+00
1.794195370285196267e+00
1.410982616400109579e+00
1.289756179075506548e+00
2.297808187592769169e+00
1.486287751315118255e+00
2.061129246235916757e+00
1.296926747450921402e+00
1.840602727564649488e+00
1.141279154294398523e+00
1.366663750481996509e+00
1.731671579405994477e+00
1.965528684471966159e+00
2.084537762155971308e+00
1.348920629809512883e+00
2.364061486779101884e+00
1.805604879432607390e+00
2.366298431548174097e+00
1.738028772294242019e+00
1.668798817345388930e+00
1.847265465403127083e+00
1.660878040092233610e+00
1.371588046561934782e+00
2.144675615275197789e+00
1.741445281505944243e+00
2.013498562532676672e+00
1.514328838269736188e+00
2.249284147633744180e+00
1.730036764683555495e+00
1.641460978200414811e+00
1.127953883865336682e+00
1.646068908885398585e+00
1.761964126221951199e+00
1.807269567749304917e+00
1.694380112378623515e+00
1.496114534350872827e+00
2.286428539696085060e+00
1.623357141034832418e+00
1.784542844931264138e+00
1.993412831046250888e+00
1.308116593503406699e+00
2.057373897347671843e+00
1.541465047250618392e+00
1.233178274206842895e+00
1.404109471866076042e+00
2.073702624314595067e+00
1.980416352958515258e+00
1.508207023807244695e+00
2.413269709668955709e+00
1.403888380020848148e+00
1.658921391850685767e+00
1.488594722512152524e+00
1.912798518420679716e+00
1.282978796802213273e+00
1.464251979417627858e+00
1.517068220387957300e+00
2.096288799919837853e+00
1.520423303390598280e+00
1.410781767919738749e+00
1.718351218137321501e+00
1.494605665010167561e+00
1.614991573908487466e+00
1.751764132401896878e+00
2.121224342764637338e+00
1.897360214189349303e+00
1.500051608376839818e+00
2.147311857698668280e+00
1.713953228213778379e+00
1.958850938514249185e+00
2.013020031422659617e+00
1.843988625267186210e+00
2.038594913952481047e+00
1.288377784973248508e+00
1.604795216635746424e+00
1.546157785109407712e+00
1.572088073799087882e+00
1.580509091965366819e+00
1.565891179639230968e+00
1.538167501658857850e+00
1.786210293872989796e+00
1.707930172778506339e+00
1.405733600610500567e+00
1.716585826010657900e+00
2.323586556451372687e+00
1.650362080422876021e+00
2.122370004329940496e+00
2.040235866532697173e+00
2.184317945197123745e+00
2.214610022204182904e+00
1.872657596431847704e+00
1.285718317953689738e+00
1.814752597441279258e+00
1.642901789282192659e+00
1.853052466855169111e+00
1.863003564729906802e+00
1.514396974967981979e+00
1.953911793274613062e+00
1.271090799582781372e+00
2.050525062874582805e+00
1.669758384290008779e+00
1.507015361293085220e+00
1.901177182112693931e+00
2.069913507797214614e+00
1.467533898258003067e+00
1.872752647902412804e+00
1.414416392260916755e+00
1.593433991827226004e+00
1.513162500922806908e+00
1.433331322038082334e+00
1.643533507762311885e+00
2.100800647525552733e+00
1.237422266315817865e+00
2.411608885092912047e+00
1.237249776155678660e+00
1.323802370194337330e+00
1.258888917736417312e+00
1.657217048197624720e+00
2.011257601764488090e+00
1.932152753350385943e+00
2.239555791137533891e+00
1.448587516349249649e+00
2.493122065550905653e+00
1.147981219195651548e+00
1.355390146222942072e+00
1.519299164164828131e+00
1.314561102447436847e+00
1.245335562629557247e+00
1.769806862794859104e+00
1.626122919792600374e+00
1.687093881093730374e+00
1.531422660720519691e+00
1.413477828325255592e+00
1.777049165807819575e+00
1.934042125467409612e+00
1.465598003441356711e+00
2.525923413016954555e+00
1.980094936569546826e+00
2.060394608339966460e+00
1.404578923112843825e+00
1.432476622639347275e+00
2.179526118471321272e+00
1.317444616466455276e+00
1.669366795798356451e+00
1.571771839563585793e+00
1.683193921054107145e+00
1.875041803844112343e+00
1.870852616239377930e+00
1.380307982296861802e+00
1.972746232460609317e+00
1.880458303493595773e+00
1.901126975719179990e+00
1.785513034900548801e+00
1.697183388324544628e+00
2.005803622119520124e+00
1.612842757544425520e+00
1.688727437312582458e+00
1.583872704261771736e+00
1.544673326182294693e+00
1.788698162940139502e+00
2.725837646886068999e+00
1.754212824058177800e+00
8.868130746982154644e-01
2.027361098046653431e+00
1.274776432468624598e+00
1.498137162797821276e+00
2.011801769679218754e+00
1.585328879198172558e+00
1.753535987435345334e+00
1.431236906382892915e+00
1.352935557271712552e+00
1.208399949115984917e+00
1.362346117604920526e+00
1.128582169135594171e+00
1.514483568102866551e+00
1.944225383794612405e+00
1.817897618960017780e+00
2.202065168881616408e+00
1.516795056500485739e+00
1.399333709326148645e+00
1.344808615949214081e+00
2.806987285948912447e+00
2.043858402045861666e+00
1.844441310583227356e+00
2.191223748777875180e+00
1.217440626383089475e+00
1.334738629365076257e+00
1.693119282967793016e+00
1.950499101285704917e+00
1.942091422000501000e+00
1.336764145338955379e+00
1.646919366433388543e+00
2.159400381308945072e+00
1.565289714848128622e+00
1.633699269256847275e+00
1.361230012391793531e+00
1.309398899729028232e+00
1.796269544124567297e+00
1.850759921241723616e+00
1.932520907602253368e+00
1.618934529701286706e+00
1.497685665345142025e+00
1.671437009695439402e+00
1.555057453408385859e+00
1.721797674886647478e+00
1.760117763789209366e+00
1.468235622838256704e+00
1.806578671081028764e+00
1.773134847693635718e+00
1.755394148034852719e+00
2.005674646004524941e+00
1.255419130612162704e+00
1.738509246655874252e+00
1.809489062793316005e+00
1.209662865059873749e+00
1.670649656682730244e+00
1.387033022230896417e+00
1.718479326639724247e+00
1.712941141786685106e+00
1.959735138287001410e+00
1.741710428652092357e+00
1.947723171168232792e+00
1.710075105372444337e+00
1.395658611372006641e+00
2.380650894080617697e+00
1.970141795065164514e+00
2.106829205226863344e+00
1.198845011200144528e+00
1.641139369713207952e+00
1.588269739236791045e+00
1.164359468249472895e+00
1.608868872212612544e+00
1.797840817075822661e+00
1.332541974784852146e+00
1.844967584655403448e+00
1.430225462987050111e+00
1.704055600463776132e+00
1.466870101821429850e+00
1.902797461194156714e+00
2.173634307408745414e+00
1.643786782276168035e+00
1.195241906966386214e+00
2.106410656331433540e+00
1.567793769919018088e+00
2.323072050018136547e+00
1.603310731840812631e+00
1.952559417044789969e+00
1.321757567785104337e+00
1.429919835489558144e+00
1.728281021936951989e+00
1.615881130506858554e+00
2.040753590716823052e+00
1.946684433061690589e+00
2.148930593053312244e+00
1.480638017408808738e+00
1.734771863765059763e+00
1.645533909860420696e+00
1.496927371480982982e+00
1.365135909340546183e+00
1.663609824251324643e+00
2.000040468048389641e+00
1.400928770757495112e+00
1.636081472900639211e+00
2.050165422871495391e+00
1.778023033385952356e+00
1.293295929800628130e+00
1.864146549466596525e+00
1.650933133488313720e+00
1.527971906426865312e+00
1.874423056387497732e+00
1.957989014829156549e+00
1.719788850439572192e+00
1.281131606462366568e+00
1.241089901335684198e+00
1.282392811876992722e+00
2.478861250705391317e+00
1.970189348257127548e+00
1.322051419121995641e+00
2.310088381104186350e+00
1.538002530910988375e+00
2.007541958278642902e+00
1.347880136975398990e+00
1.829332527138011644e+00
1.754409314120668251e+00
1.578377297948705849e+00
1.496439065906056021e+00
1.572489943894874953e+00
2.092276176414356037e+00
1.419142371154629378e+00
1.563781473313926362e+00
1.701674815920346084e+00
1.323024025784458768e+00
2.306865296718264791e+00
1.390181555232113064e+00
1.716237834647557525e+00
1.992164036449608489e+00
1.733197359267862891e+00
1.794047225250129829e+00
1.425236234269687818e+00
1.516784793662034003e+00
1.544987939730684268e+00
2.007838449192836716e+00
1.819325237055432254e+00
1.691418400726605764e+00
1.825604988946568419e+00
1.235876473218419314e+00
1.523819025160903839e+00
1.861897570033404170e+00
2.438071535960144143e+00
1.672242234406426720e+00
1.604480155771398131e+00
1.894657568522567059e+00
2.054203993959797803e+00
1.763494180498922814e+00
1.822545172458807539e+00
1.398869199996642942e+00
1.728886944569622663e+00
1.389372078434256474e+00
1.710479529839362467e+00
1.981669633545402487e+00
1.953095659977676535e+00
1.948220297667995871e+00
1.438623490046208708e+00
1.263967652197342861e+00
1.878305788630979523e+00
1.249095840779742339e+00
2.171506616831362813e+00
1.748570475041922423e+00
2.275938597436597099e+00
1.779220356827325933e+00
2.205138820065990490e+00
2.015834929751848748e+00
1.432213288166626741e+00
1.806011052039135700e+00
1.648767873153811347e+00
1.898596683850172884e+00
1.801387217971434529e+00
1.499140669663044489e+00
1.688813345363404439e+00
1.954278817893657427e+00
1.546022249583926200e+00
2.199962871160010991e+00
1.546139253166674443e+00
1.912306568113033567e+00
1.526452947225063639e+00
1.319412854769163923e+00
2.385749553935758271e+00
1.650068256323264482e+00
1.689797298463910691e+00
1.655707817639557655e+00
1.610742539995857703e+00
1.633227863731442797e+00
1.592261262723912107e+00
1.454418613457008735e+00
1.622561612621332694e+00
2.085435862450288003e+00
2.479771369047170992e+00
1.724750694351481428e+00
1.426553088820658788e+00
2.257498607026483306e+00
1.428029252681109806e+00
2.190951506084436229e+00
1.608881661981752531e+00
1.891895759916454534e+00
1.699448538640232043e+00
1.341480381895436169e+00
1.470832605390441250e+00
1.645574746299043323e+00
1.454176951536264362e+00
2.062416215141401388e+00
1.397890478758843091e+00
1.701405655222039792e+00
2.416087368505685173e+00
1.471254015969539974e+00
1.988390115668626779e+00
1.703479618165513410e+00
1.658779621501707435e+00
2.259935085049455061e+00
1.375877082564952669e+00
1.889874863430840657e+00
2.008779503507651221e+00
1.894843359278084449e+00
1.705868738815488950e+00
1.535206125076151507e+00
1.947583490483691948e+00
2.147621635365577930e+00
2.009019656493848949e+00
1.964862087138159019e+00
1.980480981207382918e+00
1.713403771417323140e+00
1.460896713608456299e+00
1.452652830851904886e+00
1.878689070990704257e+00
1.428616395373152548e+00
1.049896287096165004e+00
1.507103001146575139e+00
1.777098021284154727e+00
1.975228104438450982e+00
1.821201617674587325e+00
1.572833588185200915e+00
1.675965945331919116e+00
1.837883302318199741e+00
2.026081311196804347e+00
1.316175276213308987e+00
1.687560990083567525e+00
1.536625557656917884e+00
2.428800777895248952e+00
1.569961092978161332e+00
2.090468699370173322e+00
1.478358371410103178e+00
