1.474600044956399403e+00
1.743893965350188813e+00
1.007457278290786906e+00
1.425778945558942912e+00
1.326841431880052991e+00
1.542297828161511619e+00
1.240615997973878004e+00
9.977912437580311877e-01
1.307390278617094781e+00
1.626494475319011590e+00
1.747149661337157989e+00
1.792542073108585488e+00
2.394569873592999887e+00
3.116412905466285466e+00
1.817481258334904481e+00
7.331800127839090964e-01
1.395413197420951379e+00
1.293121799722260601e+00
1.248530816457189996e+00
1.645862500017332142e+00
1.404404592679448172e+00
1.070185845183142970e+00
1.983930388938037082e+00
1.698401642692306757e+00
1.650801976563093909e+00
2.049325626397928257e+00
1.427378899306532833e+00
2.291884185928413586e+00
2.068630275210905367e+00
2.018878878704465141e+00
1.331395625106545300e+00
1.273906682651487321e+00
1.282644785398781018e+00
1.772614827484777722e+00
1.211075136367489424e+00
2.033546262357271317e+00
1.466066142698918329e+00
1.771474054434010625e+00
1.301164705484810780e+00
1.841143310222547402e+00
1.759522258018604290e+00
8.339391754397359469e-01
2.064610732969526907e+00
1.179850783860204366e+00
1.191430812594377775e+00
1.647887112127783160e+00
1.673565017313580539e+00
1.609462369959286043e+00
1.173994176774140419e+00
1.482723183196884120e+00
1.743879466908124787e+00
1.189939033448905947e+00
1.378181822042236382e+00
1.503408055217160699e+00
1.278482981845369570e+00
1.318140780885262986e+00
1.318371688220759230e+00
1.439189846660392513e+00
1.648334521978274125e+00
1.217797633336846541e+00
2.666298930542641443e+00
1.211515157391374276e+00
1.452762802745466209e+00
1.287065119778988853e+00
1.580108703563426475e+00
1.575654076908724388e+00
1.451299484614634761e+00
1.660763822431906123e+00
1.480519487317072613e+00
2.019370693826149754e+00
1.557027078176783652e+00
1.121179394633670112e+00
1.253297477875826349e+00
1.704692105602667151e+00
1.206785383565703640e+00
1.296795625914728856e+00
1.631011553181144436e+00
1.230445856093664858e+00
9.512276219307629344e-01
1.520461219972339295e+00
1.271111649060786553e+00
2.529824487067265260e+00
1.448711263833361684e+00
1.867304640469108712e+00
1.488064114995096832e+00
2.287635176362487144e+00
1.215125704265596518e+00
1.106371693524407451e+00
1.880554711787347788e+00
1.242580090331511178e+00
2.045927637629689322e+00
1.983639309039166632e+00
1.148854309512719718e+00
1.102681366673205154e+00
2.132774311447703131e+00
1.707829523259565940e+00
9.376153773428533844e-01
1.507536150637926564e+00
1.453851383882156734e+00
2.006100867238097774e+00
1.452377351894091229e+00
2.107103059497508646e+00
1.327875177637846349e+00
1.154237743152093820e+00
1.263098871984411620e+00
1.272623199806645511e+00
1.748531022630631204e+00
1.088473760515200395e+00
2.026616324551757220e+00
1.530414978557271377e+00
1.206849107639344387e+00
2.326589200533601520e+00
1.189647426621531556e+00
2.940745295741337362e+00
2.678563966982589584e+00
2.379733712292679826e+00
1.256727673859826977e+00
1.244420616279858560e+00
1.619140503662380937e+00
1.647164155411811493e+00
1.398980317398613060e+00
1.232713092346443329e+00
2.388745974304545605e+00
1.785475117432973269e+00
2.096743166405828696e+00
1.971525077750069466e+00
1.362861526590826600e+00
1.305848562525183221e+00
1.535463131883863408e+00
1.678319692311649236e+00
9.762076832116642899e-01
9.012954852275462114e-01
2.401739540520660299e+00
1.779926238205492783e+00
1.486691724163650807e+00
1.855449943601434670e+00
1.680616161833863087e+00
1.430051981772565206e+00
1.925120310661037948e+00
1.142224738711392629e+00
1.970228349676925728e+00
1.098515405744060702e+00
1.146107028310805687e+00
1.341259700802833077e+00
1.185192105639260696e+00
1.107779796797077942e+00
1.953965710760070751e+00
1.455137344568628643e+00
1.449528169693996560e+00
1.687294546770718551e+00
1.587067824021563878e+00
1.174608906373723949e+00
1.905354801571394363e+00
1.380647460190124187e+00
1.698800614643176443e+00
1.633788490009465910e+00
1.479723418448472216e+00
1.451667065403677626e+00
1.236452187355082888e+00
1.524105899025285815e+00
1.754522819116635546e+00
1.249000977732588114e+00
1.446249176873668718e+00
1.548356744810933661e+00
2.020970630070628715e+00
1.117455177449838244e+00
1.213800887799421746e+00
1.275212882636531875e+00
1.122724446104904628e+00
1.607457950916185929e+00
1.037667780901698089e+00
1.599101307161771457e+00
1.200042587037469577e+00
2.694196597931505011e+00
1.165260813192480649e+00
1.905508008877605519e+00
1.667986824156528769e+00
1.470803228950719799e+00
1.914029845904547722e+00
2.080263301721025915e+00
1.711448972866660201e+00
1.004347888282492995e+00
1.493717052876603280e+00
1.311061407637508003e+00
1.400282709587007623e+00
1.569999658329017667e+00
1.560520994526111149e+00
1.405516850908748783e+00
1.122958384966581624e+00
1.798138029812554217e+00
1.728478054773250339e+00
2.203366114437680601e+00
1.073694143444797078e+00
2.138760032520638621e+00
1.043187136137258664e+00
1.349762212368488923e+00
1.892824381818444479e+00
1.148874590657532613e+00
1.315883854952756948e+00
1.494322667721843745e+00
1.696295309772655857e+00
1.259617130510280347e+00
2.181287359179694185e+00
1.042445184681900061e+00
9.184094862816395421e-01
2.339687693441553584e+00
1.173075571830873409e+00
1.481071853939120553e+00
1.877626459723716446e+00
1.642426540397054602e+00
1.438362200925962231e+00
1.703489451595050275e+00
1.962401785136760335e+00
1.450439229171209155e+00
1.193546953881109429e+00
2.445629780374729556e+00
2.591224984506849793e+00
3.428180964928555507e+00
1.551234017227838713e+00
1.441101260550696095e+00
1.979686395131383669e+00
1.752374944665456402e+00
1.779305019339524785e+00
1.457006065229119907e+00
7.595877668821634510e-01
8.097162992500481771e-01
1.472449547964235883e+00
1.621685662567404540e+00
1.981458726886768273e+00
1.426378421136265562e+00
2.518133997184232253e+00
1.445353920620331190e+00
2.270844531225727714e+00
2.249511784049870400e+00
1.644206875868323481e+00
1.080590135693339393e+00
1.530332165191228722e+00
1.151535910604302160e+00
1.899820710095924348e+00
1.709425545534751567e+00
2.012136049679739802e+00
1.395486864405524052e+00
1.653959776202572174e+00
1.070513157849046326e+00
1.251770876290442036e+00
1.369323980730339008e+00
1.963445852074776177e+00
1.944824539562058030e+00
1.113792176266690470e+00
1.364946839574553650e+00
1.460095609574710407e+00
1.327531933962000643e+00
1.561114273754203197e+00
1.442005062667538029e+00
1.038568642410072407e+00
1.478691321616491861e+00
1.540559884629516318e+00
1.179729776321079004e+00
1.276484980438535866e+00
2.317270221213365122e+00
1.464120256062994008e+00
1.215069970125684184e+00
1.600805082706267868e+00
1.913017564656632974e+00
1.336877508155031924e+00
1.015158269137534930e+00
1.315273412711311041e+00
1.064657916402915738e+00
1.954164008474425396e+00
1.485610158400094472e+00
1.414016057550756544e+00
1.337416489827686350e+00
2.037114949125395480e+00
3.246688680238521751e+00
1.693143902902364273e+00
1.906531151877467467e+00
1.426251583936184453e+00
2.134295396143621737e+00
1.636298992649458661e+00
1.308950379167325595e+00
1.359970282384448170e+00
1.751861591868212775e+00
1.599914463625969674e+00
1.799387964934626716e+00
1.328716502096209062e+00
1.451768836430888943e+00
1.885046198723608235e+00
1.789733098052608495e+00
1.412291643283420051e+00
1.712820790115191727e+00
1.565990163977894811e+00
1.234835329675488591e+00
1.699323437158464900e+00
1.255619485593583606e+00
1.006377823722061082e+00
3.429733680398139306e+00
1.312080875436831384e+00
1.383598658545321491e+00
1.659425420157270903e+00
1.530733964280179160e+00
1.050185637834918362e+00
1.521306151441986554e+00
2.146139124308943824e+00
1.883581689220748423e+00
1.784382218664986697e+00
1.036592011280750292e+00
1.106327119674761716e+00
1.039537797175036138e+00
1.241468950263530546e+00
2.194014701633181019e+00
1.727388284735522639e+00
1.872398963435701669e+00
1.451740695127209158e+00
1.692705168047820674e+00
1.705675106634926275e+00
4.798876496699460148e+00
2.282684429298068807e+00
1.646251038339945572e+00
1.710996776437253342e+00
2.258687700463675174e+00
1.215507112152883540e+00
1.337562675022320846e+00
1.669638807248351675e+00
1.590469993533665249e+00
1.682950641045119156e+00
1.504204417853464149e+00
1.436768465789726390e+00
1.565532959119741330e+00
2.252842745404687541e+00
1.730406598841064625e+00
2.098007614960901268e+00
3.013540924833788992e+00
2.085983468739795121e+00
9.437928788649040390e-01
1.210226137193667340e+00
1.581683116449440929e+00
1.279889428368406579e+00
1.534872111071906575e+00
1.407007725516340901e+00
1.781982725701044767e+00
1.755632166367987690e+00
1.269436375075283063e+00
1.216084959650509445e+00
1.303429718628247080e+00
1.231155169913534797e+00
2.100528934914879464e+00
1.520418765262010918e+00
2.462881316878006821e+00
1.952382382302504826e+00
2.723628590008444927e+00
1.782112598044223173e+00
1.829426572270562712e+00
8.569856024550713824e-01
1.210977768043562275e+00
1.521563183468345404e+00
2.016116314610914895e+00
1.301729229882143901e+00
1.395164479998547424e+00
1.685618294372812853e+00
1.699801206084328165e+00
1.142009004823737905e+00
1.125744070456689450e+00
9.464446047134994489e-01
1.048817556397923179e+00
1.639882862753007320e+00
1.913424533297301888e+00
1.198373966476590446e+00
1.257154073341040901e+00
1.504379278297718336e+00
1.564888016792848724e+00
1.419708340311693018e+00
2.073503619444129420e+00
1.712918082190364233e+00
1.290897019720504302e+00
1.517893236644413779e+00
2.010072852108796049e+00
1.912157293329740382e+00
1.863323890220162538e+00
1.430581524860278453e+00
1.691561719224988991e+00
1.272692038999885478e+00
1.808542815338900489e+00
1.178910781410933639e+00
1.567637266831148457e+00
1.859784872811648615e+00
1.427556217655623794e+00
1.475037053552542776e+00
1.228486286825829499e+00
1.348183015108509464e+00
1.428291764719160639e+00
1.147024687361931861e+00
1.171218110488750241e+00
1.416599908851672751e+00
1.486293565198889333e+00
1.413117143434314160e+00
1.318561161402005633e+00
1.316632861663779908e+00
1.196430131249702544e+00
2.025784838277740807e+00
1.521330876010944522e+00
2.322692312207181864e+00
1.022475782424854707e+00
1.065138744208096844e+00
1.709037587932834112e+00
1.406267350323809229e+00
1.185542125791494206e+00
1.358255004646933273e+00
1.613841067730261036e+00
8.861720448729367705e-01
2.031433648593605756e+00
1.749234877918560027e+00
1.846821706170824973e+00
1.861102488902632635e+00
1.117514318379696059e+00
1.291698188721986940e+00
1.389265585836838568e+00
1.841513855361949448e+00
1.749888174887999526e+00
1.500688816720366914e+00
1.701016141507379453e+00
1.428130407387926404e+00
1.356304428814719243e+00
1.606691181053474526e+00
1.502240561739194513e+00
1.659299985178936954e+00
1.385145236404274893e+00
2.806624156685935567e+00
1.851862863255489211e+00
1.412918779347332121e+00
1.470495388594747155e+00
1.583780217377072974e+00
2.616005843991195068e+00
1.199021814176081335e+00
1.704312227829160697e+00
1.908937832921451916e+00
1.282276072199108219e+00
1.430474946161991223e+00
1.610484990940156180e+00
1.246454956473233233e+00
1.014590052115598162e+00
1.688062435400062178e+00
1.554393059556264056e+00
1.564116930534416472e+00
1.533067353239499164e+00
2.294242876755958616e+00
1.585425741172448832e+00
1.516339967723346227e+00
1.267116182399219193e+00
1.994751484879668801e+00
2.121224148863408487e+00
1.545638464125259626e+00
1.939582256261205950e+00
1.303325644281000173e+00
1.220875203209320636e+00
1.242237240027541656e+00
1.426087819706801652e+00
1.333990016681642299e+00
1.529861082421180685e+00
1.184899742327320427e+00
1.544051932948631300e+00
2.089353295744866390e+00
1.759552550856022801e+00
1.201848130686977267e+00
2.010977837754696296e+00
2.540381730262391891e+00
1.113802562969518517e+00
1.202225567936787698e+00
1.206433495974971626e+00
1.929660726168930474e+00
1.598897566739063025e+00
1.507144940857019000e+00
1.499077615028827415e+00
1.336705496088746337e+00
1.888665365299318610e+00
1.720128830548837584e+00
1.689260215969691004e+00
1.121483870482018474e+00
1.378103209700634268e+00
1.581125261468996124e+00
1.333589000711087547e+00
1.275540263048520639e+00
1.759711674215170607e+00
8.585003010938383472e-01
1.792436166555414490e+00
1.077612081877266759e+00
1.693578564949053122e+00
1.451193309365969686e+00
1.111050444992201625e+00
1.422213960236408337e+00
1.286002229514705997e+00
1.320330675681645971e+00
1.343805263594072930e+00
1.827107426158491421e+00
1.302484189233585665e+00
1.801384673687816518e+00
1.804560909895112308e+00
1.615718469790271339e+00
1.414599466366448066e+00
1.502361536180894408e+00
1.556738604352018607e+00
1.797207556962488573e+00
1.377858499959142780e+00
1.187210460220131214e+00
1.761182331697386694e+00
2.528323792697094508e+00
1.458103528514166580e+00
1.550396740516810201e+00
1.634854017211934130e+00
2.030715043701336153e+00
1.471964590222769598e+00
1.403099205948107553e+00
1.457818160600884205e+00
1.885183440021699575e+00
1.258492236103544215e+00
2.697154277907243713e+00
1.609465464998496964e+00
1.090841026385180657e+00
2.517715572661344048e+00
2.089160386284813153e+00
1.209331645957882229e+00
1.500495728784438265e+00
1.749750926883695712e+00
1.415403830479426972e+00
9.665573529917400597e-01
2.024304122955849827e+00
1.457255716335071005e+00
1.577927709453690097e+00
1.919843826334129311e+00
1.236405364018909880e+00
1.546609360425160951e+00
1.677355064511592664e+00
1.258990821212770284e+00
1.396462762776948363e+00
1.292576267535592738e+00
1.478031959510079041e+00
1.389495197886480904e+00
2.073966456522548185e+00
1.552820525404660312e+00
2.656143970590550296e+00
1.758003797610572905e+00
1.690203970281529910e+00
1.252762292098505315e+00
1.436162796373906980e+00
1.582933415395140653e+00
2.642950654093279894e+00
1.207858794458402274e+00
9.341711776825095681e-01
1.890153676608456124e+00
1.305593608479282963e+00
1.887821052530318289e+00
1.776153395523565326e+00
3.502474608591159999e+00
1.050882939343685596e+00
1.989341201214545718e+00
1.319084062378900191e+00
3.087899699380459051e+00
1.182573040082704807e+00
1.566126966886751015e+00
1.298267447912368366e+00
2.298596911072114057e+00
1.765173821388303699e+00
2.027801266410110159e+00
1.376519328838856415e+00
1.338738770028851111e+00
2.075925345447399817e+00
1.168686779388272035e+00
1.633547144751811064e+00
1.170728114822408017e+00
1.243771160289104616e+00
1.254564377679886267e+00
2.152813200775157032e+00
1.736387675713274792e+00
1.309400327465441327e+00
1.916425586843151452e+00
1.281413764674915745e+00
2.333715398067026658e+00
1.054522245830639138e+00
1.255606499367031503e+00
1.251101980690940030e+00
1.218284404508113594e+00
1.665663825661195085e+00
2.877544571987119770e+00
1.667227391298286898e+00
1.119140519791309796e+00
1.672527107306712502e+00
1.639848191626210427e+00
1.149795190932646483e+00
1.696120851605656510e+00
1.776400749220876651e+00
1.617405617359716663e+00
1.825924130588500782e+00
1.505087230808594301e+00
2.539834196567118507e+00
1.184272749545714598e+00
1.226241292403412952e+00
1.121914698574962177e+00
1.980279265736167416e+00
2.524015615069448604e+00
1.826970077635588607e+00
2.475514946417317841e+00
1.090872436520302413e+00
1.982547747704229479e+00
1.632518656101349386e+00
1.688967323869166925e+00
1.045810478222173767e+00
1.137794368077526874e+00
2.283799870129199938e+00
2.638413285963608690e+00
1.661522990104544961e+00
1.457664364522508915e+00
1.364668393548272629e+00
1.228018905598045052e+00
1.387156012618278256e+00
1.488036870087406260e+00
2.145522512360982237e+00
1.379929840990276046e+00
1.444384011306701465e+00
1.769432347293403263e+00
1.403689508221272142e+00
6.329692279690096735e-01
2.087395947386723627e+00
1.139492940579709401e+00
1.910096306924583320e+00
1.519723764823351253e+00
1.078676324239528972e+00
9.688109981778696422e-01
2.164881406596402158e+00
1.182280293498136459e+00
1.561110292046282266e+00
2.499122067877875164e+00
1.713277281653258877e+00
1.473196389180383647e+00
1.420308504807018979e+00
1.848978157555756896e+00
1.688453008802853539e+00
1.894216616469993175e+00
1.628317091458991506e+00
1.798197778005973690e+00
2.262206484740896251e+00
7.661522921111716400e-01
1.825539214789227316e+00
1.448001489753216742e+00
1.277035918293643046e+00
1.032268960363903698e+00
1.304110214468211515e+00
1.592028387982694859e+00
1.376043274740677225e+00
2.305870508887061465e+00
2.615230621525371557e+00
1.997742190707969545e+00
1.551625238487087444e+00
2.355849239549627328e+00
1.360346012977381891e+00
1.785863890848157665e+00
1.016368728258014498e+00
1.288030901735489397e+00
2.126952469226378817e+00
9.229340575633298016e-01
2.090614634895056945e+00
8.258849112689939931e-01
1.800984192261128713e+00
1.416519106511634263e+00
2.002232496795248728e+00
1.799461432652287529e+00
1.436586040759112226e+00
1.671180026758506187e+00
1.915600753337173945e+00
1.611422752158849336e+00
1.840159794605775945e+00
1.355069592697398573e+00
1.355789458276829951e+00
1.855402084928795103e+00
1.390914861881907827e+00
1.627345157930596864e+00
1.476136975365092363e+00
1.134986961770100278e+00
1.335888691631246905e+00
1.645487711383640805e+00
7.932288967206777563e-01
1.642058641164812594e+00
9.423158533776758716e-01
1.470005521231379841e+00
2.069517439218975241e+00
1.248536992160328207e+00
2.025264821740003107e+00
1.442419570376120452e+00
1.508443396111062151e+00
1.664344387153426696e+00
1.386039677236869716e+00
1.821806522529789030e+00
1.116345716084699236e+00
1.686863225842746505e+00
1.626764193151423177e+00
1.097930245279747918e+00
1.714616689001662753e+00
1.177109738639289915e+00
1.571110665237202220e+00
1.473990094463216716e+00
1.683609506228598285e+00
1.847657348135219646e+00
2.001014663900539947e+00
1.425957138593807239e+00
1.796041749950929578e+00
1.208806628247850234e+00
1.691378828142663604e+00
2.326082963418178107e+00
9.131822121998947051e-01
3.777595818546153783e+00
1.330033369902983154e+00
1.414101281641716445e+00
8.314811549220517684e-01
1.055477606223043097e+00
1.505649374590783074e+00
1.964460103623154819e+00
1.779553315265545166e+00
1.502150647296655706e+00
1.610396343233915006e+00
1.493850998905005723e+00
2.388142025663700707e+00
1.652784441516734315e+00
1.894288751106030233e+00
2.152400360879475727e+00
1.441995296509667845e+00
1.391261649140146162e+00
1.291556065819861931e+00
1.289957857843501587e+00
1.703125523068042213e+00
1.567225555456967179e+00
3.026891265841506140e+00
1.016052267197418590e+00
1.436619349321939021e+00
9.869609171347868415e-01
2.522858073927560785e+00
1.347807601883491246e+00
1.668430140487908497e+00
1.650930917058960334e+00
1.136745313037860194e+00
1.669531906163564505e+00
1.504568843530092570e+00
2.029688666227342786e+00
2.373876398486149508e+00
1.778315528187733419e+00
1.712988759647214199e+00
1.036353036477655420e+00
1.937375376550235728e+00
1.348045652547557705e+00
1.471174304377179443e+00
1.825658541736868479e+00
1.624273463191027167e+00
1.839345702458272447e+00
1.281351321630075590e+00
1.236414438921953352e+00
1.800100039693865117e+00
1.994023904013488835e+00
1.478306224058717033e+00
1.654611795258739138e+00
1.154270020630265403e+00
2.499579714761776206e+00
1.597297899768460594e+00
2.036954508848667356e+00
1.723579919049143871e+00
1.280936359766049470e+00
1.178040600201466059e+00
1.803229832874699623e+00
1.636135828561753325e+00
1.447398525608672104e+00
1.746529209118500514e+00
1.663134740222834251e+00
1.674475716406967463e+00
2.384739358114589702e+00
9.586735632832142917e-01
1.025094080089382853e+00
2.559042787728218027e+00
9.889079449423540114e-01
1.820658159116746555e+00
2.228020320538523169e+00
1.427260335812450487e+00
1.573311218555248692e+00
1.540412393650082867e+00
1.092935880926024783e+00
1.847621172578080007e+00
1.265742551359270385e+00
1.915673275079122995e+00
1.653015419601845615e+00
1.462104324723626947e+00
1.602621105568003301e+00
1.314405855046273386e+00
1.482305379654779598e+00
1.112272559213279388e+00
1.224513066905826619e+00
3.089401958887133315e+00
1.063197337579920410e+00
1.416703438560056982e+00
1.906036451065340476e+00
1.368653589502014656e+00
1.838312920710067022e+00
1.529560187729613663e+00
1.692185048246999335e+00
1.299337392293027804e+00
1.477617571027001198e+00
1.289533956641563561e+00
1.869840465102203586e+00
1.799782815042613615e+00
8.979376554828295554e-01
1.407673699201022810e+00
1.170390250613581262e+00
1.090880773834884687e+00
1.263802969489087991e+00
1.182648444594239789e+00
1.186031152179259918e+00
1.829104747877531967e+00
1.718411870841479949e+00
1.206348447807929825e+00
2.298146726856224120e+00
1.310413179100624381e+00
2.606561431988197342e+00
1.479679338316562509e+00
1.163220144004127432e+00
1.264476877501327978e+00
1.609510938832661386e+00
8.539563603561975969e-01
1.251744614763410368e+00
1.603744294533409276e+00
2.402298741073398691e+00
1.465007551707011357e+00
2.474194393202099107e+00
1.635717231901483215e+00
1.712435653450900874e+00
2.017897452090115173e+00
1.960163764207407011e+00
1.786063775064892445e+00
1.414132611023215302e+00
1.518503977260110771e+00
1.854513792595260613e+00
1.407371557748181568e+00
1.018500310413734677e+00
1.622832178699344929e+00
1.563807664348273230e+00
1.206039086328327459e+00
2.056690863959363291e+00
1.866887728620136633e+00
1.829874651132342045e+00
1.307052631942644760e+00
1.352622796993908194e+00
1.035201165417105829e+00
1.112234397700218924e+00
2.622052045711702029e+00
1.256025493356244471e+00
1.183970369821664148e+00
1.023860185948431978e+00
1.097380456914443414e+00
1.317014584033277425e+00
1.662317412319208820e+00
1.333115836649660935e+00
1.402422053044031225e+00
1.213661519885179674e+00
1.234051505868757781e+00
1.291585683748374569e+00
1.725677318943132699e+00
2.042058654953276431e+00
2.170618820235138635e+00
1.347012230691736256e+00
9.864056528985406525e-01
2.206960063474919576e+00
1.851552409655144116e+00
1.339511534847370511e+00
2.503769617161942573e+00
1.645014826459225254e+00
7.030334961043516184e-01
1.661350643335058441e+00
1.482243754615937048e+00
1.932458353582739541e+00
1.563209366115525745e+00
1.043209200493164346e+00
1.579550638572129406e+00
1.622676220131383129e+00
1.348021846974099880e+00
1.611865585218678953e+00
1.669785525695556050e+00
1.248854405805558621e+00
9.973947063058736795e-01
1.180714745764904983e+00
1.446634755898019042e+00
1.598473703908617427e+00
1.327470567772870425e+00
2.581854591549768152e+00
1.824411897566251328e+00
1.729183918502000594e+00
1.277232294928905887e+00
1.539585113000201400e+00
2.203416648170338554e+00
1.267381778439023110e+00
1.021063674611670580e+00
7.856848759661456683e-01
2.299098369628421512e+00
1.382767017860121683e+00
2.861032764817240004e+00
1.387942828765005965e+00
1.523991596631310896e+00
1.164945400239639994e+00
1.393438305943995426e+00
2.797998940858958949e+00
1.547054582182807447e+00
1.606055638370099015e+00
1.537051869162309847e+00
1.133361223290424435e+00
1.271424419606618672e+00
1.479539350884522930e+00
2.307551954835089791e+00
1.623717643595686821e+00
2.314624283780179148e+00
1.290946735314811633e+00
1.257130890857421690e+00
1.000137736943580213e+00
2.205629859702001205e+00
1.838720120560850546e+00
1.627524637287913967e+00
1.651982699948072231e+00
1.605282848754830960e+00
1.209834778949197220e+00
1.415949559151591819e+00
2.515522550438179294e+00
1.240728981538346432e+00
1.192361278195583463e+00
1.486016297136121711e+00
1.796340250899414626e+00
1.398388234346302328e+00
1.658674986776372595e+00
2.712539431818559610e+00
1.324438392086373817e+00
1.201824242410747923e+00
1.522787310338898914e+00
1.441789822905598095e+00
1.708206499644018272e+00
9.748362626406003040e-01
1.088176296609461469e+00
1.638376757173151566e+00
1.760574577324209633e+00
1.388397994132048341e+00
1.147459429281112664e+00
1.175761096479844836e+00
1.423153514027709843e+00
1.838791834631720690e+00
1.991177909473348384e+00
1.042535010565222242e+00
1.356754338491015899e+00
1.847226338513314081e+00
1.802606536879094223e+00
2.082677270142404335e+00
1.248271011170925426e+00
1.497589812977168311e+00
1.458021966542550674e+00
1.735854594135665785e+00
1.942036344102829437e+00
1.632561731928627191e+00
1.892548636417353825e+00
1.865850328071808395e+00
1.252067678256882255e+00
1.191643961555487019e+00
1.613779274400854558e+00
1.485421515881618415e+00
1.336686202140103807e+00
1.014142646599033526e+00
1.220390450504384328e+00
1.207536559917273378e+00
1.271719582346794164e+00
2.122189466342905284e+00
1.155059736537737969e+00
1.892099864894274619e+00
1.332856146194048241e+00
1.225122943676904219e+00
1.992457484559784664e+00
1.645066897735277145e+00
1.359956492644690984e+00
1.496352054003084575e+00
1.532374410164582201e+00
1.735872426056247697e+00
1.521946801634402657e+00
2.965700081826920353e+00
1.454462880823647497e+00
1.906468617307712332e+00
1.515737710287914375e+00
2.268333799617930691e+00
1.909647614956854644e+00
1.409854873322495816e+00
1.215342679053406538e+00
2.135494896295068834e+00
2.050255072694394443e+00
1.060043217045513630e+00
1.614056980582472267e+00
1.274358038694835660e+00
1.970347254033538498e+00
2.990487014359791473e+00
1.810174592577217689e+00
2.214339475059809992e+00
1.257326712550703496e+00
9.257735374841324916e-01
1.607179618877218052e+00
1.707963117734602632e+00
1.287012564115163515e+00
