3.284970193631790991e+00
2.590931365131311725e+00
5.836118407155526100e+00
2.453773819073678641e+00
1.692710184489775171e+00
2.589266000810374724e+00
9.953499170466822976e-01
2.047984117636333590e+00
1.723446154494789662e+00
2.347211615512571292e+00
1.572301087483725768e+00
1.882742711572660932e+00
2.516261683263744331e+00
2.854354913014062411e+00
2.544721614896390705e+00
2.329218825614014943e+00
3.092278370777018726e+00
3.262745247771163815e+00
2.127436982145801458e+00
3.096105612383115879e+00
1.769117201810397999e+00
3.740393012083310875e+00
3.203539631259830767e+00
1.256819843056197872e+00
2.034945181587695551e+00
1.595004450432325749e+00
1.822310423771046128e+00
3.045840502835056807e+00
4.425153363205097889e+00
1.454503355294458844e+00
6.176195036172691388e+00
2.394024098437691705e+00
2.135860899364029564e+00
2.223116738358180910e+00
2.554969973980087516e+00
1.045696994351271281e+00
1.334916695745614890e+00
1.640807273293305446e+00
9.451726553138843911e-01
5.292938977306834936e+00
5.624949862530230327e+00
3.170858315608638289e+00
1.319690363750742224e+00
4.699060058445622801e+00
2.247594769982605989e+00
2.488681051881616924e+00
2.075449092993297384e+00
5.792189633859578635e+00
1.271359526847893218e+00
1.856471041729022886e+00
2.104458040967283949e+00
1.110220887524943523e+00
1.107945521223059338e+00
1.225513418611681615e+00
2.636111976150739000e+00
1.633417825820433267e+00
1.397602336958004621e+00
1.528876357256234053e+00
2.577553563247293678e+00
2.235340619613659818e+00
1.462891111687675050e+00
1.461277237222345038e+00
2.351059990136951772e+00
1.601885715843222036e+00
2.000654963838708778e+00
1.172271913022654433e+00
4.634957112050638095e+00
4.170013318249739420e+00
3.357793519375632307e+00
1.790422229281842581e+00
2.073712424606235949e+00
1.406823646014722540e+00
2.164502232183055597e+00
2.594918855145988079e+00
1.831950110299846557e+00
4.098122755908856440e+00
2.354522130357997067e+00
2.064662616633552883e+00
8.235483467659090451e-01
2.774358822369167310e+00
1.812719246134592010e+00
3.050483148525593435e+00
3.453837467945419792e+00
3.610968800306163295e+00
4.204398036022825913e+00
2.240449919430079984e+00
2.065680065312902158e+00
1.282642613573688362e+00
1.395814018930344069e+00
2.742852813709448778e+00
5.226840474650739310e+00
1.653361707863505226e+00
3.265684616497209536e+00
1.740966505827737487e+00
1.564724796693625075e+00
3.684615754848089786e+00
2.504130396252758572e+00
1.448182003004534035e+00
2.148957213484968154e+00
1.398227918819886728e+00
5.083258504049353199e+00
1.604873478774451856e+00
1.429929827104537310e+00
1.111440000779139181e+00
1.593914872481281719e+00
9.401117941808075917e-01
3.236571189604905641e+00
3.680298742716515914e+00
1.509804975924143644e+00
7.630264885125223051e-01
2.458774921492342447e+00
2.232975968644623777e+00
1.450650966964104560e+00
3.021675581795015386e+00
2.249865833450547470e+00
3.831552858379257742e+00
2.835645191762656836e+00
1.382628981477092234e+00
2.509456986924643473e+00
4.639014458688346387e+00
5.847264322652079294e+00
5.258025387803107797e+00
1.411055262777482611e+00
7.109933403884446612e+00
1.950742840985365989e+00
3.802054584652089897e+00
9.521163136958789019e-01
2.138009156333205762e+00
4.107779630728559006e+00
3.110704943961291047e+00
3.484363868086727489e+00
3.129540977396184864e+00
5.199141233875723245e+00
1.743056386383427636e+00
7.753386713097037974e-01
1.455727899687216498e+00
1.247863687478069750e+00
2.063339346911314820e+00
4.180375702257614456e+00
3.214992022011943451e+00
1.824889051976834597e+00
1.134704701760084422e+00
1.642990499444417996e+00
2.188998191897591372e+00
2.731734078222966211e+00
9.252647691704798394e-01
2.535258145758008119e+00
1.874945484444886512e+00
1.738758677657969320e+00
2.504279156560148767e+00
2.176684464398405794e+00
2.802452530609604420e+00
2.751949003856370535e+00
2.217313965774177387e+00
1.861973700819573585e+00
1.948340630938796281e+00
1.820234404001850548e+00
2.711225773924633042e+00
2.996253071339799678e+00
1.429780916854272110e+00
1.550030260888066280e+00
2.596184973524318984e+00
1.824955845664617105e+00
3.293244419940736023e+00
1.570781547945868661e+00
1.933642301140529263e+00
1.340856711470028939e+00
1.074823482671276587e+00
1.404544953304501798e+00
4.001608967134078654e+00
2.016097855318515819e+00
2.015569045524472358e+00
3.572341884189919270e+00
2.765425565009856701e+00
3.881114812280333837e+00
2.812409814665587149e+00
2.662952242265717917e+00
1.418049823582229196e+00
2.197496233920923636e+00
2.344651026365873303e+00
1.589586411351785911e+00
4.172073339013951276e+00
2.803798210771440758e+00
5.207714577062558803e+00
1.579157834731813370e+00
2.448168080002835811e+00
1.827989894871924870e+00
2.564348112392262902e+00
2.041304278669200389e+00
5.081183811454738297e+00
1.974132773159514187e+00
5.075437982293605543e+00
2.782827725827731857e+00
1.407938402182538962e+00
1.518464090445239556e+00
2.422203759163895853e+00
9.135894415537429980e-01
2.442435245611860317e+00
2.847783801446835739e+00
2.679084813808570331e+00
1.521279749312222096e+00
1.916880957457593126e+00
2.263181222584689678e+00
2.401642634885607919e+00
1.180633479708236733e+00
1.351512995741034340e+00
2.113986079382064176e+00
1.639653883811224233e+00
2.454212796172465794e+00
2.296473714883339401e+00
1.916652071063961849e+00
2.801324323921886350e+00
2.567324436711681646e+00
1.623842775420986539e+00
3.127276204682531091e+00
8.369542641833570551e-01
1.841561018444522357e+00
2.383890416402568935e+00
1.366852327847919657e+00
1.799056870671892572e+00
2.460269038018416232e+00
2.796263175064064299e+00
2.339740334976665892e+00
2.635261730292713711e+00
2.414649608890351740e+00
1.323483014455772322e+00
2.683978060569291557e+00
2.312260383245941853e+00
2.445169448334320705e+00
1.570733607886392935e+00
1.052465905597025575e+00
4.829290025196426583e+00
7.757984078655782767e+00
1.508398718478944689e+00
1.334552226151665133e+00
2.162432667045202095e+00
2.084774296010257544e+00
5.843317786681268444e+00
2.204408935999467190e+00
3.095607162200743279e+00
1.552034819760422124e+00
1.827820561397724308e+00
2.233756677360988263e+00
1.541406460051834904e+00
1.684812711153232945e+00
3.452611613297919213e+00
2.269585962004526891e+00
2.844142858296089038e+00
1.071490088311062294e+00
5.373595898460677311e+00
1.720853258239909422e+00
4.071976466833478803e+00
5.583272472027688949e+00
5.874783019237199255e+00
1.429476744357991214e+00
1.739412791474844733e+00
1.328642540636851388e+00
3.082421689285561150e+00
2.270664027028607368e+00
2.788602318222030974e+00
1.464953136975167824e+00
4.657615940771088425e+00
1.498043970772526823e+00
2.260943097637252208e+00
1.505631343376636622e+00
2.624822530555992017e+00
2.315991634698178814e+00
1.816417895591517340e+00
3.211982817151472158e+00
2.575871715577073395e+00
1.616103604848960318e+00
4.418099267427285426e+00
2.284133529071390889e+00
2.347566183575817700e+00
1.803448028892223887e+00
2.554145892719874134e+00
2.248553506806215463e+00
1.370945424780420474e+00
1.218228244307479669e+00
1.627324554741182983e+00
6.357157926918310054e+00
1.097827758795848485e+00
3.630935493059630481e+00
8.560073135740778882e-01
1.935237348608680685e+00
2.018240487117856752e+00
2.864492512843405336e+00
2.196037975405746856e+00
1.347735839723273488e+00
3.035713291162534411e+00
2.588139156711529054e+00
5.601936912474203556e-01
3.303775396005884879e+00
1.614963518113712970e+00
2.333984007058135912e+00
4.407285396144263956e+00
2.159739637168317739e+00
1.428899655319837647e+00
4.855511438570263572e+00
1.231495411856281086e+00
2.637708074531496916e+00
7.654848259325449655e-01
1.915973022843316720e+00
2.463601105137148917e+00
5.876148530262146785e+00
1.840184231662024494e+00
2.375253965172771764e+00
2.995754011215630008e+00
4.799689022508886183e+00
1.858626777405153696e+00
2.560126309663279809e+00
4.616466193590489375e+00
1.705273085643766118e+00
1.448122602947541804e+00
1.585429061683218732e+00
8.516235164939042201e-01
3.950385132719858472e+00
4.305064252583009399e+00
4.016362015705082555e+00
3.833446573374793775e+00
1.097612974861260637e+00
1.221270993955529960e+01
1.538049750036326824e+00
2.122846279094519506e+00
1.904352846468527316e+00
4.295471959426023112e+00
2.034790876375920821e+00
2.790808935159944326e+00
6.380739930666892157e+00
2.221677784475352802e+00
1.460013685551185159e+00
1.817565425318425909e+00
1.834771842527595842e+00
9.025574490328741595e-01
3.592515627804513834e+00
2.505219899304364617e+00
9.735009924265738412e-01
1.297663018579580330e+00
4.404297630236232663e+00
4.752653465877850536e+00
3.086925533605716421e+00
2.892920141879500751e+00
1.424026186097291813e+00
6.215757106036650548e+00
1.219765138399393045e+00
5.968521506594870019e+00
1.275653501755435792e+00
1.168136890048941190e+01
8.958492781275582573e+00
1.229811821231647340e+00
2.564137978032792198e+00
3.641406891522216860e+00
2.818119979195630176e+00
2.621051114755511779e+00
3.438095565036725976e+00
2.185166187430769735e+00
2.984541791690412005e+00
4.648610691931290617e+00
2.086587657285955633e+00
1.285203297373973319e+00
1.545946477581587875e+00
2.309261033722002310e+00
3.432191738950661986e+00
4.031712388446099915e+00
4.613107812888699755e+00
1.877342090361717730e+00
3.381597553154747526e+00
3.236477881175442661e+00
2.132405755206946640e+00
4.313824625412514990e+00
1.647102369391843402e+00
1.457647178861009696e+00
1.816174729056119208e+00
6.113802246448221567e+00
1.968433346482869384e+00
1.436203320043601295e+00
4.241079619121481237e+00
1.316485322830982518e+00
3.180086616687458179e+00
1.666507707792769466e+00
1.963567532926859815e+00
2.981994415534767739e+00
2.185895542164429273e+00
2.061603808061303056e+00
2.321715041998015927e+00
2.464429466001064384e+00
2.264643262744592267e+00
2.038311450265390068e+00
4.136581963478347390e+00
3.791612400580538278e+00
1.456141225309599108e+00
3.283448937412844604e+00
3.550938764539432135e+00
1.636956932729331182e+00
1.912471205398021068e+00
1.928215422652265421e+00
3.063701540609551355e+00
4.068986427659288196e+00
2.671304307801580347e+00
2.394291094810938603e+00
1.505797783877518281e+00
1.187380129486108826e+00
2.896847834637704455e+00
2.349345660632246258e+00
2.649873436707067764e+00
2.107324246779029853e+00
1.426358722283169733e+00
4.200006378532330054e+00
1.885266158500311651e+00
1.812743791670793359e+00
1.898074849397540120e+00
1.188218018667010156e+00
9.526205786134664955e-01
2.046247721654569585e+00
2.599036792247250371e+00
1.551090054481210068e+00
1.788204155432486342e+00
3.567839141940527536e+00
1.318813230560196503e+00
1.928367579255256814e+00
1.798108674665138906e+00
1.603919830971120897e+00
2.546721861900615558e+00
4.354719421381047617e+00
1.370866002996655064e+00
4.719593871016008357e+00
3.559032417950081850e+00
4.523706285132618632e+00
3.119010050957833791e+00
2.185348001374129989e+00
2.943441697609052721e+00
1.693614824228588889e+00
2.545656893675853460e+00
1.197731222490550307e+00
5.443300092069403462e+00
5.823225713998767539e+00
1.582620347849308162e+00
1.890030758952926160e+00
3.030107199816443941e+00
3.630348354187149074e+00
1.349477049507608939e+00
1.134637525911283085e+00
2.650229282988892265e+00
1.511162072391551092e+00
2.385412598143753282e+00
3.827821120980143821e+00
2.470300706467959184e+00
2.905257788310911859e+00
2.832489833494369336e+00
3.221214438009760705e+00
7.679296674915055299e+00
2.218488756734918077e+00
3.014328000100739313e+00
4.062084431503715010e+00
1.091419138195408811e+00
4.287109047411583163e+00
5.202280657107711370e+00
1.149472392909169471e+00
2.635059348849150496e+00
1.401759950143799172e+00
1.124746619475116560e+00
1.199553231093264838e+00
1.866951493307535737e+00
1.877399261008981135e+00
1.730992525646309899e+00
1.914012026461065608e+00
3.157119831449543668e+00
2.418568057628614376e+00
1.606547393967942883e+00
1.891767771633912965e+00
2.969589822949689317e+00
1.785999380825710192e+00
3.208693489725379155e+00
1.998021929810327668e+00
1.408733127439493638e+00
4.499572023268650689e+00
4.047832810966558448e+00
8.160281494391925516e-01
2.339553820826735464e+00
1.322847883136496705e+00
2.122414153980924922e+00
3.682455424867324467e+00
3.225503896697805573e+00
1.788634164239362834e+00
2.658140356036024610e+00
1.517807573247465402e+00
1.311475701380085956e+00
1.482077343412953940e+00
1.060194412819198018e+00
1.297141585012166365e+00
2.903121307318549782e+00
3.644819418840148373e+00
1.767775101361416468e+00
5.078874290896910004e+00
2.267558499107226844e+00
1.659113156495887198e+00
1.505004886067385916e+00
1.302449722298888446e+00
1.319348169057036335e+00
2.116998730403430784e+00
1.849617814727761100e+00
1.654422841655427412e+00
2.493148538537872660e+00
2.757428149250527927e+00
3.144649020681115736e+00
1.124686661794461351e+01
1.345186096590115454e+00
6.799060283218918421e-01
1.887253827970113429e+00
2.401935703643862219e+00
2.863497780226702982e+00
4.596123080654831661e+00
3.478807466125243053e+00
4.087868651611183068e+00
7.030870588448800085e+00
1.642298738201618535e+00
2.696780667235606277e+00
2.571047704110846155e+00
2.703242720353467465e+00
4.810570301849290686e+00
1.472550491496748659e+00
1.198492453399330859e+00
2.788860897213059076e+00
1.393001168559444558e+00
1.644287700243306949e+00
1.246845050783328634e+00
1.826134006106176599e+00
1.084215253622077713e+00
5.176571972615740869e+00
1.638251616564712299e+00
2.682647072139236144e+00
2.095370242989066156e+00
1.451293789099276976e+00
2.910623130724597996e+00
2.169386435855476858e+00
1.957271418426568932e+00
2.091556934116461708e+00
3.045967026811706724e+00
3.642481794129160733e+00
1.557210290901569261e+00
3.578963039469304164e+00
3.792969985098589625e+00
2.054752113553480086e+00
3.284352127099327223e+00
4.326169216459589073e+00
2.476640471327188120e+00
2.922039977518505527e+00
3.403047501702161082e+00
1.759023792504336825e+00
1.011269888091860247e+00
2.278185027287860098e+00
3.025876688992022778e+00
1.689268026549050505e+00
1.407887875605076333e+00
4.439236725074362511e+00
4.270550588715647855e+00
8.288856298018018265e+00
1.998732707657211893e+00
1.178219261622892144e+00
2.126674849460524985e+00
2.556919099322326527e+00
2.364745289926063698e+00
2.145904918062411681e+00
1.718526817201202483e+00
2.199525929137554403e+00
1.402353303523031780e+00
9.853712953058262336e-01
1.945116665888238616e+00
2.435567014371164074e+00
3.572738693426952050e+00
2.604829008788167588e+00
5.097865522278386408e+00
6.420715038841517952e+00
1.855532168347302058e+00
2.082064341193957890e+00
3.266423467031470018e+00
1.557436308904183164e+00
1.831609016941792678e+00
2.287533062396612138e+00
7.620238228454581986e+00
1.475578151204830935e+00
2.117432025628035230e+00
1.883754125828057457e+00
1.408913276709526263e+00
1.971521996662339626e+00
4.779059511607842481e+00
2.450712871384997271e+00
1.233465059815804343e+00
3.417641479749442546e+00
9.576973723878130507e-01
5.204183487767467753e+00
6.305874456286898244e+00
2.812644759536806038e+00
3.215244942644954307e+00
2.075970284227195872e+00
1.018014380577236144e+00
4.121867524482079936e+00
2.348811215400051111e+00
1.575660990771951653e+00
3.987552993361104470e+00
1.411950256281738536e+00
4.461935482971063571e+00
1.696596404919304080e+00
1.796567848306002357e+00
3.515465319894473417e+00
1.491596796015767445e+00
2.130739956544595692e+00
2.594113216517584419e+00
3.157584356456505148e+00
3.818014005257373888e+00
2.189612922414946983e+00
5.043390005950567634e+00
2.825377793662160908e+00
7.544461891348750449e+00
5.096851361115375845e+00
1.608122250539055109e+00
2.468408387673441062e+00
2.567127000903782097e+00
4.310429715472045231e+00
1.359694060354215805e+00
2.993250722090266436e+00
2.816124368100694664e+00
1.125155155691721864e+00
2.646019453561552659e+00
7.181923411253762879e+00
1.683408422088598755e+00
2.592057456427176110e+00
8.683785274360217299e-01
3.299152968913943162e+00
3.052003389750790774e+00
3.145804562732207099e+00
4.450814564854289834e+00
3.199497857390088740e+00
1.391622400920035529e+00
1.405342630710003871e+00
1.509814388112067807e+00
1.258563759621459610e+00
1.358715152629522249e+00
1.786438956971341474e+00
3.032196271390990017e+00
2.119680033084375914e+00
2.226702384215875519e+00
4.634436877306951530e+00
2.039770177332036916e+00
3.121060213235517633e+00
7.079263816240074503e-01
2.666205615479872115e+00
4.521552400014578588e+00
1.061467574038716943e+00
1.932488772603695448e+00
1.003794762475471281e+00
2.751332565035550903e+00
7.545065037081167603e+00
1.389865078148145194e+00
3.425300428635773109e+00
3.831948343537998181e+00
4.366044823607700742e+00
2.596678088657587757e+00
3.598647404733782196e+00
2.117981600317740298e+00
3.149793988926600452e+00
1.683297691116693251e+00
4.607044210359062753e+00
2.161015160632601795e+00
2.997772642212014116e+00
2.243036423613554486e+00
1.670304586308024364e+00
3.570201115241118828e+00
1.588198273751867617e+00
1.387724036795513705e+00
2.566290678245884305e+00
2.340663797754395592e+00
4.635757063936400968e+00
3.511995897725536331e+00
9.209244230467350523e-01
3.209874108877709187e+00
1.842483489638041760e+00
3.083360252140043833e+00
3.124337682402700267e+00
1.672051133436611270e+00
4.064357553020039759e+00
2.134367307082268628e+00
2.003684004591010481e+00
1.430294824905860906e+00
3.126606294772527050e+00
1.204898452855506896e+00
2.285019495930104227e+00
2.156112598081425080e+00
3.440461595991940236e+00
4.249003624362068798e+00
1.698895541370625706e+00
1.782126590577892689e+00
4.853358144370985450e+00
1.148257296250309478e+00
1.271040741295120791e+00
1.215477408407370064e+00
1.186093170812457798e+00
3.869810970215804780e+00
1.014873029363327905e+00
4.878749514402663578e+00
5.626157613755073506e+00
1.728526894559903937e+00
5.874853936375561858e+00
7.159579753835501492e+00
3.527630669989560985e+00
1.559470382939556421e+00
2.180646800352879389e+00
2.661309379258677943e+00
1.019814853550509381e+00
1.481141355448288843e+00
1.594419829515794085e+00
3.413034430144056497e+00
2.806898066088297838e+00
7.645699343889778454e+00
4.015246062386582437e+00
2.291781225837921099e+00
1.353225203184917902e+00
2.346223108615864916e+00
2.618043788215938417e+00
1.014546129524598106e+00
8.184955760961286630e-01
2.017430363000105142e+00
7.663888187742560199e-01
1.512863090029433977e+00
2.015468666495907168e+00
1.228654278278055179e+00
1.847336283503412391e+00
1.887966509548258953e+00
3.547348335752711357e+00
1.434129389716422898e+00
9.365728756140505595e-01
2.956003758019684735e+00
2.438681363140388303e+00
2.121569155877008672e+00
1.874525505310875140e+00
1.159600601936395137e+00
4.094628191541741735e+00
1.730912925488415466e+00
2.756703317474340498e+00
1.999071940633504019e+00
1.242237891962634233e+00
3.748547183703635710e+00
3.062471171117955748e+00
4.963157549860289564e+00
6.194138662673841722e+00
4.602713121114791583e+00
3.867862372652475678e+00
2.144753480751150132e+00
3.264229853151596750e+00
1.025605831368751941e+00
2.002291212755267669e+00
1.699183554222680526e+00
1.366532657136023010e+00
2.671521284839115662e+00
2.592653943446001197e+00
1.897332696810875019e+00
2.111874144115847507e+00
2.011199322260330824e+00
2.496661413670946850e+00
2.779683580002785259e+00
3.583244660381075697e+00
6.752135764938023144e+00
1.849100279739774866e+00
1.880677682653329352e+00
4.736588602471906384e+00
2.820748179154716428e+00
1.318649788541077283e+00
4.542868495959027086e+00
2.735132234931688888e+00
2.009551295934322468e+00
4.935031754840783158e+00
1.669915487991289860e+00
3.123698961114279804e+00
1.583499389852161432e+00
2.368867388641108462e+00
2.764103106321558645e+00
2.517721396522973887e+00
2.863018340002123630e+00
2.466229724469563678e+00
2.275799088265795689e+00
1.838139081141105358e+00
1.752848513464460467e+00
1.352352824339970061e+00
4.336394159154107975e+00
1.427623326933100012e+00
2.643161830245157162e+00
2.205729966258906050e+00
9.307829901104494041e-01
1.492715102004419148e+00
1.539335954423699748e+00
2.658471565459521901e+00
1.148021808561636048e+00
4.365302403058515246e+00
1.307742379483432416e+00
1.083421425001339866e+00
2.113996380757160232e+00
1.401187941142985505e+00
1.036114556096884520e+00
2.254963410982689265e+00
2.099107732461416909e+00
3.074244032251133074e+00
2.850401528001399232e+00
2.706482001377605418e+00
2.190664059546668874e+00
1.913915035258438868e+00
1.941923106507503105e+00
2.414853440473784474e+00
1.978598521692720436e+00
1.845847303383993054e+00
1.928545475503327555e+00
3.285866563876909119e+00
4.117079006328085100e+00
2.314339993367096504e+00
2.544059532766240750e+00
3.252972824747301761e+00
1.281441789227149464e+00
1.385389401010763466e+00
2.959109129181295206e+00
1.595547104685633322e+00
5.667826112596912935e+00
1.382906911776787595e+00
1.645318237863045541e+00
2.883453337702392094e+00
8.037235982379981047e-01
1.552751043745093096e+00
2.543708691874343231e+00
2.701739758523181045e+00
2.027388325811201764e+00
1.826683853090847798e+00
2.224255145253954513e+00
3.355097595345543304e+00
3.333307985625680203e+00
2.161492734021023043e+00
7.269587469119737300e+00
3.601395927432534005e+00
1.407642018583492138e+00
1.841690984097349215e+00
4.226835095974625034e+00
2.182230360289445947e+00
6.021290782276214948e+00
4.167297785799623178e+00
5.142714106107734828e+00
3.449913908712066490e+00
1.188126763444389500e+00
5.190209844871541023e+00
2.720050673688237275e+00
1.818657628616482613e+00
1.815839634608505504e+00
1.549717880920594038e+00
7.714096113167428825e+00
1.996873160534236247e+00
4.605729178384506461e+00
3.582303143145745494e+00
3.792577109317047057e+00
2.453280480011204023e+00
5.238892795240879252e+00
4.356613169642613137e+00
2.211536702318558589e+00
2.372787126690301562e+00
1.235469240371444677e+00
2.038062109254211496e+00
1.329063703654228101e+00
4.869603153282524133e+00
6.082613649400733458e+00
5.192490059507131051e+00
2.273740573800627551e+00
3.135638781064663316e+00
3.000992368856540526e+00
1.955978026616644216e+00
4.020998997831077837e+00
1.430152047745757438e+00
4.584593824209376223e+00
1.107024449563841717e+00
5.930625422548605918e+00
2.448011745250201709e+00
3.246713157974611352e+00
2.895598432976457914e+00
1.374085292392954738e+00
3.963449006830220167e+00
5.920104733364651040e+00
1.455144938945164501e+00
2.651901529896696363e+00
3.203283321993614763e+00
9.574734158484878854e-01
2.215614297418072365e+00
2.125509244831559563e+00
2.082122002276308503e+00
1.290245596795331906e+00
2.523007478750539434e+00
2.373735382695474350e+00
1.583082009973860727e+00
1.338318542962806612e+00
7.570578594157328034e+00
1.174911608354366699e+00
3.089129761582428912e+00
1.654097732146233346e+00
5.440605492326822556e+00
1.546635897586699615e+00
3.480949069678309193e+00
3.085722710898244792e+00
1.398840819814796133e+00
3.336431933644079528e+00
3.029138199685046384e+00
1.310215889418810509e+00
2.625706727602109325e+00
1.359754482826509125e+00
3.035209901232681862e+00
1.778874937942656054e+00
2.120232539641839331e+00
2.593897124100885687e+00
3.383070687104922314e+00
2.300947123903975378e+00
1.857139893319832868e+00
1.363891945799383887e+00
1.244917505094219168e+00
2.802153713612774766e+00
9.633668650308389036e-01
5.930329910996737119e+00
3.351116454876426509e+00
2.155373417199623720e+00
1.719159840922515503e+00
3.553840321266052982e+00
1.495916807840149021e+00
1.931497281375770259e+00
1.099113644144590340e+00
5.851509180073199978e+00
4.992999714399641853e+00
1.759704203609969264e+00
8.538727909789820547e-01
1.805324869124130371e+00
4.804955277702458005e+00
2.360846144286190995e+00
8.845868605541813423e-01
3.730002801935505374e+00
1.779093460500174473e+00
2.741678192410528681e+00
4.583321963493554030e+00
1.086988403475791953e+00
3.522963737853217925e+00
3.921422839459625997e+00
4.268448900314073313e+00
2.622096626144392317e+00
1.622777860711887454e+00
9.243638367129128897e-01
2.727764047485996990e+00
1.059334647775708405e+00
2.256920603810324444e+00
2.639308315664825599e+00
1.467431470984901676e+00
3.973197181632345476e+00
6.418908556234297791e+00
1.553992235426691737e+00
1.509789146243814884e+00
2.770248258776934591e+00
2.280662616261368125e+00
1.006848208882839657e+00
6.173004800914881685e+00
1.830803238249900877e+00
2.563740297386829070e+00
3.112414375261653543e+00
2.538054926598997341e+00
1.816432090527407839e+00
1.807478075219634439e+00
1.350499125756988050e+00
1.564570648013133614e+00
1.891205118632393267e+00
2.889150438453826908e+00
1.650865656791532077e+00
2.515878705686986461e+00
1.540459621326907946e+00
2.115342430511497174e+00
2.377647920014109850e+00
2.127972826931655792e+00
2.176595358692720250e+00
3.730814866175060640e+00
2.805133278501913630e+00
2.953460026843219843e+00
2.055192549154991610e+00
3.065255511211089079e+00
2.093335736654261758e+00
2.498472451746613920e+00
2.381807752542574264e+00
2.510410583778492022e+00
5.898738946402362515e+00
2.431871091581697897e+00
2.687921241709429143e+00
2.183058495917365782e+00
1.499053069981116426e+00
1.904863773121345805e+00
1.589076276827286804e+00
2.160846171532617710e+00
2.369725677300899225e+00
1.281643287481431193e+00
1.035876564783405840e+00
5.957141157306002022e+00
3.498221133946614270e+00
2.296232900354736817e+00
2.697761315592325904e+00
4.885232783506211263e+00
2.047771121169664088e+00
