1.745930524097322856e+00
1.746998530732981836e+00
3.069314077601609903e+00
2.973028948043329844e+00
2.688946974669641499e+00
1.459741729622819451e+00
1.766098803558377339e+00
2.358421848691115930e+00
4.184612156282484285e+00
1.361387883698019996e+00
1.490445119827235043e+00
2.211787056387108041e+00
1.732396441625827732e+00
1.676685730446814127e+00
1.816981755787756558e+00
3.273501123169955562e+00
1.588322883675037156e+00
5.228455538387096979e+00
2.241566297448761347e+00
1.485652366046873674e+00
3.594475902695123182e+00
1.544248329641604300e+00
3.317048201920394845e+00
1.477101047115941812e+00
1.579198363138973438e+00
2.833719609826311547e+00
1.831136855189554824e+00
1.165074128706265366e+00
2.018748867492340171e+00
2.547764666490074603e+00
1.646069379930541254e+00
1.975013466293884079e+00
2.260581592135881390e+00
2.128363868599193243e+00
3.578134867014052478e+00
1.568390161525816007e+00
1.590755570690988385e+00
3.730888948460804766e+00
1.124875471971780394e+00
1.678259772947885642e+00
3.647346863214608881e+00
2.790623133020629254e+00
1.966868502941021557e+00
2.329798299437910281e+00
1.823765576394275056e+00
2.194843721122906821e+00
1.282685757823638362e+00
1.836110669624676284e+00
3.554421150324114986e+00
3.513922587049608026e+00
1.456975969427226181e+00
5.851837614904026097e+00
1.864903024597151626e+00
2.563615412883655686e+00
2.727039211159677734e+00
5.093019633994082085e+00
2.151745968250786234e+00
3.159744842543921184e+00
2.166172678090673820e+00
1.568565290077578167e+00
2.385438136744608251e+00
2.823816279737518808e+00
1.835129013956585897e+00
1.497552850286652415e+00
2.247523724627177533e+00
2.658584027555955132e+00
2.228680626243845442e+00
1.754612826307701434e+00
2.218345843059243983e+00
2.034471975769036600e+00
2.575796911176957860e+00
3.656263389622266935e+00
1.799910366178161025e+00
1.111708130477728096e+00
2.548513289803321591e+00
1.872028338938052539e+00
2.836985475834534753e+00
1.550484916674206293e+00
1.184781975417741107e+00
1.293344966232342408e+00
1.670939998512450897e+00
2.188549902361903943e+00
1.388762164024077039e+00
1.270983526259670926e+00
1.619420056230462146e+00
1.597260439663223952e+00
3.593383464881727551e+00
1.441487971189403083e+00
1.021647924020839371e+00
3.437441001432651966e+00
1.164786600258299831e+00
1.756708291439180725e+00
1.624259457436368903e+00
4.455975157151371491e+00
3.049169382444004484e+00
9.196340166554456408e-01
3.424340358888889213e+00
1.733896723759958514e+00
2.118525186507244751e+00
1.240711142705532621e+00
2.484294569076354264e+00
1.676152134043275899e+00
3.386808423723104422e+00
1.777565754423765521e+00
1.463999180944071776e+00
2.795198623371789814e+00
6.382684386514411834e+00
1.849019480678357752e+00
2.617340574003491405e+00
2.373320031951016595e+00
3.112282123597998940e+00
3.391096856387641800e+00
1.767090129171609902e+00
2.170254468119018565e+00
1.730197528135068552e+00
1.251422029846929185e+00
3.501516902228658523e+00
3.838197857860012441e+00
2.023060354658952065e+00
1.072749123076669697e+00
3.993781382763128107e+00
3.317948797754877166e+00
1.819319164088434970e+00
3.995911828322293857e+00
2.206687593165884476e+00
2.267627247540548119e+00
2.047003010555541458e+00
2.473466517522313168e+00
1.564589466389138872e+00
2.068814039551917894e+00
1.415624792159883905e+00
1.174417095175213088e+00
1.960103817776625013e+00
2.340236908835925611e+00
2.873117482341519313e+00
1.730723137270504974e+00
3.085925900175541248e+00
3.597751224716480678e+00
2.227970798178417589e+00
1.301885422895794342e+00
1.172257210426010277e+00
1.667043023207517072e+00
1.753982436901049935e+00
1.906760157266134126e+00
2.612811722533939562e+00
2.532291120673082041e+00
9.612630276754076109e-01
3.887741891627867652e+00
2.701241333022694313e+00
2.343498188853792019e+00
1.422849961835999100e+00
1.828140841093855329e+00
2.463301555056730763e+00
1.477341846963134309e+00
1.204687727241782635e+00
1.228296635613734811e+00
2.160066129122932388e+00
5.721169504144520523e+00
2.941742299601558308e+00
3.264143869458433045e+00
1.996410041340044961e+00
1.791659102117654001e+00
2.278951680577077532e+00
1.375347445365873611e+00
1.146353485124002702e+00
2.243594241340687301e+00
2.327510321655432257e+00
3.689749336750643760e+00
2.796920906696053422e+00
2.285038163962445523e+00
1.428113874226054847e+00
1.527676250943460712e+00
2.900575523532447519e+00
1.804844356912723935e+00
2.459979025885421944e+00
1.740559491679603221e+00
1.796356295973072559e+00
1.829423921080371773e+00
2.858177439114380824e+00
3.625050732482355986e+00
2.198715994170300281e+00
2.218721345947451962e+00
1.741630530803732313e+00
1.210436412780962812e+00
2.571172425968578423e+00
1.681795935376837692e+00
3.663386205497599413e+00
1.410745186903728410e+00
2.363925521375704886e+00
2.067884602544566075e+00
1.879163885082121510e+00
3.411329090991852997e+00
1.353691250956276404e+00
2.981432961873360377e+00
1.749504979336410582e+00
1.419102757351484279e+00
2.655148715002757065e+00
1.000238594420546079e+00
1.562212497744314366e+00
3.085019010477184853e+00
1.506858763076599939e+00
1.990306771970698607e+00
1.642633136832000629e+00
4.150611926753740910e+00
1.634185889139361247e+00
3.977819477356739686e+00
3.166857657941617887e+00
1.658268481263192040e+00
2.172234305209456817e+00
1.667276153449229970e+00
1.739000975447102526e+00
2.234296493800042693e+00
1.811779494248506150e+00
2.676587037019419135e+00
2.987682120485659176e+00
2.723459476005005264e+00
2.292074465599843958e+00
2.209728980456449499e+00
2.510830135572968302e+00
1.938606978390193802e+00
1.384628454687701682e+00
2.459281305165765819e+00
4.836949362246987683e+00
2.146705088003150408e+00
1.840319747485541502e+00
3.983647852109214682e+00
3.157546244713982375e+00
1.728440771110069996e+00
5.927086902548987624e+00
1.562495598560961430e+00
1.544495507394596290e+00
3.525885248767689273e+00
2.775478958494177473e+00
1.783160578305591271e+00
2.307375010031628371e+00
1.445256197180766478e+00
5.916670900668907329e+00
3.539721422539770401e+00
2.893989308965112972e+00
1.348385241220706021e+00
2.258701824664738123e+00
2.042180882065273373e+00
6.961194761552910171e-01
1.608268729034586508e+00
2.464559063939264938e+00
3.266124801334353123e+00
1.346401059580384141e+00
4.926678670911386781e+00
1.981548301108712717e+00
2.051286273051617925e+00
1.618831470425066810e+00
1.362315786239576720e+00
4.283183230950749376e+00
2.497347190051597110e+00
1.890977597246289221e+00
1.394507963146914165e+00
2.559360124919765944e+00
3.169966824789412385e+00
2.464963107960770117e+00
1.552169227069156054e+00
1.740317077648243727e+00
1.941808734415206406e+00
2.598276515805604703e+00
2.754808422206350471e+00
1.295731714568099546e+00
4.085806115753724654e+00
2.125811308235336039e+00
1.614592139230238477e+00
2.631667938071403423e+00
1.371847527282378243e+00
2.017064771088413533e+00
1.475496725705084833e+00
1.501758497021045580e+00
1.361524345490431775e+00
1.432643766181517009e+00
3.300804513241422544e+00
2.077124550502750910e+00
2.895277631038724042e+00
1.443958797899475011e+00
1.344510628304125266e+00
1.653296099317041801e+00
1.340054126380400001e+00
2.040450081501979707e+00
1.756263035853467436e+00
4.546901562696686661e+00
2.853313818156919979e+00
1.147123193956784082e+00
2.018266658352961151e+00
2.798344376979205794e+00
2.040753984377125629e+00
3.508402936419322327e+00
1.914021217815333298e+00
1.552024981035435625e+00
3.573461572191721114e+00
1.756061064379301540e+00
1.591051346630369956e+00
1.227258890471257580e+00
1.971784225058954121e+00
1.726269998646685622e+00
1.904147319536094063e+00
1.242626636091335834e+00
1.607120449834890774e+00
3.063372986110515672e+00
3.046603819160616844e+00
1.936364955172316105e+00
1.033479687985836559e+00
2.338848809619444413e+00
1.856103512926941423e+00
2.772612101650360206e+00
1.493419047660300869e+00
1.576022717926730099e+00
1.803501765395276069e+00
3.166167567374418734e+00
1.845289930547937995e+00
2.395334837215841173e+00
1.890111817562434515e+00
1.547428099639139631e+00
1.378048913831180888e+00
1.035913307817957207e+00
3.234489613951275988e+00
2.537787696842589202e+00
1.298831093418561844e+00
1.912176805367519883e+00
1.562296333641889134e+00
1.488926775550240222e+00
3.264662581065145286e+00
4.246474720003305947e+00
3.123172871606737733e+00
2.926768423496714622e+00
1.927414208675559015e+00
1.831111822619227558e+00
1.414445670042829839e+00
1.703595220670266031e+00
1.902919658686338611e+00
2.479599095068537817e+00
1.628254239612236809e+00
3.227448089709302526e+00
1.155962098775820790e+00
2.201442973053569396e+00
2.526912631695213296e+00
1.341199396165652091e+00
1.665626462563477572e+00
2.882241547595250974e+00
1.030969205389494325e+00
2.421128794319213462e+00
2.778765543948763739e+00
1.456440274939157176e+00
1.816922192757859156e+00
5.312044014609144327e+00
1.529587633589471363e+00
1.188414940498631944e+00
1.997834729480066684e+00
1.977515222981096832e+00
1.950304107261135123e+00
1.474399121390928658e+00
1.313679089314439219e+00
4.281089750475974398e+00
4.968932715020078383e+00
1.835152869185344260e+00
2.441803274728783446e+00
2.679589395070411495e+00
2.501104417131977620e+00
2.417917441050462468e+00
1.142310106988708274e+00
2.711818821188496820e+00
2.329439182729545088e+00
2.502344759395529472e+00
1.559020718288612217e+00
1.646284290816543816e+00
1.951085421480782678e+00
1.383738207480642357e+00
1.301570045779615992e+00
1.885991193930393495e+00
1.618880851032693302e+00
2.788194918853085014e+00
1.193200464472955913e+00
2.051970614962481232e+00
2.564639303827054295e+00
2.253951482393064865e+00
3.144864024626726984e+00
1.503188261189924768e+00
2.563737402088607009e+00
1.445698054876547234e+00
3.872046329307354373e+00
2.490643174745398092e+00
2.366026791608722313e+00
1.369467999333367159e+00
3.347058605517260865e+00
1.076760120888532235e+00
4.138501775219401324e+00
1.836535741277142364e+00
3.335334685055325377e+00
2.520044450543078352e+00
6.813725827121571710e-01
1.796984248336752854e+00
1.315785120044034029e+00
1.139789334619289773e+00
2.979216012812843761e+00
2.795868432396037662e+00
1.073067508718094309e+00
3.371786340605361865e+00
1.071612010736762599e+00
1.845123591724150192e+00
1.124974941306302156e+00
2.937448109958583853e+00
1.268570633692768235e+00
2.152504854095901976e+00
9.442475738890049319e-01
3.508192850751123526e+00
1.471325519088225509e+00
2.330028795089367666e+00
2.549072118111872953e+00
1.646195359894000010e+00
1.315387302330932373e+00
1.728538969162191741e+00
4.199454437307386989e+00
3.048315695389325786e+00
1.664745927312262230e+00
1.090278050466233717e+00
1.788243518695988854e+00
1.541631598414613835e+00
2.868465024694306198e+00
1.457917917752037829e+00
4.327732825357761826e+00
1.883996014895481297e+00
2.202405581034302617e+00
1.777577002230903647e+00
1.201080451629743751e+00
2.020264765425269005e+00
1.936659023656436496e+00
1.044853553856891493e+00
1.686707497244227971e+00
2.576748865576196312e+00
1.982583265600224687e+00
1.337426357021326728e+00
2.153797167781275501e+00
1.124150279882319303e+00
2.347302123703202792e+00
3.135887319834956610e+00
3.494416595284238536e+00
1.659840815564685101e+00
2.352339042769126198e+00
3.029673459327351992e+00
2.528438428557404638e+00
2.881399989044195031e+00
1.990865627126697124e+00
1.568663964697410540e+00
1.567030309967851975e+00
1.878966936590399150e+00
2.852207967048387083e+00
2.011458881088047601e+00
3.323040567658527955e+00
2.171833249380040964e+00
1.782506019871903158e+00
9.895050502504869616e-01
1.953566099902265485e+00
2.307406520708102704e+00
4.461885281900327405e-01
2.736906550907623803e+00
2.537993959952769885e+00
1.907390068100313307e+00
1.501381703352862251e+00
2.366025570359486352e+00
3.065027665192940454e+00
1.667940030003181917e+00
1.632842136389783150e+00
2.449828673716682115e+00
2.088771098941225812e+00
4.116809002205887857e+00
2.844927409219407011e+00
3.251786006411646390e+00
2.063647064420784716e+00
1.769449132936723679e+00
1.253486800376149679e+00
4.525262245233611758e+00
2.179771579900194212e+00
2.021941548228618490e+00
5.927588634515307042e+00
2.544730549682749476e+00
3.013931616011041204e+00
9.536785025227333401e-01
7.645465230537943357e-01
1.964845372308510862e+00
1.868668704828335247e+00
3.547627739914941181e+00
1.614035547166188245e+00
1.739131781846711799e+00
1.270702697664170211e+00
2.024896408644593748e+00
2.643955249496783733e+00
3.452319776420822883e+00
2.652022226768536939e+00
2.999305615040619433e+00
2.119537094748827677e+00
2.855717993404804922e+00
2.367958985587032661e+00
1.400083704491912107e+00
1.453351291884119378e+00
2.066409462256616258e+00
2.305395884488382396e+00
