3.024248912563158420e+00
8.848639474185665321e+00
8.938129169959238007e-01
3.689391732537377067e+00
3.458145249509215535e+00
3.763458915619715128e+00
2.418165426409160101e+00
1.065913708307820507e+00
5.805291748244978400e+00
3.754019704548120728e+00
2.012284952342799915e+00
1.348455697256486729e+00
4.067161490749506392e+00
1.020164339617428917e+00
3.971658102876150842e+00
3.895724056247459544e+00
5.234091771360330547e+00
2.405266823926673236e+00
1.316685493231565696e+00
3.796316763395920724e+00
2.839974639372814025e+00
1.465528615996481543e+00
2.451568301809359252e+00
2.365796948937991306e+00
3.478740374830115112e+00
3.046703451486945990e+00
7.240917174415120172e+00
1.095185725609835625e+00
3.374281438878185657e+00
2.154921856841792049e+00
2.526963303488382273e+00
9.627176895362752340e-01
9.020946561403578201e+00
2.103050331716157295e+00
2.820081099947923775e+00
1.037917039245783357e+01
5.797530591736848926e+00
2.009463822780074072e+00
4.510093640628779710e+00
9.494582150467415493e-01
3.726147213948968862e+00
2.873619440147288984e+00
3.029326511168834557e+00
6.994181016490993663e+00
1.148864683630163697e+00
6.006615360866162767e+00
3.330622990445370579e+00
1.092217705596950861e+00
3.987281627507595072e+00
6.129358241669033980e+00
5.566765706114914281e+00
4.562796128571030785e+00
9.466236031839192933e+00
1.322008646171350499e+01
8.208979878352131720e+00
3.558038390208596802e+00
1.382007259358635221e+00
6.571865633319422528e-01
1.558771256129147886e+01
1.091979471023161175e+00
2.276682834731882821e+00
1.667237203794970979e+00
1.534756819393173100e+00
7.290810625151215696e+00
2.077073366500827412e+00
4.283849681241583163e+00
1.771527688528227618e+00
1.231145863284490272e+00
3.199697850441034941e+00
1.657981928288302376e+00
1.904067237213151520e+00
5.166829505891077368e+00
2.417771247707146909e+00
2.481131267023381159e+00
1.383904234275616041e+00
1.421218453838761997e+00
1.506464176113060605e+00
1.147873350140477866e+00
2.364071203259118459e+00
7.378533799800953474e+00
4.550998542129778279e+00
2.471734839856684740e+00
5.043114526335918946e+00
1.539093064182927462e+00
4.711750198005252521e+00
7.810928264609907856e+00
2.145888224055088056e+00
6.012261025055725128e+00
3.647654130765897396e+00
3.197562315610497752e+00
1.424390356698629345e+00
7.352230728233565271e-01
1.339464967129091377e+01
1.002050799813553894e+01
2.064333203424070895e+00
7.027766176887364935e+00
5.274373049408904279e+00
6.475641470646339215e+00
2.340312843062550829e+00
4.019596033748669583e+00
5.395381469956861409e+00
1.145161484785772066e+00
7.421156376868781379e+00
2.993723741842720720e+00
3.213907119240500432e+00
5.014455726398477253e+00
6.452138347409913877e+00
1.293775277278900937e+01
9.677538922876138372e+00
3.277230847214441578e+00
8.733188555213814652e+00
1.355190094367951570e+00
9.684823969824099876e+00
5.246959035696090012e+00
3.220315843617620910e+00
5.469551512497019985e+00
2.332666980613090413e+00
2.699636453338741138e+00
1.604352267904446849e+00
1.298879946215858672e+00
7.164159430727420563e+00
1.068666990551474250e+01
2.281935365718399833e+00
2.949919411258350888e+00
6.912271687198916936e+00
6.674053203205976281e+00
6.911894377154701452e+00
7.492981483823286659e-01
1.201574498317040218e+00
1.108575108764545192e+01
3.143776360623717903e+00
7.609321299023411811e+00
9.891035287066852755e-01
6.751278259261735748e+00
3.036012766424271092e+00
8.736640508890380019e+00
1.638318661683922262e+00
3.799416460787403249e+00
2.662796390706863914e+00
1.945973838409972734e+00
9.432484070090774164e-01
2.421478100338841255e+00
3.079033222579630191e+00
1.608811932809009804e+00
2.233765445563989704e+00
5.389108800723010351e-01
1.714232426034014489e+00
2.077292683946688978e+00
4.645196318318269846e+00
1.433194229060720248e+00
3.144574236539022571e+00
2.570405798879176196e+00
1.349083933739485319e+00
6.336415050505345370e+00
4.151715882868843188e+00
1.662771002557352107e+00
3.258679507260962449e+00
1.206896075201356888e+00
4.721859188016383158e+00
5.073944197233174691e+00
1.973489311468784280e+01
1.351133775785714253e+00
2.678744036780817517e+00
1.499042767632066120e+00
2.375458629696862278e+00
5.786893348700774986e+00
3.398495019371889025e+00
9.657515061490594022e+00
8.150214292933705140e-01
1.117364822336087471e+01
5.552564389665509914e+00
2.633638342104263064e+00
7.893835714044997509e+00
6.707649936220469122e+00
5.309837567405334413e-01
6.385899195327693789e+00
8.788686269502591353e-01
3.687100731584506796e+00
4.418461162544841336e+00
1.726171860341283226e+00
4.069414313203201239e+00
3.555259341172652299e+00
9.804904177199113002e-01
8.416367001245227408e-01
1.292348612903845950e+00
4.970036901666198048e+00
3.121709039063141233e+00
3.344961366755263565e+00
5.180697959406010966e-01
2.166584080320177463e+00
3.806505228504780014e+00
3.229790021941973510e+00
1.294210822351668178e+00
1.536139630848214699e+00
6.108870478175800756e+00
3.719641350038004113e+00
2.022914659209852584e+00
1.645263347859498237e+00
1.691542367853237971e+00
1.225964228050145710e+00
1.693572499009752708e+00
3.229822240989340898e+00
6.098466258094944692e+00
8.331845594302318414e-01
2.786929676082138929e+00
2.823997961762126696e+00
1.315922972991728557e+01
1.269216643896022623e+00
1.468013885644871008e+00
1.694771258286973836e+00
4.205574729019548208e+00
2.612978259331890651e+00
1.579842941827277247e+00
2.885760818364762947e+00
9.953673222027896728e+00
2.185039138466045472e+00
3.958753892119688977e+00
2.270101901811159006e+00
3.255453313950363636e+00
7.635346958831016329e-01
3.092142305456052842e+00
2.310908525381849543e+00
3.386545156055236649e+00
7.864075233674197030e+00
1.179318815420816069e+00
1.948388013617652348e+00
1.509455373962459213e+00
1.430943321936580581e+00
1.556478204778163388e+01
1.747854642682107773e+00
3.572836016496431899e+00
1.266436478090921902e+01
1.730240993839979424e+00
2.955337427389258309e+00
4.664969240966341246e+00
1.948633424367601341e+00
2.232121479721358881e+00
4.819650296606881490e+00
2.544047572194439777e+00
2.707938390797280270e+00
2.336525328229347664e+00
4.384150669439427439e+00
1.661546404747355865e+01
4.471015389157452447e+00
1.796463060040754511e+00
1.321041856221913724e+00
1.179751600353036389e+00
1.698700806628298565e+01
4.901253735672618461e+00
1.060793673072892851e+01
5.760580980003029872e+00
4.396696881400841583e+00
2.686676500302443760e+00
8.013885563716617311e-01
1.710156030421587037e+00
7.148647433392810724e-01
1.450958643526956671e+01
1.238044407322962615e+00
6.408570527812598172e+00
9.660908711646792213e+00
1.234587500995674825e+00
4.960940231552373625e+00
4.195029260185735964e+00
2.968015440725441767e+00
3.503956979138102668e+00
5.703273684492562445e+00
8.665727472983254520e-01
3.346935069229133308e+00
2.847090883814541673e+00
4.841599540467429463e+00
8.105831469790500954e-01
2.114297864521331949e+00
3.749052568089644932e+00
4.738519399735721116e+00
4.832157795736057082e+00
1.839562316859323809e+00
9.573770522614448719e-01
2.461243357805197540e+00
2.083987486657522759e+00
1.325232220785910009e+01
8.749088552663719653e+00
3.689335575091016395e+00
9.321672973713517329e-01
1.095592532277442110e+01
1.259172245822621772e+00
1.144278983324333865e+00
1.146356970862155933e+00
1.197175728188983612e+01
1.681876700637098265e+00
7.318840109270764671e+00
4.033418677063701274e+00
6.330435749745574547e+00
1.069083260046674866e+00
3.877660951527964084e+00
1.622718636694457706e+00
1.517815383668568385e+00
2.269040861760063699e+00
9.628420110475493843e+00
1.792464483825451760e+00
6.508910780558073483e+00
2.323532748319207197e+00
1.909054741223528584e+00
4.304970365086949968e+00
4.071980428309759148e+00
7.292809983464211498e+00
4.462415897095052486e+00
5.930843459021015285e+00
2.302786667164549161e+00
1.540364779319443711e+00
3.422083478913617416e+00
3.574551635502118074e+00
5.777928871791362830e+00
2.657399248426030702e+00
9.945140893302097496e+00
1.606250783009177008e+00
1.672146410792878735e+00
4.831269001228912785e+00
2.637538291699736970e+00
1.100082046076647302e+01
1.772757119565234074e+00
1.503944877608092057e+01
6.463456449104227897e-01
4.565012332063031586e+00
1.743790628384204178e+00
7.738809629481862906e+00
4.231424272515708296e+00
4.283678202629910281e+00
2.978087144092906868e+00
7.719807133362663443e+00
1.483979618940102885e+00
9.091090693618172125e+00
5.703246979609889245e+00
4.458020297649714081e+00
3.592088911647579152e+00
1.299328993387045328e+00
2.064062972193756451e+00
5.776717043908918825e-01
1.525666908619700779e+00
1.860212711575407907e+00
1.303097885851826288e+00
6.354720773802005951e+00
6.270780962262742619e+00
1.458740891677859253e+00
9.375934406729561355e-01
2.842841863030508343e+00
8.275598542382683220e+00
2.022231908897889952e+00
2.606553552676282859e+00
1.249513943084414080e+01
2.142152775150557353e+00
1.809112217927833832e+00
4.904373574548738901e+00
8.832255679536774595e-01
1.910421588912170288e+00
2.667102006555988947e+00
4.495220535900248393e+00
7.197234614585163115e+00
2.734740373588237627e+00
1.363966529521276394e+00
1.682497866303668488e+00
1.578533395902123271e+00
4.043477440285328406e+00
6.928849706220370219e-01
2.309812836909304945e+00
1.739943586391353270e+00
1.050158192422578241e+00
4.250933089325907410e+00
1.201211673241217248e+00
2.432606170090797271e+00
2.676202063891854444e+00
1.505820920814873398e+00
6.770791242481985606e+00
5.568354759022786205e+00
7.476760648023533129e+00
3.190203573777716350e+00
1.011402766338991288e+00
2.843909172816800002e+00
1.060133719001900454e+00
9.873259568730134106e+00
3.182492676834717038e+00
2.550978781915001825e+00
3.739624636265397761e+00
1.326407293833489431e+00
4.749037013712885447e+00
5.151741098541827490e+00
1.322076490582327324e+01
4.608286690697714683e+00
5.365120135639287469e-01
4.602446810161895385e+00
1.144462675141920682e+00
1.482971469519399399e+00
7.093016135700596969e+00
8.323031589082297899e+00
4.549562164071775605e+00
1.973290334960962955e+00
7.512998625270879138e+00
1.110120201487913505e+01
1.101385444279907810e+00
9.531624830296181017e+00
1.586903135887849592e+00
6.358201116407899534e+00
1.344006785004158377e+00
1.277418958547227534e+00
4.511666646999153762e+00
1.071909166498135724e+00
5.479456076006856691e+00
2.795017720084233215e+00
4.658626004295713052e+00
6.850878115724255757e+00
2.709147547180664084e+00
1.251062532456403886e+01
1.290196443891573885e+01
8.542111348356963063e+00
6.317730127974877874e+00
3.562939725668443192e+00
5.039434507862398327e+00
3.392156530401573278e+00
2.245818475682431270e+01
7.126921469432749845e+00
6.513443015260504509e+00
3.758272701246404335e+00
3.955028960983294706e+00
9.095499520047164665e+00
3.510347797089863775e+00
9.300981755668892292e-01
4.526402826741041885e+00
1.389124382325823781e+01
6.124011725524849403e+00
5.797427700200489475e+00
1.183916030522267793e+00
2.918204842884105421e+00
1.157741360035534628e+00
4.083346177481866235e+00
5.086768227940360099e+00
2.288275211988926472e+00
1.966345821302049401e+01
6.377035574568187926e+00
6.716528870542164853e+00
2.038347602311214590e+00
2.158478404446107390e+00
2.408732373474816502e+00
6.438954968982581129e+00
3.084483069379707398e+00
1.151386565662260386e+00
1.316762399049526522e+00
2.490494016246382447e+00
6.635444056476298869e+00
5.031193229388358112e+00
5.536361074543606264e+00
1.070682380122800925e+00
8.761852558135235114e+00
1.211833772078787597e+01
7.317171461763157581e+00
3.851949238115761620e+00
1.208686653042366554e+00
1.781343461159455632e+00
2.379539333478160046e+00
1.854508194857151349e+00
3.595369266552303600e+00
1.899536774152890795e+00
1.610090954222649140e+00
2.700161866055919457e+00
9.907407842240711915e+00
7.219664554971119586e+00
3.059410107764389153e+00
4.319386745377488346e+00
2.436303656218359315e+00
2.970848850266964547e+00
4.804857605091701345e+00
8.342079743530212976e-01
4.719905157109186788e+00
1.314404081015442038e+00
1.627158065063182502e+00
2.827641577243498627e+00
1.302279126432092760e+01
1.005103909768245884e+01
6.318442661951610972e+00
1.940478727488203603e+00
1.606963371631228377e+00
4.039238716489973235e+00
4.499467200399157818e+00
9.930960217926759759e-01
3.740573240591043458e+00
3.485687752528542571e+00
1.448187026294849300e+00
1.984938637567082997e+00
4.864352335387820858e+00
8.069747674578149343e+00
6.851597586707794285e+00
3.407601522046447950e+00
5.191839452148383494e-01
2.281536755680140693e+00
1.567981467850640298e+00
2.356504005628506704e+00
3.092999453126329623e+00
1.878314903837400962e+00
1.030956771531325922e+00
8.070022207447587803e+00
3.191402110826441429e+00
1.872207828419615305e+00
4.986964594940971551e+00
3.671307844565383505e+00
1.081001338141803103e+00
2.979536550502550618e+00
4.083218895598703213e+00
1.645449734539761177e+00
2.028888592188053508e+00
1.174196096800993017e+00
1.232023052095669424e+00
2.964309909455111303e+00
4.057226571345769806e+00
2.879797961628655756e+00
6.617370421086259391e+00
2.385595103970714170e+00
4.141226539262452100e+00
4.305186279247874559e+00
1.623450429085316671e+00
1.289134511515942805e+01
5.227385400633439261e+00
7.915674666481866240e+00
1.719882099543940113e+00
3.995324055498454374e+00
3.069981301883344393e+00
3.499934015263522102e+00
2.074798679182049632e+00
1.659762681297390907e+00
3.309820263511194849e+00
2.203456563912734811e+00
1.856855776568256511e+00
3.889423058533442834e+00
1.045089432477592162e+01
9.013316146663578055e-01
2.215192600999682515e+00
2.113764816544897673e+00
7.386131813109878763e+00
1.804870828542400218e+00
1.510544487374599498e+01
5.929865814175968808e+00
5.182180214128849549e+00
4.994841428112411386e+00
1.428870525951960291e+00
5.519328261071946073e+00
2.670041580272053849e+00
5.012872692255298190e+00
1.832281091203962431e+00
9.504873995848535984e+00
5.866400596309699900e+00
2.636241888009207113e+00
1.259335797502324050e+00
2.109489660294547431e+00
4.922640103684864599e+00
2.608502980795315285e+00
2.747988280034870279e+00
1.327775030697268299e+01
5.590864644937521888e+00
6.262897503950031641e+00
8.042453732599783578e+00
1.036607664156604258e+01
4.018386508622781683e+00
4.908417672581034452e+00
2.166160248758393081e+00
3.728874720178818603e+00
8.176975290369148386e-01
9.891941911153653066e+00
4.492062791226212326e+00
3.172786920619006690e+00
1.671652212239319146e+00
4.750035142382825981e+00
4.831403562119914175e-01
1.185310339595430307e+00
5.437344032376572045e-01
2.924898082087632467e+00
6.984208338161170815e+00
2.927008157393072629e+00
8.254846596929128477e-01
5.446304603590181870e+00
4.882276893077805546e+00
1.921978944306444959e+01
2.258305774112128628e+00
1.307307353038683173e+00
2.387108878952057811e+00
2.979231363472450766e+00
4.544445178923941064e+00
5.257276302238245158e+00
1.743434085324491845e+00
1.828824762561189754e+00
2.160766626344605701e+00
3.503481048655052721e+00
4.321206351472030249e+00
3.623399390028386957e+00
4.301435752754486863e+00
4.495942279319192991e+00
6.633662004662185474e+00
1.140484246869652551e+01
8.510765822873973541e-01
3.533291958694919188e+00
1.160741165233573291e+00
1.953520942532720239e+00
8.653689094070571297e-01
2.175786011226552574e+00
6.527554011424228975e+00
2.516824303855118128e+00
1.134534292637926711e+00
7.360307416939347869e-01
1.943490320018192996e+00
8.493830729964102488e+00
6.115330852750262558e+00
1.385713315721888828e+00
2.239646157910682778e+00
2.168518121591969994e+00
2.222608309515037739e+00
9.619893460091070381e+00
3.788586168253327280e+00
3.914059952711606005e+00
7.209773090406235596e+00
2.316494630105623287e+00
5.806438998121137729e+00
3.346943485617774883e+00
5.790025143894311555e+00
1.251476143553397424e+00
5.387146712383830582e+00
3.620472712400874649e+00
1.009658962166624008e+01
1.804417262492071128e+00
2.629002462181553312e+00
1.245105863615163289e+00
5.138713503189761944e+00
4.712969359767995137e+00
5.880888918587046987e+00
6.880524167815347703e+00
1.730799077145330767e+00
2.423167131104051908e+00
3.626949624466790478e+00
3.042941317941249668e+00
2.238898329113477192e+00
2.744095673958140136e+00
6.206736887936457947e+00
2.954392698958152152e+00
1.810811495697599360e+00
5.326036554284494962e+00
1.956889739211965518e+00
3.633850376434569984e+00
3.781068777360415023e+00
4.627543739450952209e+00
1.051420182538713277e+00
1.921421143077330695e+00
3.232306614530000122e+00
3.439973337938517783e+00
1.240504382802536609e+00
1.162217140843494700e+00
9.631057508441425163e-01
7.668231220640587820e-01
4.981892226124197798e+00
4.190371709613160078e+00
3.448960238371595821e+00
2.302615620903886384e+00
8.760908419174608497e+00
1.228702606161551358e+00
1.162669343997338345e+01
1.375911881162287642e+01
2.118603838400722417e+00
3.179620446224735275e+00
2.011872762291366801e+00
1.065824876420562894e+00
7.366473718632079226e+00
1.030377364146801078e+01
4.231281017984296788e+00
5.156712089032237323e+00
1.151010559313088821e+00
1.404403959480825748e+00
1.489354615194049547e+00
1.901501869563542835e+00
7.897060274562462956e-01
2.578842189059180612e+00
1.361515228231366281e+00
1.651253198327147231e+00
8.030018079840095524e+00
3.010361211996877895e+00
7.416915299312392129e+00
5.713138367874790902e+00
3.613952257039393157e+00
6.625834636420901091e+00
1.840911388770930301e+00
2.769604173218035204e+00
9.630803518199593682e+00
1.294986882774624704e+00
8.221181244753781314e-01
5.030354570602379560e+00
1.925175280578934833e+00
5.246680002932701647e+00
1.963731815988287055e+00
7.245791550298105399e+00
2.975238803843391899e+00
4.003042013625877971e+00
1.061021013711502725e+01
8.271385131632502663e+00
5.296256508527289242e+00
2.750866149988561826e+00
1.930347328052520739e+00
2.565032343087260802e+00
4.211472146423675511e+00
1.000644908250506226e+01
3.024794097520407288e+00
2.161125135538716879e+00
9.124652806321842391e+00
4.101662272503474149e+00
2.421617522553733970e+00
3.828148601010338936e+00
1.841252510998892644e+00
1.821872741360448744e+00
1.227119537705342101e+00
2.321666739208471775e+00
1.353110300040485381e+00
1.232698216629711396e+01
3.342329551999536186e+00
1.810550145829339819e+00
6.631643034380197754e+00
5.322096004879384168e+00
8.121355071096109768e+00
1.247353295637213755e+00
8.320341559308554125e+00
3.797387826585742143e+00
1.113499376895355830e+01
3.848397532775335694e+00
2.978993732776408443e+00
1.489998969163095710e+00
3.210257751150353833e+00
3.070729639569900637e+00
5.418437238039655490e+00
1.272896104277653428e+00
5.539998710505192214e+00
3.163879795707353448e+00
1.838191843701067363e+00
1.425758757974787017e+00
8.446075579760819352e+00
2.315354354788786484e+00
3.338852083871463261e+00
1.169220560021342115e+00
1.343412449713452439e+01
2.230010374335850365e+00
3.927459674202846251e+00
2.757893754617938509e+00
1.424427842120145504e+00
2.153354472760074856e+00
3.659742584827259115e+00
3.602122354502734325e+00
4.148953024143316348e+00
2.601952457631566684e+00
1.052492456650054198e+00
3.574202560409127205e+00
2.524667768738518614e+00
1.843869954719612680e+00
2.235294710916432948e+00
8.530719091833046663e-01
4.039565145615815922e+00
1.913054786563309051e+01
1.367529432385328425e+00
3.806676082792126437e+00
3.203209806258687120e+00
1.741674002649483688e+00
7.223937759314971174e+00
9.154389498852921747e-01
1.257101691247346276e+00
3.417069016019905980e+00
2.130115393005093782e+00
2.370247814458748437e+00
2.421807196576337251e+00
5.059389925157526946e+00
5.665554182642039471e+00
2.275916845572144354e+00
2.436726186170231401e+00
2.594799326964988495e+00
1.815286330592239095e+00
1.299929968176693373e+00
5.395275945056894784e+00
1.728549848801166799e+00
5.601980222764904482e+00
2.745361178835046267e+00
2.759952195485103399e+00
3.311482005940352469e+00
2.046260427098759216e+00
2.183887728799867034e+01
3.704518161373985929e+00
8.322607452397224881e-01
2.819520283921630899e+00
1.157101039555500144e+00
1.622763614548776490e+00
1.493760364426274023e+00
1.814972381346639629e+00
2.663519295958879152e+00
1.790672757411721605e+00
1.222419190342994622e+00
4.758835011421866490e+00
2.681041107228031350e+00
3.231318604588159005e+00
1.089192033315904773e+01
6.169372856028194185e+00
5.582558101955555685e+00
4.494431721684444270e+00
3.547145099774417165e+00
6.950557036097388952e+00
3.933749822441864996e+00
2.921183433344905822e+00
1.759278478273435198e+00
2.187271983049054125e+00
3.133610120697362778e+00
2.758967332110599635e+00
1.472587383418462625e+00
3.311283696962595169e+00
2.451818564212693285e+00
6.711727186230211917e-01
6.695367502387981062e-01
5.143864723630860780e+00
8.092331434686355962e+00
3.381473889589857951e+00
1.848695109470673614e+00
4.699409252084309152e+00
1.342107396862566748e+00
4.739879353525176420e+00
7.778661490213345964e+00
2.168434527457382188e+00
5.715401042543706289e+00
4.729638954387203498e+00
4.338369224073171715e+00
5.817679878001524862e+00
1.820319063685294614e+00
3.005616070680071861e+00
5.649933889247874319e+00
1.906424291435667495e+00
3.961096524297584853e+00
3.877543199190485623e+00
4.626987595266017550e+00
4.266441517816820905e+00
9.727365254549985574e-01
2.208488635630966979e+00
7.709014143075355818e+00
2.529865240149714811e+00
1.203332980189004031e+00
7.450986684782433533e-01
8.236067105860260806e-01
3.417372845430786121e+00
8.404832328822008369e-01
1.581662060469447573e+00
1.723385797771296746e+00
2.050283289086102911e+00
2.630347666181389599e+00
7.911596248124136643e+00
9.733525342787068269e-01
7.245167117505316723e-01
2.911320066947878260e+00
2.865424484459074161e+00
4.373896083407063706e+00
3.592325880772294422e+00
2.125104099572652228e+00
2.295190181226279602e+00
8.637388657335469677e-01
7.288152739607594022e+00
5.178556973632189475e+00
5.175177488538206916e+00
4.758911035467274786e+00
1.056063036390739285e+00
3.601832385997305597e+00
1.190623132518159100e+00
1.800659853974560409e+00
1.640068008744436412e+01
1.988616229193912011e+00
1.173220404162159802e+01
7.392827691954588332e+00
3.100683534775682038e+00
2.067062506431808888e+00
1.280867348859050958e+00
6.836219862788441848e-01
1.439256884735014230e+00
1.806747488773103205e+00
1.150970870223693154e+01
3.904010765846860576e+00
4.666542390766621473e+00
1.609135714698719077e+00
9.617787700277828922e-01
3.972167285720319629e+00
2.021170280138283815e+00
1.841287763208437767e+01
2.292090428121837498e+00
2.050190646055864541e+00
1.105235645562059998e+00
2.719815573191102676e+00
4.687947439778881176e+00
1.898874366079931875e+00
2.134427185256789539e+00
6.433232402956607920e-01
1.312137384382531202e+01
2.015988067923568661e+00
3.903728790865105824e-01
2.405205318415757798e+00
3.806803776640217407e+00
2.776422357436623134e+00
1.908910754161846635e+00
2.384207193443907968e+00
1.961925956325517140e+00
1.845794128220377806e+00
2.660205174516087290e+00
3.897349278158455554e+00
1.734299550702580239e+00
2.429441425097038199e+00
5.456244972233841750e+00
3.987933486122144711e+00
8.968125309918835164e-01
7.967445281804232948e+00
2.654134358603450483e+00
1.219400844061599987e+00
5.797076183465880383e+00
1.076920997659263968e+00
1.757420528342563015e+00
7.493159442540183512e+00
2.324123093029918152e+00
1.488134393748079543e+00
2.675740437535369942e+00
3.390889459770382253e+00
2.916063145947128454e+00
2.223251483762076042e+00
9.792226550557702192e-01
1.687439888568545543e+00
1.831710758251557047e+00
2.501654033269403055e+00
1.143838424660255759e+00
3.648732003430450899e+00
3.803589531143814817e+00
2.065415860095655809e+00
3.042252534766136218e+00
7.404878010334718930e-01
2.479530304498668070e+00
6.253293690710930441e+00
2.541255971779556422e+00
6.211370760356463627e+00
2.245506442279817882e+00
3.755017820001791851e+00
1.899003779248455981e+00
1.632636186267447442e+00
1.359864857620917356e+01
1.532929825835556814e+00
1.041049337168877598e+00
2.578692282750862930e+00
2.494334676570252096e+00
2.106732757303722448e+00
2.212746803686554742e+00
4.467016974295346721e+00
7.397293610181392420e-01
1.855638589170829356e+00
4.192758614877914347e+00
1.380044250973463615e+00
3.610391011521665305e+00
2.574603904934328558e+00
1.406514453321352720e+00
3.119719808962538199e+00
1.010023931416203391e+00
1.524769779045618057e+00
2.453535792583805719e+00
1.707765702478806435e+00
3.122466325863941794e+00
1.157741450517929760e+00
1.528946853896173241e+00
9.030513366648401430e+00
3.716478599242115433e+00
3.981780619575610025e+00
2.454869296077357266e+00
1.738285088031300996e+00
1.562349979537778655e+00
2.559354443919249267e+00
9.560249182682607483e-01
8.189126631260700506e+00
1.648836247704814850e+00
1.371446831739400629e+00
4.326704551657070574e+00
1.250998478871130581e+00
5.272813376843301647e+00
2.472841680024547184e+00
5.879436356078875825e+00
2.476154272499362818e+00
8.738814679177712152e-01
2.539517848220230523e+00
3.608958002363431117e+00
1.105339610862386079e+00
6.059482855362754883e+00
3.206430890319563076e+00
2.223920240422295969e+00
7.775457969664482327e+00
3.729257426104202189e+00
2.379337946883774535e+00
2.585498159686572706e+00
2.467007069011589948e+00
6.287068925240195227e+00
2.035404873256382974e+00
3.073381963179079523e+00
6.977467429378048536e+00
6.523770808841664604e-01
1.726413320091432668e+00
8.811553998049522773e-01
3.444910580849215531e+00
3.736625206083978856e+00
2.114001411536198027e+00
