1.414040980350369070e+00
1.520746066804918417e+00
1.657370555963587622e+00
1.959271386899616330e+00
1.491061885749357163e+00
1.459430931111882712e+00
1.154830330407301098e+00
1.620503373628296551e+00
1.026012963945768464e+00
9.784886398275743913e-01
1.363836696386154568e+00
1.652282395443646301e+00
2.093936018953033162e+00
1.667647220185580537e+00
1.539635291695133024e+00
1.126918989381711089e+00
1.831564086910118627e+00
1.348747525986299323e+00
2.032960486689062929e+00
1.391611062686944233e+00
1.129372110938731577e+00
1.802638628710435009e+00
1.539885751584906259e+00
1.355073426151766069e+00
1.386544853008943479e+00
1.393398638934309375e+00
9.726809818121862072e-01
2.099532352640263166e+00
1.391868349409284722e+00
1.256679132338520688e+00
1.820378049923085051e+00
1.761892243404133307e+00
1.454763631528933843e+00
1.486097776224140077e+00
1.471385053438861945e+00
1.061990790628464465e+00
1.962856443737357681e+00
2.125809488737120390e+00
1.538979300814221185e+00
1.471456631045090724e+00
1.415302561200241005e+00
1.572631489753798073e+00
1.450296182845644877e+00
1.307880259651900134e+00
1.305183452839777436e+00
1.366985887886191575e+00
1.929760460016018309e+00
1.762828549014417989e+00
1.610821720466681262e+00
1.268281409976017349e+00
1.748033072495169593e+00
1.566480671425156457e+00
1.299426582647384087e+00
1.383384634372260003e+00
1.291633675196722786e+00
1.776433021480776642e+00
1.333394300092527018e+00
1.338149964959198135e+00
1.494492604707620131e+00
1.828920965134809729e+00
1.633811567562212907e+00
1.625298835061474101e+00
1.844478403251596621e+00
1.726525102058774630e+00
1.667272652065337590e+00
1.407502049537621591e+00
1.422460440922132197e+00
1.202435715244936754e+00
1.548513707188371669e+00
1.889255871206166670e+00
1.993291241202970854e+00
1.150380344021571855e+00
1.489249128280345724e+00
1.380623681013565029e+00
1.606799082016277191e+00
1.662267148605027556e+00
1.632435073694851857e+00
1.970615913724313550e+00
1.859431555034369410e+00
1.624650022537611704e+00
1.740639699261258500e+00
1.453478955151288554e+00
1.460868312464778551e+00
1.567555451188892945e+00
1.346838028343527727e+00
1.686405637696848592e+00
1.393847106755328857e+00
1.625880099208322216e+00
1.784950944824194918e+00
1.905322280212224717e+00
1.573538412859312619e+00
1.160425526754405690e+00
2.535913353760508748e+00
1.471421871747083943e+00
1.620701069882024781e+00
1.365878886858420183e+00
1.489384514860240927e+00
1.627800538906720274e+00
1.910039531530691281e+00
1.965545257601548634e+00
1.646933085916346906e+00
8.888118513249322339e-01
1.631153377679401606e+00
1.528672375210857304e+00
1.542246083736656503e+00
1.447785823624443191e+00
1.444071516541484135e+00
1.374164290442030589e+00
1.556131181997393975e+00
1.711400185292129006e+00
1.471078104730969560e+00
1.567351494479424012e+00
1.678930240418239128e+00
1.594151543812772909e+00
1.235017742284274300e+00
1.399949346299721675e+00
1.320302237835912829e+00
1.559695714116081433e+00
1.332669425559658283e+00
1.590928480872289441e+00
1.541319175860505375e+00
1.812034933731603514e+00
1.269567800627945386e+00
1.434770770818562191e+00
1.318895479483508826e+00
1.603983375507027853e+00
1.889138819385929313e+00
1.825926684581706372e+00
1.374165559212262355e+00
2.133935305795179982e+00
1.358945271724014692e+00
1.535955026493133424e+00
1.783042247936088787e+00
1.084798784390088144e+00
1.367155717890373934e+00
1.629400723190703948e+00
1.234478895687570965e+00
1.627386065763249290e+00
2.000650603916046766e+00
1.488650740633261638e+00
1.711750194352977594e+00
2.494563616518050253e+00
1.264487271765194265e+00
1.291116105427541072e+00
1.650740940695924808e+00
1.382437665935653204e+00
1.379339984916752471e+00
2.143117515942436047e+00
1.235771873267142773e+00
1.180535964309499031e+00
1.631245996353591021e+00
1.431299731731529912e+00
1.465466412003024521e+00
2.037191912614051414e+00
1.320044648149400590e+00
9.176877100254527964e-01
1.471538219645059042e+00
1.359183310897277064e+00
1.392174469216923338e+00
1.485880855849535775e+00
1.679005749348340126e+00
1.409711253820673749e+00
2.499975876586001178e+00
1.498284153893122417e+00
1.586667167168398285e+00
1.386155866935080860e+00
1.278195298021876480e+00
2.307610370276520051e+00
1.363169235064589202e+00
1.643384111169251760e+00
1.584592276304740421e+00
1.567103177419480353e+00
1.557777911707608265e+00
2.032941637632756926e+00
1.318176443702846035e+00
1.409327605425839458e+00
1.248215550035775445e+00
1.396472861798501608e+00
1.765336416964377708e+00
1.722725733786578228e+00
1.589248238011372827e+00
1.250184085530972711e+00
9.741376298876434081e-01
1.598983465892578559e+00
1.997597189590911260e+00
1.367965862808241173e+00
1.364021142356088623e+00
1.679720980223933902e+00
1.920161628276998433e+00
1.433713372856852519e+00
1.303578607348423901e+00
1.152251703173022834e+00
1.446162563985551097e+00
1.984645685615108457e+00
1.132389944461958509e+00
1.416910785781750892e+00
1.151800798476940724e+00
1.308887072994701084e+00
1.643750365038560979e+00
1.281168185153146011e+00
1.640143926877471570e+00
1.745614552217109150e+00
1.387071400579900970e+00
2.011472863388390042e+00
1.829441094443182925e+00
1.970261891358434214e+00
1.101548049072326174e+00
1.403145354733266403e+00
1.383053769189420690e+00
1.450764964127541301e+00
1.752030903390703998e+00
1.457950704122770835e+00
1.344569386670260602e+00
1.079016668305291748e+00
1.613836349628128275e+00
1.591566527964824562e+00
1.335669663611171121e+00
1.579431163868503463e+00
1.869026237333618390e+00
1.135102186539852509e+00
1.648633219987053478e+00
1.605851526152746844e+00
1.317962331044774116e+00
1.645799697805917949e+00
1.069210688625274353e+00
1.441339777774091280e+00
1.776585983682345882e+00
1.382277442270855916e+00
1.476661746828274113e+00
1.575774447049026694e+00
1.629111136022139750e+00
1.904615407508977398e+00
1.494317427253239572e+00
2.075016343717360989e+00
1.725916443528292987e+00
1.389135405231978426e+00
1.561645041771006381e+00
1.594597066311164157e+00
1.944396066054223882e+00
1.462125228780331909e+00
1.387893779682285444e+00
1.417261612701172568e+00
1.942378109428584576e+00
1.917014626802257871e+00
1.309834585262901419e+00
1.868275456747666041e+00
1.481572462126282019e+00
1.785450790956410350e+00
1.392182471215944517e+00
1.382451905052397345e+00
1.110173378869897753e+00
1.697424156014423868e+00
1.515598877841963565e+00
1.008101787586257014e+00
1.801158969822099998e+00
2.121613641041084186e+00
1.601716103876138941e+00
1.210585796324868513e+00
1.401215425133937265e+00
1.472022069229429020e+00
1.264223245952282637e+00
1.385980564493531908e+00
1.439492879722014562e+00
1.492148380444872746e+00
1.742408028976626166e+00
1.452228648026110625e+00
1.531005409474419654e+00
1.470814856735498610e+00
1.441172484540911736e+00
1.550939569500828785e+00
2.373795842549081936e+00
1.708692125300008913e+00
1.445872166064233522e+00
1.536825918963768967e+00
1.719566011772902137e+00
1.475671922327698171e+00
1.580249026603745000e+00
1.995260770578920706e+00
1.325235702730082510e+00
1.622648182823418272e+00
1.613743869734761693e+00
1.361246015213599669e+00
1.395200803473874984e+00
1.619614353755144620e+00
1.272881912643099911e+00
1.484283198976792395e+00
1.176064937155281376e+00
1.592928965271024788e+00
1.284180897497260387e+00
1.169804640301327803e+00
1.247584535028346542e+00
1.153705821204092929e+00
1.912248472429672885e+00
1.280358939027007370e+00
1.503687354410095489e+00
7.537015963918854977e-01
1.354370885147004433e+00
1.419064874088787898e+00
1.594897854844744778e+00
1.726420902469236518e+00
1.268297763237030695e+00
1.636999279404196095e+00
1.584448299861370035e+00
2.186387226876090661e+00
1.736070930601196327e+00
1.763947961853770341e+00
1.621780653880201317e+00
1.468695967958640880e+00
2.087906363174942381e+00
1.603929726621137641e+00
1.410838316972075290e+00
1.274172247926157686e+00
1.630655028628759995e+00
1.089049864761107544e+00
1.501052495121472541e+00
1.600843361490731143e+00
1.320448319948308358e+00
1.247351747340166961e+00
1.668357499448893222e+00
1.040836247827846783e+00
1.467316364770902437e+00
1.418217491560110899e+00
1.505706723626446752e+00
1.564258772626233363e+00
1.439881849171566364e+00
1.419800305358991377e+00
1.204228333434931075e+00
1.768044902353128833e+00
1.457729168657731389e+00
1.551482249667797353e+00
1.850062647164811391e+00
1.596251850721005949e+00
2.098546548798495337e+00
1.823894381909626938e+00
1.260172755874562345e+00
1.564018022659332985e+00
1.989511922672889010e+00
1.423601130038261164e+00
1.180584168231331166e+00
1.366785016094046679e+00
1.469611707859779459e+00
1.808377610189690676e+00
1.435303793745621004e+00
1.775647785056306160e+00
1.480885830080500787e+00
1.628220807933942194e+00
1.419991729599739294e+00
1.705306550522625475e+00
1.561703557495975225e+00
1.434349582053405125e+00
1.647948716394006086e+00
2.129016481210650014e+00
1.570285445890358345e+00
1.681499952607851789e+00
9.457717022811765739e-01
1.436218778347223335e+00
1.617289494906690273e+00
1.424317739616768552e+00
1.413034976095084438e+00
1.535915315632600864e+00
1.504456321112052963e+00
1.704020662572483191e+00
1.342305820869613031e+00
2.039324627050811856e+00
1.326099081933443058e+00
1.259487494790127338e+00
1.327554867381293136e+00
1.950862680454055642e+00
1.472383642998235986e+00
1.211800766015554531e+00
1.520597567029404740e+00
1.149311193132650510e+00
1.603787458265635291e+00
1.693518530465481620e+00
1.603731302448277551e+00
1.278501142353453579e+00
1.544150701215369903e+00
1.442018207441014610e+00
1.477238176863802543e+00
1.415058726006432677e+00
1.538225932010744756e+00
1.180968804633562685e+00
1.512630910805190743e+00
2.130622776362637971e+00
1.234143223487977226e+00
1.603345032761062106e+00
2.230198328194111568e+00
1.477205323198009124e+00
1.861354438985448168e+00
8.934227788871228482e-01
1.670578831346059667e+00
1.240851365282475527e+00
1.269499928529214117e+00
1.931792481389648097e+00
1.488341959684760241e+00
1.804581551382484550e+00
1.157171102802053042e+00
2.068002423544144541e+00
1.189322409163347194e+00
1.954227533285815444e+00
1.369408553520175875e+00
1.315399068214295530e+00
1.064631017793687739e+00
1.466478043672779563e+00
1.778421361940228929e+00
1.009430281450522271e+00
1.607896557408780236e+00
1.190576409104090017e+00
1.210387329365600229e+00
1.165470408455434592e+00
1.458514377944053253e+00
1.163367897622668679e+00
1.339253928651378045e+00
1.345367447406410122e+00
2.241858936906531596e+00
1.018111258150774523e+00
1.629384533400666024e+00
1.208213549291281330e+00
1.162057391880409352e+00
1.682182343867224317e+00
1.360273584404072977e+00
1.776063832778038032e+00
1.427301518749054310e+00
1.295718444823179549e+00
1.531101416978333241e+00
2.130633611139502115e+00
1.895492866191732961e+00
1.770793810042093686e+00
1.687010169640040358e+00
1.916582728597640228e+00
1.531998845166249623e+00
1.324801489888141059e+00
1.801988848499975981e+00
1.621313594450095819e+00
1.926092473136108429e+00
2.559607981220834549e+00
1.435240346998585048e+00
1.517560863368997870e+00
1.517927483567602431e+00
1.479894422060149761e+00
2.055641252524794904e+00
1.506031464191019298e+00
1.679985351856197351e+00
1.263956112190294023e+00
1.726440911143887424e+00
1.924171733021290409e+00
1.263509170549663940e+00
1.244082851320473804e+00
1.629462035312220447e+00
1.556368003915887810e+00
1.665420998842276123e+00
1.203242967752909731e+00
1.255992184994425331e+00
1.658053163053972101e+00
1.180657014491543810e+00
2.571895085229756628e+00
1.560029459018169140e+00
1.478986016432695338e+00
1.137725134771885749e+00
1.141114336641381621e+00
1.565914699871870486e+00
1.530459479898893305e+00
1.988444117113782106e+00
1.373399286350463822e+00
1.445388075641218739e+00
1.808360754875987464e+00
1.539612553767939263e+00
1.193061568525745075e+00
1.230889364112112361e+00
1.629421052743435849e+00
1.771609334821835802e+00
1.568630048281802525e+00
1.620558731438562550e+00
1.755685039539639059e+00
1.732446332083624974e+00
1.854200572129040658e+00
1.375899350918282416e+00
1.104119328398122102e+00
1.615480552002420245e+00
1.356004161930129959e+00
1.704869046922120823e+00
1.677637447836612505e+00
1.555887201556955812e+00
1.264542845329989618e+00
1.621132771557265206e+00
1.942129920162983803e+00
1.260468221710720371e+00
1.210231040767834498e+00
1.837826968085948698e+00
1.163240401924402478e+00
1.549462267842987018e+00
1.134542961236408853e+00
1.504591745805797132e+00
1.053891087673944904e+00
1.785690614440775148e+00
2.093287999145558409e+00
1.594649964957071564e+00
1.761650034413893451e+00
1.419321342372643180e+00
1.854717470372654997e+00
1.321927012479853225e+00
1.359001043339653547e+00
1.907996627372537057e+00
1.163932489639690093e+00
1.794551042361493653e+00
1.354173226410869013e+00
1.139657800515045727e+00
1.974316522098546800e+00
1.526003240212667311e+00
2.045016345397372870e+00
1.160804473555497651e+00
1.173483468331678381e+00
1.294540912175911052e+00
1.419089638793799901e+00
1.666727698271916802e+00
1.935653859045216141e+00
1.322899106817686299e+00
1.489790244127641605e+00
1.442472386449259680e+00
1.507645343878894595e+00
1.248285355081945047e+00
1.096321373974416202e+00
2.181216186306389915e+00
1.763330830293998064e+00
1.345871300744177823e+00
1.395158717200820631e+00
1.861710361418392301e+00
1.588259351582378409e+00
1.293917167198471940e+00
1.322247365964231758e+00
1.387344565441342548e+00
1.005052817862074566e+00
1.282796570135921632e+00
2.053646639952225517e+00
2.034850167672518140e+00
1.696462138323137081e+00
1.767760465030346451e+00
1.471481562165077417e+00
1.152935967307539888e+00
1.658709840568392435e+00
1.608934676982973766e+00
1.352200375541982691e+00
1.119194766107225236e+00
1.622172305821333982e+00
1.588059687499944861e+00
1.486959421637564782e+00
1.685345447767311988e+00
1.604908016854045050e+00
1.564986719452729602e+00
1.486123530367275736e+00
1.354028988604396799e+00
1.418838165261931961e+00
1.519023983112342435e+00
1.462506598610449071e+00
1.337386870956426277e+00
1.473990103040443866e+00
1.593156162709766566e+00
1.421683914819124706e+00
1.633324980187042419e+00
1.469233245223373174e+00
1.389079914444220964e+00
1.928614446733012633e+00
1.867430774372888624e+00
1.237508499348858315e+00
1.221080121086111525e+00
1.645727209784210165e+00
2.366440905213757606e+00
1.208552407556072072e+00
1.850096839549193684e+00
1.660188697838765215e+00
1.550307475417166625e+00
1.856327419313350546e+00
1.222430497075325251e+00
1.251628339459667005e+00
1.483953563843205758e+00
1.059390301842355830e+00
1.315458448001810998e+00
1.086260391869045439e+00
1.182836224153493543e+00
1.547650227979231685e+00
1.580643070734877753e+00
1.556351184372610108e+00
1.728592831454526246e+00
1.967882082164254642e+00
1.426986457836223909e+00
1.465769007369382759e+00
2.016838941997631807e+00
1.394876549172873847e+00
1.388418023645054511e+00
1.599390881708416812e+00
1.421160885904790394e+00
1.399195054081992629e+00
1.441248883777440204e+00
1.359546690862631690e+00
1.628813835859678427e+00
1.325056774719065800e+00
1.836528286523132936e+00
1.506736117476354497e+00
1.361644142831816451e+00
1.654394723498017861e+00
1.221662903364123975e+00
1.836697127331650803e+00
1.504292103483909848e+00
1.807625921404527380e+00
1.412740322379286928e+00
1.436043220412294374e+00
1.829899040797855037e+00
1.192395400221529789e+00
1.247430099075251819e+00
1.583078310675932299e+00
1.738286251293195361e+00
1.754200048603190343e+00
1.570794347405338076e+00
1.326715140956738148e+00
1.761192976350753447e+00
1.155526478519549372e+00
1.517608653848775413e+00
1.171179214025182214e+00
1.339891320629707616e+00
1.543955899894466910e+00
1.404395093707879072e+00
1.094630670368910375e+00
1.373927914469938560e+00
1.324558630427001393e+00
1.427220109795349856e+00
1.411575251686771448e+00
1.361729379634623927e+00
1.562320523356192314e+00
1.829068491667103835e+00
2.155479745172550921e+00
1.405601584138973736e+00
2.388151917351248432e+00
1.123587339974783328e+00
1.563903228907922882e+00
1.426624965819913715e+00
1.541615782294176729e+00
1.694286007860543508e+00
1.134090753503890214e+00
1.194619446067121782e+00
1.613174229118404801e+00
1.162542061907441138e+00
1.449207872899382243e+00
1.462221036146875486e+00
1.457529291833563612e+00
1.220626870804572883e+00
1.800956408399700059e+00
2.123456698674931253e+00
1.292688427580943156e+00
1.182416814374414926e+00
1.372977465371636230e+00
1.651012217625734024e+00
1.585635574426139671e+00
1.610748500059590027e+00
1.730468817684938765e+00
1.180130720741963790e+00
1.470649084603572687e+00
1.110401688844978585e+00
1.422731065056813238e+00
9.414962508224087312e-01
1.773913380392981187e+00
1.505373101289986693e+00
1.826660385045554502e+00
1.178975047842092616e+00
1.296001327399402880e+00
1.205627205518793543e+00
1.760265844875985586e+00
1.146795173452175520e+00
1.613198178696681584e+00
1.830150180861374043e+00
1.281487203110544426e+00
1.673296195774419903e+00
1.890778671325957117e+00
1.413887252825108520e+00
1.329604083975827855e+00
1.659810201796544371e+00
1.227118305653044583e+00
1.843651234104614955e+00
1.353415579014982217e+00
1.449140709618313538e+00
1.638086763165315762e+00
1.731429153058620107e+00
1.216727990907784829e+00
1.702449375792590258e+00
1.474982732414544806e+00
1.640274351694321231e+00
1.795806853297589711e+00
1.314911897569784660e+00
2.214790669371436760e+00
1.693523568326194662e+00
1.415184982672516023e+00
1.197810769293100819e+00
1.936551494209147517e+00
1.859349518973756998e+00
1.353563156249617094e+00
1.783944498035785919e+00
1.143062115761771524e+00
9.510834108865287018e-01
1.553672697061749375e+00
1.473383882530430178e+00
1.422474866343710120e+00
1.458462898758642323e+00
1.769975039884668977e+00
1.310961808004327267e+00
1.520426201993869242e+00
1.504414955029567569e+00
1.765670176266043168e+00
1.285929019054665723e+00
1.194102162295255454e+00
1.275861807281090554e+00
1.678104743382580422e+00
1.463834649313474401e+00
1.105239803556286926e+00
1.465918199862878968e+00
1.365984309067851621e+00
1.152014620077181695e+00
1.523217368375069602e+00
1.704159914936291820e+00
1.720181144421484065e+00
1.379523827298067440e+00
1.540725481192910529e+00
1.751165345644361881e+00
1.633480269979702637e+00
1.571123486120305834e+00
1.474197904665203174e+00
1.198576564026163416e+00
2.096851175001906764e+00
1.530338227705996701e+00
2.143913976001933896e+00
1.580735787463631636e+00
2.010896298098260537e+00
2.064767526050932833e+00
1.485220006786072133e+00
1.008692535180905292e+00
1.310587375753519135e+00
1.613751290258747195e+00
1.642660046901441628e+00
2.073561047635916754e+00
1.310941938562148801e+00
1.610813537243592330e+00
1.490142321059163111e+00
1.333603404953175087e+00
1.739084614238626036e+00
1.673913650557029120e+00
1.521361360100880411e+00
1.600961778079689202e+00
1.252389616489792301e+00
1.354109425048412252e+00
1.303729428383697764e+00
1.325613412753932741e+00
1.610032656973596321e+00
1.595332113145572883e+00
1.687902704355140227e+00
1.594118341226965718e+00
1.846468194918013506e+00
1.311687755491444118e+00
2.284383874942820025e+00
2.199097526901768074e+00
1.258954177250014572e+00
1.418851895905007821e+00
1.633592431602465700e+00
1.015316204151826218e+00
1.365059582596426235e+00
1.436813872987364071e+00
1.544032913604819202e+00
1.548173423961031192e+00
1.781081043428272892e+00
1.524840661826548871e+00
1.183488129143070777e+00
1.312402484218421206e+00
2.520821630620837528e+00
1.458662288142021035e+00
1.461135816243292807e+00
1.125951677443143284e+00
1.216160361409459822e+00
1.519253276368729644e+00
1.517333865193795983e+00
1.238637020931094845e+00
1.133814343324380802e+00
1.101623338534682084e+00
1.879471290235674275e+00
1.512212229695252264e+00
1.392269694272817881e+00
1.701862645279581754e+00
2.022385972775753604e+00
1.651359358733624161e+00
1.595959857107639657e+00
1.231452978773036611e+00
1.413563925343424676e+00
1.382976072301039805e+00
1.516993629075263028e+00
1.417759209273797394e+00
1.318698763087907677e+00
1.419557694553826632e+00
1.914578979086068111e+00
1.249017457671096398e+00
1.679629398894135761e+00
1.258268988996800175e+00
1.147505176771153490e+00
1.308880740578246771e+00
1.683076561290173245e+00
2.318109230297987988e+00
1.281147771351942355e+00
1.424788988693816316e+00
1.305465268658337896e+00
1.746282192694881941e+00
1.264367213510977361e+00
1.438353607187978778e+00
1.780667414697125750e+00
1.692997255955672742e+00
1.698184906470165290e+00
1.225323798162439637e+00
9.845224152265295015e-01
1.400510433403959532e+00
1.911591492839463724e+00
1.734913224183934677e+00
1.092262125860609556e+00
1.206765826591605029e+00
1.350149886562401091e+00
1.242590341748224247e+00
1.203480817740058662e+00
1.924654188269236510e+00
1.002524668658782758e+00
1.441557119246441143e+00
1.234882105033881849e+00
1.438666086476797057e+00
1.384606577283265416e+00
1.609365999817094828e+00
1.507045183049259052e+00
1.033769312518775463e+00
1.564484381932838675e+00
1.355669804027725300e+00
1.541229819304483106e+00
1.623860012152947396e+00
1.253606774862030759e+00
1.410495315160460450e+00
1.928628724201202793e+00
1.650297892037854597e+00
1.529427241206293253e+00
1.249814164936743577e+00
1.624514439462420690e+00
1.360240471179962052e+00
1.403883383375146954e+00
1.629358090624369426e+00
1.609221024244102072e+00
1.198908891836501178e+00
1.647124889091414968e+00
1.334270608999406527e+00
1.436764116709102757e+00
1.284364252315640220e+00
1.601079609581682606e+00
1.299319268614452794e+00
1.430221056579877636e+00
2.024802104106553369e+00
1.518806596931767450e+00
1.475690851078802490e+00
1.462983635520759496e+00
1.274619174256348630e+00
1.125015562780366851e+00
1.960797088742764149e+00
1.239826099833057471e+00
1.461311493239564330e+00
1.193762201482944318e+00
1.426594753706034835e+00
1.489793393444618808e+00
1.186030371742849754e+00
1.635975619461921271e+00
1.247411816623519965e+00
1.414292200556751755e+00
1.414026093740133661e+00
1.749883375660444607e+00
1.456775988942557110e+00
1.575333959547505325e+00
1.712905610346810326e+00
1.376750837992116283e+00
1.393778046817761185e+00
1.831488636320341534e+00
1.561544010365521595e+00
1.413288292016410930e+00
1.485238220778237972e+00
1.612072774939868669e+00
1.352622386616324945e+00
1.097629035986345869e+00
1.498277546006841598e+00
1.626621115211591473e+00
1.160207856990255637e+00
1.699031800080239574e+00
1.362222837767980588e+00
1.504821967591116305e+00
1.334407018720686011e+00
1.473023595367455973e+00
1.738777374032304257e+00
1.727868923398886647e+00
1.506715134661448019e+00
2.130742989083961980e+00
2.153303675230446856e+00
1.814030637906162813e+00
1.241692970703139220e+00
1.938202909316823819e+00
1.198817666721196940e+00
2.301990529859620604e+00
1.076777287022276930e+00
1.143203996325114380e+00
1.457674797994725102e+00
1.566131286418839030e+00
1.621387092624958726e+00
1.436699645989729435e+00
1.136736524578783936e+00
1.460498765833326384e+00
1.456131985640681581e+00
1.070343662307273291e+00
1.356615251195546712e+00
1.418617297808953737e+00
1.799644296586604852e+00
1.880776670007016982e+00
1.099084526291130182e+00
1.827711895312004398e+00
1.314436870172295491e+00
1.155747997756386036e+00
1.438423639531053455e+00
1.319859956164325165e+00
1.086181103949818594e+00
1.185173002858753488e+00
1.097020936545863412e+00
1.304788832980599222e+00
1.372362068971236582e+00
1.419610431141417939e+00
1.579126523300180107e+00
1.401898386686932785e+00
1.653357071330873174e+00
1.642174645741416583e+00
1.125559177575294889e+00
1.153618750986340258e+00
1.766195316900463164e+00
1.166051400591344267e+00
1.252080215930132079e+00
1.431752222031689392e+00
1.637045541776464219e+00
1.746535277686451781e+00
1.453948531690161916e+00
1.648867087793067343e+00
1.126193526552207169e+00
1.471163949349738820e+00
1.174371831734158045e+00
1.610865863085501282e+00
1.664299028290213034e+00
1.553102158601431970e+00
1.472579315612760453e+00
1.380984448037643642e+00
1.349696671792449676e+00
1.527895403496413618e+00
1.471996687244910174e+00
1.518904191748809307e+00
1.640019035511228296e+00
1.478722897403747405e+00
1.043043421203723398e+00
1.493227074268781651e+00
1.437512143989432722e+00
1.225547234521874751e+00
1.601676205296540978e+00
1.943957526502538835e+00
1.174203024626982117e+00
1.527203966742059604e+00
2.367517658776397305e+00
1.942087131442561843e+00
1.432842386340372309e+00
1.828272388301102724e+00
1.207890875799519037e+00
1.242101516833494346e+00
1.577656326669322873e+00
1.287051523107873630e+00
1.612859348000044601e+00
1.387741005476775147e+00
1.576857699225536313e+00
1.622199097271403545e+00
8.053237675748805557e-01
1.716657365813529124e+00
1.409635288636287509e+00
2.037454290854408434e+00
1.348870899097019072e+00
1.635719376329166863e+00
1.515430103664318962e+00
1.294114077424325160e+00
1.734942900433432023e+00
1.589297307530446179e+00
1.258818540778309680e+00
1.475579264732588713e+00
1.358378598527184566e+00
1.402084245376716165e+00
1.262805522927196833e+00
1.609327780456364598e+00
1.324934156438857258e+00
1.529598588858864128e+00
1.584974745011967556e+00
1.730007097637777491e+00
1.869473369261755558e+00
1.704424045201727855e+00
1.907023759458575940e+00
1.204371162455273980e+00
1.823652542097460971e+00
1.938499956960825665e+00
