3.127909506622278180e+00
2.460483347885538574e+00
3.127439995720807175e+01
3.070501944214740764e+00
3.766523380112882347e+00
2.429575818453405756e+00
2.639354498869932453e+00
5.716862487925444825e+00
9.798996873053148482e-01
1.425909188905751579e+00
6.024492726235694207e+00
2.954681351952639190e+01
3.971973596585718802e+00
3.501029742924531174e+00
1.766899898038817973e+00
2.850171299539864478e+00
3.569749339893502960e+00
7.502670923410588166e+00
3.561839157725779526e+00
1.514442013512503138e+01
1.883027818248878305e+01
4.333853929366184410e+00
6.469382889117752278e+00
2.123981667428036513e+00
3.167976718421646076e+00
1.867464403513436677e+00
1.199821859613732888e+00
1.550613252852441448e+00
8.278117145743688621e-01
3.300649612907827102e+00
2.614548455566921170e+00
4.246616956397799569e+00
2.023569644096508746e+00
4.480433772103569190e+00
2.908822327073616876e+00
2.364335978049477927e+00
9.032042238212699692e-01
8.504898688401524964e+00
7.988375048943541223e+00
1.997269214109159474e+00
2.619455765157204130e+00
5.166640074856791998e+00
4.739382363898643646e+00
7.610668365084122255e-01
2.925253232930021596e+00
4.889580353107817245e+00
4.712587110863509565e+00
3.845153237068938079e+00
1.037022313078690194e+00
3.804396082260187217e+00
2.063047110958488251e+00
1.016846206183779699e+01
1.670381225830650962e+01
1.686369023331828743e+01
4.986083138495130740e+00
2.178325565015334142e+00
7.284028899904828602e-01
7.922061761108643907e+00
2.925403178970190865e+00
1.032803881386399780e+00
4.334359950538681616e+00
7.377338433568001896e+00
2.869818551908365656e+00
1.631403397014431489e+00
8.860854559321529322e+00
2.530981092397257104e+00
1.109248627281775201e+00
3.610244029774961394e+00
2.430287853126063879e+00
2.467780177498108785e+01
8.720465698452720682e-01
4.094658966933982924e+01
3.940109310203913751e+00
4.862460591145299382e+00
1.755681438910306813e+00
1.107168794027792558e+00
6.755757655882127510e-01
1.531170123141617490e+00
4.229408250471484720e+00
1.069292266483985365e+01
7.684448010335335200e-01
1.674343250601584954e+00
2.001720376244611632e+00
1.492311551752279586e+00
1.827642927099295989e+00
4.147264450213514309e+00
1.406283847717316959e+00
8.005293702240416920e-01
5.000877467005282462e+00
4.064127956349545268e-01
1.792768086593037546e+00
2.584965792046055366e+00
4.179235839344824122e+00
5.568826180585755736e+00
2.553064773338491023e+00
1.282474714448204489e+00
1.034653298235494567e+00
1.065719661989035227e+00
9.680402194167863072e-01
3.211429877531532640e+00
1.233532441478050679e+01
7.789280739337444359e+00
1.918242932609968143e+00
9.327119176977596737e+00
1.980975680862036681e+00
6.846981969425358194e+00
7.323543136152068200e+00
1.552231660355580445e+01
1.901314504297205055e+00
2.096071375129553438e+00
2.077528124016859934e+00
2.740802958002047518e+01
5.072904788874437187e+00
1.463407443514545214e+00
3.132617085838919735e+00
9.019994422479434837e-01
6.637618336065442826e+00
6.182715137655940829e+00
1.669728503553636401e+01
5.012396168338665525e+00
4.025730706244991630e+00
1.066157811750371032e+01
2.264700369051605833e+01
2.837284301631712413e+00
5.014082287970476060e+00
4.106734801586381600e+00
1.324608767605399473e+00
1.315646609838512227e+00
2.151996037456313626e+00
4.381699379825541585e-01
1.459617820540385802e+00
1.449063543936427001e+00
1.501313162497958764e+00
1.600615132157019893e+00
1.146274186765008585e+00
8.159697907464527944e+00
8.394396544990954112e+00
8.688889759680467506e+00
7.534708800051749256e-01
5.951112185081152361e+00
3.039195967352240402e+00
5.416691563589330904e+00
1.872144030141604354e+00
2.850529613028973674e+00
1.176987754374699691e+01
3.155195995867106973e+00
8.465860556581741747e+00
3.123275675653560679e+00
4.929952351822838530e+00
5.937682642260745602e+00
3.366470515935601426e+00
1.002291145882083123e+00
2.158524954047672306e+00
4.032148758977157854e+00
1.493778376287833609e+00
5.835643790951226428e+00
7.340391192734918580e-01
8.527558337299465663e+00
4.527848569363866815e+00
3.389060610194642109e+00
4.925447471500074670e+00
5.694188485318267823e+00
3.121062823151738108e+00
3.816649136851038904e+00
2.364819273094852792e-01
3.510902980769557313e+00
9.433176457412690841e-01
1.329355391878689474e+01
5.409954921826705565e+00
1.917950721880602671e+00
3.162676617678088942e+00
5.986883823774880042e-01
8.320670042679870093e+00
1.587560073591371079e+00
1.501674713549201012e+00
1.424146775593423264e+01
1.259165248663714465e+01
1.038270195815188579e+01
3.570905334190963121e+00
1.184877396476391898e+00
1.533687894506874150e+00
1.741095170804506598e+00
6.360514440215633059e+00
2.475405496718216369e+01
5.877638393495788094e+00
1.683212346213425858e+00
3.417354807703703923e+00
2.846662302127938471e+00
2.003514118497570884e+00
8.043751540575559744e+00
4.731028289314978430e+00
3.176772154662983905e+00
4.426878320002133327e-01
3.060012844154000433e+00
4.596407799268877881e+00
1.032737031557968876e+01
2.460955690919265137e+00
2.464876286252845716e+00
6.208451413214400638e+00
1.531052903681404231e+00
1.747908581435284958e+01
9.043806412792777749e+00
4.510123192843093598e+00
7.565028011792329643e+00
6.151489592210908519e+00
3.717132844643115774e+00
7.553752951553914796e-01
2.009331308331597565e+00
4.136578223737554794e+00
1.851624428226751817e+01
4.076420375648067917e+00
6.341239804117498879e-01
1.497578710982652828e+00
3.668537820996920829e+00
1.834858420169818061e+01
1.562863153103811076e+00
1.405728189337443901e+01
9.683055997068130694e+00
3.389417958695301714e+00
5.262550979987977051e+00
2.293729884105220052e+01
1.720220205132555913e+00
6.698074903107473776e-01
1.152286230781865406e+01
1.283983274380712247e+00
1.190154509346269229e+01
1.263616721821726152e+01
4.873048275420016395e+00
1.307987720230419537e+00
1.712219053417892489e+00
2.664321347008138829e+00
1.609505262792143121e+00
1.617082943413856810e+01
4.069309302616286317e+00
1.107842019398655609e+01
1.313858013609941811e+00
1.028110733077588712e+01
3.687534371695370794e+00
5.526769541242856576e+00
6.803367676124523200e+00
1.984321947475896053e+01
1.338856399900789862e+00
7.355806115525920674e+00
1.600166105101764602e+00
3.998276312596458659e+00
6.414950705569183675e+00
5.601997466328464981e+01
3.492437272385153335e+00
5.267605206942483242e+00
3.041471131284429141e+00
2.899452487948445789e+00
2.432965809591851158e+00
3.558120166848714572e+00
7.918541108276019536e+00
3.695617321311533754e+00
9.516166458769214742e+00
9.429054028125497311e+00
2.571711162244786131e+00
1.488786323139859036e+00
4.510682112955077372e+00
2.743689053894597052e+00
5.903384916373695113e+00
8.081913472504492546e+00
1.202697526664349859e+01
4.284223426549357505e+00
4.084765985734976290e+00
1.032548763836020278e+01
4.172177439832815082e+00
2.434177869779031500e+00
5.605676137753366817e+00
5.282030001943621711e-01
2.804583393827503102e+00
1.062834109625641332e+01
4.477368128500575750e+00
1.767514273107880340e+00
5.805128899802987075e-01
2.972519906013100233e+00
7.871977896733149294e+00
5.439164878874054310e+00
1.638785241811714144e+00
1.196780395272353914e+01
9.388646802506533717e+00
6.734549107522459721e+00
8.949707434950632035e+00
2.540726560379942267e+00
5.903575630235316396e+00
7.873373707836524016e-01
1.295124520165382931e+00
4.638587897842216812e+00
2.407467636771254416e+00
3.081577611748216761e+00
7.795355352036222207e+00
3.388112479413461831e+00
7.467231391014496289e+00
1.690001143602351652e+00
1.499941429026225137e+01
1.520335313351847795e+01
9.530827288468474379e+00
4.761615441058244969e+00
3.264950755570835472e+00
7.878637974967893642e-01
6.298069527798557665e+00
1.807101115113377121e+00
1.539106265984757727e+01
8.516270954056459175e+00
2.735576687337294199e+00
5.215273072640217222e+00
1.336098654403277664e+01
1.252363576895960406e+01
3.280844518095245466e+00
2.854707620595818618e+00
4.560537900825992530e+00
1.777971792400481865e+00
1.683667509935620998e+01
9.364999759356546605e+00
2.534148558069241108e+00
5.440481326928183314e+00
1.059026903766131333e+01
4.104145374534551749e+00
5.271127317569556103e-01
2.167717033980517183e+00
8.217620055811899249e+00
5.853958108048360032e+00
3.980442909853402433e+00
1.671229659216895813e+00
1.895440588246767311e+00
3.182739979054911128e+00
2.577164793784245234e+00
4.049812104829739745e+00
3.453070818102670358e+00
3.633645583914249855e+00
2.312578612599616612e+00
3.992437062328177522e+00
7.026304673040681514e+00
2.194388856926429554e+01
1.437608479540059392e+01
1.242398517215562315e+01
1.671371632736472490e+00
2.564675974713698459e+00
5.366803335814577913e+00
6.048496147554888180e-01
8.586107020714317528e-01
6.327203061989295385e+00
2.025335003022845193e+00
1.875778334778793743e+00
2.905921082113986476e+00
2.661256251037139364e+00
2.547737820301517742e-01
4.411092301449271780e+00
1.174804916227755314e+01
8.440457168830089785e+00
1.918755671116617600e+00
1.433603823375797326e+01
8.994500147423750702e-01
1.442144535530350780e+01
3.130052852158970111e+00
1.907795199075667414e+00
6.300407012217424940e-01
4.832885627049685051e-01
1.226336518131044429e+01
1.919195594566113439e+00
2.560830774597860238e+00
3.483818220114623276e+00
2.852848455098740743e+00
3.410893750326997598e+00
2.069468256571626696e+00
3.525917038538920245e+00
7.314436850793585521e+00
1.333164018749933177e+01
4.368569937779838597e+00
4.725822912749608662e+01
2.543076145231107255e+00
9.540874678567808687e+00
2.879121517099842986e+00
1.179845312535555202e+01
2.688676141842191925e+01
1.940216604607000850e+00
4.362489857809601190e+00
2.051816167228821541e+00
2.287777477080906952e+00
6.286868285614610752e-01
1.063270860481727587e+00
3.857285899811870422e+00
2.247831466734492523e+00
8.674569875421734855e-01
1.815894257681276436e+00
4.089202302708042858e+00
2.027232092648779460e+00
5.036195613525452863e+00
5.467240298558506240e+00
6.985843436287123787e+00
6.777032891865427677e-01
2.392746935536465447e+00
1.339841483979341996e+00
1.572198072356353116e+00
3.348243098560909292e+00
3.970561374040445735e+00
4.538566171144544192e+00
1.295326310529280045e+00
7.175806606825760880e+00
3.654436266458341187e+00
3.699139518947470506e+00
2.745785385100017351e+00
6.140555356509119989e+00
1.649049237410042501e+00
7.683129820428163725e+00
8.468570510817482244e+00
2.152642449537923941e+00
2.572599792158767329e+00
8.144262748924136375e+00
2.077242815741589421e+00
1.459206021411720045e+01
1.601570872295398518e+00
1.185161237372650556e+00
1.547409303774148093e+00
1.244328324019052978e+01
5.515203965174694467e+00
3.547559874646527334e+00
1.029315692461169895e+01
1.325924146458437924e+01
8.539964051245843013e-01
2.190754389843562855e+00
9.732250083378668037e+00
3.349541175683073746e+00
4.395773641366523599e+00
1.987366823649110881e+00
1.804672053214459115e+00
1.073997648598149723e+00
4.991074641818933344e+00
1.746088848967952911e+00
8.926917671797800935e+00
1.481972338674725620e+01
3.198913703093513750e+00
1.799240796027909761e+00
1.199901908350391233e+00
1.432872446626061613e+00
2.497639557374333297e+00
3.352055928100594162e+00
2.120642118932948517e+00
2.713672329513368453e+00
5.036004408934473986e+00
2.171637032941587719e+00
2.600875801987196034e+00
1.844324190637880445e+00
1.839217402710748184e+00
1.968992952108477912e+00
6.419791254796068714e+00
4.735074895085769064e+00
1.623338776181167509e+00
2.149660971596670134e+00
7.845673242893457910e+00
4.678910637659140725e+00
4.343882451974159231e+00
1.793443032283877248e+00
4.694666926652771188e+00
4.112170116418419674e+00
4.548283524027133318e+00
2.134751821010876238e+00
2.965330709200202364e+00
1.779966824460902375e+00
3.068144239898540349e+01
3.861011521526922952e+00
6.250630792913151268e+00
3.815994765198352567e+00
9.012767163833936834e-01
4.143688562455036362e+00
4.955468283695395826e+00
2.372909861149324229e+00
7.512671264961625184e+00
6.513315576030957565e+00
1.363540171926221012e+00
6.093136408513238678e+00
1.717544479242386180e+00
1.806633723427296667e+00
2.089693135110928246e+00
2.543116741697453609e+00
5.704789303434067982e+00
5.912278836257326198e+00
1.791614765855699121e+00
4.114064356742408002e+00
6.869821133298470883e+00
1.267109192302230980e+01
5.512430496650185141e+00
2.392251303712830346e+00
1.478680956308122596e+01
5.022548466723224525e-01
1.486175051255678836e+00
2.486846464979796334e+00
5.929738852484738310e-01
1.327450316140441844e+00
2.982151221635806237e+01
1.619264742978289817e+00
2.408895398272286936e+00
7.125807305559249016e+00
1.545066319728752635e+00
7.813039610325925644e+00
8.759173561024129029e+00
8.679291022825070812e+00
5.402024114426578372e+00
7.771121466640509290e+00
1.378619916364825926e+01
6.291201700000178754e+00
2.259914307400706868e+00
2.565167334284419898e+00
1.011938913040494192e+01
8.718245021379429360e+00
8.000364427096661402e+00
1.357360603116481990e+00
2.965986135753007069e+00
3.119726137322242909e+00
8.773573693013341668e+00
9.414644118233363557e+00
5.908742336419947172e+00
1.919950435032354852e+00
8.134907078491041332e+00
3.369341077864123069e+00
7.855245232773364172e+00
3.772640663769712521e+00
4.482294639522000246e+00
1.349444822742831063e+00
6.332713440923385395e-01
3.006522342730061226e+01
3.380220198889382743e+00
1.400346072358351845e+00
3.545094689944050970e+00
7.199055425248678253e-01
3.201039472414288323e+00
1.170028658841270719e+00
9.304295931622679205e+00
1.483384459641642561e+00
2.407580154941882711e+00
5.307903808813358992e+00
1.194598661244016213e+01
2.335142662208995024e+00
3.814499740021053409e+00
9.907205996528269054e+00
1.594182745632027753e+01
9.879794253840197271e+00
1.457099270593450457e+00
1.339999145420727977e+01
1.319637272044773324e+00
2.588878235236257819e+00
2.243160261815617229e+00
1.353742132602189008e+00
9.737520808179111143e+00
1.157550807746165367e+00
5.973292364736979554e-01
2.436957431001244512e+00
1.265619869770114425e+00
2.388166995769144485e+00
6.360101829280640828e+00
1.401430233043979623e+00
7.777045754646146669e+00
5.264450476281763436e+00
1.911431930623907594e+00
7.396946681642860177e+00
3.884174154686935498e+00
1.201067181196034506e+00
1.915930562046101571e+00
1.448763786439073797e+01
2.836756223938961430e+00
1.627815958610606462e+00
1.947150080327333610e+00
1.188745896027284488e+01
7.562108567390406044e+00
3.599879021745158614e+00
1.975821009880281531e+00
1.979183282718808057e+00
3.894300452194754847e+00
1.614837764251596752e+01
1.725413287349292002e+00
5.339897133389756689e+00
3.108040129857223999e+00
1.981147414477763435e+00
1.534601748539815125e+00
8.056051985517131087e+00
1.290952021321613241e+00
7.498917233622519607e-01
1.266110672097131351e+00
1.240270812653558208e+00
1.251078891079331790e+00
9.356493927212921946e+00
4.033324100825133485e+00
7.170126068038976674e-01
4.697380787021418591e+00
1.215004101749144461e+01
1.306546914941136883e+01
9.745646119200928936e+00
6.431029572078350576e-01
8.766947421461377843e+00
5.370150435305076186e+00
6.680016175904953002e+00
4.362978046378382935e+00
1.227493641648695188e+01
1.020801892946640166e+01
5.929110617584652410e+00
4.167505224902162908e+00
1.251195977088729094e+00
2.114982344013666804e+00
3.707152328298659150e+00
8.382791317610577053e+00
5.744718841550588095e+00
7.758544951829780878e+00
7.383026514188053113e+00
1.338316175810073894e+00
3.536535270719294299e+00
2.552805779031805056e+00
1.286862313659276325e+01
3.191515925634822004e+00
2.928204205599779897e+00
3.978524259709692590e+00
5.030332132044669002e+00
9.912898093724676229e+00
1.402722271126201825e+01
3.638777688622782058e+00
1.994451004049453635e+00
1.989426546744380886e+01
5.482256861518456148e+00
3.994701401381669292e+00
5.261764703205904503e+00
8.507053973510099176e-01
2.254190216864275342e+00
3.237098084508352347e+00
1.816360360400756546e+00
5.677774629393211647e+00
2.656341363573766490e+00
9.886238301782094950e+00
4.878855169743032683e+00
3.929770097408509688e+00
2.481866777951088565e+00
6.949357544371056683e+00
9.266442584063770971e-01
5.553760732352555074e+00
1.669323196833878420e+00
4.130596081778361572e+00
1.318420647759189102e+00
1.287439895639647247e+01
8.027493921717705483e-01
1.310645478707367140e+00
2.094635478636387660e+00
9.454041935454372547e-01
2.692317275187637193e+00
2.147247170032597907e+00
4.818508585518946674e+00
3.878266786124032972e+00
2.323040397940910662e+00
2.542905407614790558e+00
3.275249033893746553e+00
2.629971308212064152e+00
1.179852727349984143e+01
1.839592322453809814e+01
6.303807754760462956e+00
3.523365976072437178e+00
6.886342842240369855e+00
6.259626516239737981e-01
1.019890499393133254e+00
2.930319942558018642e+00
7.755213357680010233e+01
1.334480877718465486e+01
1.044542435000071556e+01
4.579285400532998374e+00
3.580524880812919086e+00
2.120847373725852236e+01
4.220709004644004558e+00
2.925902517280868587e+00
9.691282589158102923e+00
1.657409442805612088e+01
7.582577593255268589e+00
5.356157703994826491e+00
1.752876486287721747e+00
6.414823659910396714e+00
2.025375657487241199e+01
4.082398113323487010e+00
6.829648095938827268e+00
1.225964984551351122e+01
1.865282849806646492e+00
4.313805894358797133e+00
5.784308588795020967e+00
2.559046342248036510e+00
1.533587211040373210e+00
1.509097107914593572e+01
1.755232898791265983e+00
1.726072839321364905e+00
4.505791578426688204e+00
5.797927898351972864e+00
8.072152179884160006e-01
2.321269217063138157e+00
3.417899112205007750e+00
1.291989175230474185e+00
2.222306221804410598e+01
2.652581663648035715e+01
7.998983849388677569e+00
8.979550714227987340e-01
4.562977642682816359e+00
2.054263918618685736e+00
1.199852665483500047e+01
1.121219014360712762e+01
3.428253964496719153e+00
1.754197687514221826e+01
5.723108686034491299e+00
2.977209533883124593e+00
1.746031990222054731e+01
3.864831901317261842e+00
1.216251129598875735e+01
1.109664807801710928e+01
1.330789158419963236e+01
1.754531294783044970e+01
2.294737921672729719e+00
3.552798486501838937e+00
9.928807727237416003e+00
1.834781479329507548e+01
1.484200806342799828e+00
6.351899655465738093e-01
1.114836932445218309e+00
3.031400449935211849e+00
1.352363961579381657e+00
1.128795113720633125e+01
7.909839680951921359e+00
1.069659983979559748e+01
6.416471511154925311e-01
6.316824062338804779e+00
5.592126602409416947e+00
3.258355958504975280e+00
2.702654721009356997e+00
7.157742857899428657e+00
5.951844152571921676e+00
6.566934317037398827e+00
3.197096228241153248e+00
1.210880974214381123e+00
8.100741383445817512e-01
6.598080567840820088e+00
7.657014356732999572e-01
1.139677105920001932e+00
8.727001066797132722e+00
1.995901274942559978e+00
1.037570834903550931e+01
1.854391830691518361e+00
1.933362137324311503e+00
1.313259040977713710e+01
1.287739019780399952e+00
5.164706923404489558e+00
9.138637063576013020e+00
4.853334833090990896e-01
2.667643690119037903e+00
1.820091303003049887e+00
4.600705231413628304e+00
2.079899035069459945e+00
9.274501752332389160e-01
2.995779551549833108e+00
4.591827068538751888e+00
3.173669148595803957e+00
9.688281519033715483e+00
3.615721978970527939e+00
1.599029037953351828e+00
2.795804005417232396e+00
6.011423797978775241e+00
1.657293049187005929e+00
4.807527819564421101e+00
1.548310065148686121e+01
7.220386822406486438e+00
9.833640525359705897e-01
3.375350634319903342e+00
5.601288955193038710e+00
1.016147553699372486e+00
1.664537380113938259e+00
2.978580515852998101e+00
3.066534118618229332e+00
6.303746562505827988e+00
1.431805262956100666e+00
6.368116747686488388e+00
1.936142299498873287e+00
8.537771381324055220e-01
6.668928400228558040e+00
2.392355871821427282e+00
5.913790767922733060e+00
6.979623291943592100e+00
1.220318711237940335e+01
1.492989596545617026e+00
7.086564528307001787e+00
2.348195129921838653e+00
5.233585452802926419e+00
7.147259150097999836e+00
2.697553026420377531e+00
6.318508425741089063e+00
3.682719004848275635e+00
7.181851413464069189e+00
7.137325077428941178e+00
1.543301308161149299e+00
1.662404297051906354e+01
1.396477732393013094e+00
1.430086211952430375e+01
1.743780260655336978e+00
5.579308110022015654e+00
1.187690892678211796e+01
1.193662523127133168e+00
6.870385395419883245e+00
6.159626459518991126e+00
1.994134498809209788e+00
5.494332884302497000e+00
8.818854938029378587e+00
2.439884287781941996e+00
4.248045328666847809e+00
8.569930867167901312e+00
9.435752536572905580e-01
3.981730492005018718e+00
3.169454935351335045e+00
1.225016724958818415e+01
4.130773168526463479e+00
1.460880681810480475e+00
3.132026357254086957e+00
8.360636544942678938e+00
2.098162635595298298e+01
5.268789521530631959e+00
1.308985504609118777e+00
1.085806066335444742e+00
3.034479644613001348e+00
1.731372529863167475e+00
6.266215254111882071e-01
2.646203192948429095e+00
1.646036736563133651e+00
3.368465612886566873e+00
8.903677182792807399e-01
8.008598215095634743e+00
9.424122244312426844e+00
2.282137823447547831e+01
3.017313078068040166e+00
1.719563841998487330e+00
7.081304070523350980e+00
2.096549832065741192e+00
1.837772533012845155e+00
2.824284255766257523e+00
1.884919684298821396e+00
4.353881100863449483e+00
2.551948390613403284e+00
2.248244912662689998e+00
9.419128496902795078e+00
2.553554713855879843e+00
2.170419624432405215e+00
2.427822313528044340e+00
1.288690701798207661e+00
1.254470553240720765e+00
3.233832036251623077e+00
1.644717474960869952e+00
4.299190994079214789e+00
2.003856984954075937e+00
4.035284390543374400e+00
4.110340733317782380e+00
1.310467667461014507e+00
1.037039856268915816e+00
7.194756494090207788e+00
5.747812042931897736e+00
4.321853252184563843e+00
2.882080204350809804e+00
1.313036791839408224e+01
4.710408199006992369e+00
2.094587937809654932e+01
1.938851341794125327e+00
1.912473404154541923e+00
9.749191577815032872e+00
6.479549619228045287e+00
2.211769984103761999e+01
7.312680609907051377e+00
7.190129265890358390e+00
3.013662585683001716e+00
5.545914396339448160e+00
2.363389689361037327e+00
2.846817726987604047e+00
1.664309634763365686e+00
5.014829879601607310e+00
2.475126391070864784e+01
4.081474491500039825e+00
4.324486519704168863e+00
1.313653648939287599e+00
8.329679410399447592e-01
2.221218088716855998e+00
2.834485557097475628e+00
3.614561973296258390e+00
3.266229283095829050e+00
3.200681461811534945e+01
2.450437398766808883e+00
7.046300012495046339e+00
7.131269348722986123e+00
3.218092636986035870e+00
6.728376423562535402e-01
2.113370854261461318e+00
6.148350773625994581e-01
9.783911085226020266e-01
2.137456576484625170e+00
1.212570357248420327e+00
4.778733099254059091e+00
3.509590323527306044e+00
2.188994286217636809e+00
8.000804115354430479e+00
1.075783312954259507e+01
1.243810416008904696e+01
1.192175113564408973e+00
8.670109458895886689e+00
1.437893029113151533e+00
4.729902588420769050e+00
2.606010034808525333e+00
3.676524101500638686e+00
1.158874254554457250e+00
3.973146559904476849e+00
1.494866530757956724e+00
2.849564491136052169e+01
1.792780509741802364e+00
2.184143297844208131e+00
1.698704547429711553e+00
5.511957293924987233e+00
1.851466434171251008e+00
1.060664868471583233e+01
2.035829890156490052e+01
8.017376036956415319e+00
3.139283420951297199e+00
2.308393656971446273e+00
6.337811818028123767e+00
6.547316568585303642e+00
9.565501113358649832e-01
4.793927166512876870e-01
1.387446538451630351e+00
4.068868069934138632e+00
3.543532943392056467e+01
4.977215479913803087e+00
9.974419841674265763e-01
1.337116185804218205e+01
1.427226780047646137e+01
1.153314975457916169e+00
2.267449796017863672e+00
1.169828964236272695e+00
3.039373612290012350e+00
8.676617560343556912e-01
3.796836550040163516e+00
7.751188956583035861e+00
1.558482384612988714e+00
5.742974177384480683e+00
1.559489186328722798e+00
1.167413576732323044e+00
1.887222729420968692e+00
1.114456116018840959e+01
3.532039367609140168e+00
1.009496261209469381e+01
2.653102277987066770e+00
2.706571745628393977e+00
9.023040393745694887e-01
2.634160464412098168e+00
1.393967285397937239e+01
2.045570276807627863e+01
6.167018236174767409e+00
6.010257928357393808e+00
3.613946911754646774e+00
2.610211789762417300e+00
5.873259292731612291e+00
4.178861802316292540e+01
3.202831787300350896e+00
2.435508151792289411e+00
5.322123470293582237e+00
3.750498010970066076e+00
3.530731983966303744e+01
5.335478426669277852e+00
1.866921234990878364e+00
5.257769164272815487e+00
5.015707683760610713e+00
1.097169967855703421e+00
1.436903569107302658e+00
4.776472872786182045e+00
1.898318720553674233e+00
1.445331960677415095e+00
3.258851819846737552e+00
1.787608248253585552e+00
2.365188135068014841e+00
1.642845087816422378e+01
3.028284740160668953e+00
7.587778649370878981e+00
3.705859651382862996e+00
1.622895815647635409e+00
1.234503753136540993e+01
2.657117313341661813e+01
2.764429923825471924e+00
2.389990025259872031e+00
3.722547006965692962e+00
2.199534650786830969e+00
9.509121303873570241e+00
4.243586899205110008e+00
2.703318907174324437e+00
3.723495858289930016e+00
8.703231333444709783e-01
2.502271663114056910e+00
1.173628038605951662e+00
6.189602349172453444e+00
4.548765944316545351e+00
3.057955123159162181e+00
1.099418646720421755e+01
1.692598233992825030e+01
7.294233836519576464e+00
7.049811755420112291e+00
2.177574029426798230e+00
5.198967398923592498e+00
5.548261072789763659e+00
3.549129108829499835e+00
2.352215221102528009e+00
