9.451006163087134482e+00
3.236964487655459521e+00
6.597104328860087463e+00
1.542890874457030215e+00
2.192821760153008004e+00
1.870191825472843350e+00
3.669174906361476030e+00
1.145822765482912953e+00
1.125379059023558881e+01
1.871294297399084705e+00
4.803418132975441956e+00
4.689524276578493023e+00
3.305755822369158548e+00
1.508561263702737243e+01
3.483730692398089523e+00
3.620133774991240561e+00
4.850844668374801216e+00
4.791995004111401890e+00
2.940001614822094211e+00
5.308506191631321869e+00
7.516733275807858661e+00
5.198239161172703682e+00
6.918943240056129262e+00
4.380563802475930246e-01
2.637020055480177483e+00
2.686312252422082825e+00
1.588499856939528332e+00
1.034053622899413272e+00
1.475760740210600552e+00
8.777211774278684819e-01
4.144524779003628367e+00
2.087905987934424612e+00
1.824444904668339529e+00
9.692880718901243364e-01
2.113954621336220807e+00
7.505752250272116344e-01
5.095677097135564715e+00
1.982873088079782020e+00
1.413548691239605581e+00
1.872985530523117781e+00
3.216108155645554856e+00
1.569469132632218100e+00
2.881565678471561309e+00
1.585163045001337201e+00
7.573577392300069100e+00
4.043882070584335686e+00
3.560593000925432072e+00
1.024979997173948387e+00
9.378710718904333943e-01
1.959639243837206113e+00
2.408613183456908668e+00
2.485618667607843779e+00
1.895847761511808116e+00
2.706935340658201294e+00
1.286369780204092317e+00
3.035805089630196463e+00
2.405124573886270767e+00
1.513487649194502405e+00
1.914028886655045225e+00
1.173837052399602232e+00
2.289267925226337930e+00
8.176566931388987713e-01
3.754484092113591576e+00
4.911283640941914719e+00
4.335387948053896601e+00
2.319863762425988796e+00
7.780968790370041965e-01
1.183252612530695247e+00
9.706731088524707118e-01
4.373703801917370626e+00
1.032489880915017189e+01
9.481035331257922749e+00
9.868275286742994590e-01
1.417887919748188175e+01
1.378397848390271241e+00
8.269562688328746525e-01
2.427154298096562357e+01
1.126460123003414182e+01
3.459879978129105194e+00
1.158289310481241952e+00
1.126502231521121722e+01
2.880054049850620856e+00
3.285243265854320693e+00
6.404868089895182415e+00
2.142171955804109018e+00
7.838417716487460218e+00
1.211601412549483392e+00
2.637835892556305684e+00
1.464976216284077593e+00
2.646345452626300165e+00
9.399005316854069036e+00
8.046284569775762563e+00
7.243260042485235584e-01
5.141908999156278526e+00
1.657328842586928364e+00
5.618235528183726402e+00
3.565205084652964818e+00
2.825723305947398067e+00
3.992724308548387224e+00
6.293211542026134531e+00
6.428069712544568937e+00
6.934169617575956401e+00
9.276228666609345197e-01
1.661621307551244486e+00
5.700244936972165277e+00
1.041599380655086193e+01
6.666630824416167833e+00
3.582382349274949807e+00
4.638866644492796176e+00
2.067534445097686469e+00
2.754509610777633455e+00
1.210743425820209440e+00
7.706001851800885483e+00
2.215555253111251233e+00
4.957196729963366799e-01
5.540242682902147386e+00
1.057184287781178123e+00
5.488879499998565947e+00
1.990200569546199505e+00
1.353218377668636840e+00
1.417156865701517887e+00
2.518414244244082223e+00
1.649429092121657447e+00
1.155647542614407719e+00
1.148586003653429222e+00
2.285163762026598100e+00
9.983774149483347626e-01
4.465136933989318102e+00
2.625533829503822414e+00
2.264074778596382842e+00
3.375791048480536904e+00
2.455469797946634003e+00
2.376922008457527102e+00
1.984036063535098426e+00
8.956989050759094795e+00
2.428247287761912787e+00
4.453652118193419795e+01
1.932387652317433036e+00
4.946339895905423667e+00
3.229931035930333039e+00
2.185907609093606485e+00
7.689102044795157909e+00
5.503761842342287380e+00
6.213237765587718897e+00
2.623328132095313237e+00
3.896898579796277851e+00
2.027199870184863251e+00
3.429661525996511529e+00
2.676550090446990104e+00
2.455276969830424427e+00
3.665138704442326478e+00
6.932428507703055409e+00
2.045837058310226553e+00
2.507199720342634386e+00
7.164966415682490819e+00
2.574490162205328225e+00
1.173327461479031886e+00
1.285480006076324955e+00
2.235497430970645460e+00
6.306555767086397424e+00
1.904383025868641610e+00
3.185277207220853946e+00
1.265181653202716250e+00
1.069439374415392052e+00
3.523999954273292712e+00
1.507822475747059965e+00
3.662527941029312561e+00
1.670140658991831950e+00
2.004266747586868291e+00
2.497781045028600655e+00
2.949996908004642204e+00
3.777527603655200128e+00
1.105982073419631284e+01
1.158646934795616446e+01
3.021290710860143669e+00
2.423838555227850300e+00
2.410490171932697212e+00
1.455057381093687541e+00
1.082095016398792131e+00
2.293859554803849399e+00
5.031184403241244496e+00
2.669853906449623615e+00
2.363509880029645238e+00
2.120102057800323792e+00
4.349586448253183746e-01
2.406850883835334187e+00
4.659916215589348099e+00
1.184820665487106073e+00
2.204601699987948304e+00
2.320672208991552132e+00
1.816732892787879861e+00
4.777998401925562355e+00
2.515167933206446715e+00
3.663338539929226645e+00
2.186728957660796002e+00
4.200276511096816989e+00
5.771717838834772962e+00
4.374801125676399671e+00
2.601056266283304552e+00
1.619556989332781471e+00
2.544394352324780950e+00
1.804379670617546338e+01
4.534376688664608857e+00
2.449102404631294139e+00
4.134135709141881776e+00
9.867540344922287598e-01
7.097094343399299454e+00
1.101379774536056955e+00
7.615414647783226298e-01
1.072687703430422701e+01
5.292464846265836798e+00
5.467564861348837013e+00
4.057957703035448560e+00
1.196426136742710256e+00
3.493808490992666993e+00
7.114026437506536737e+00
6.190266737770688366e+00
1.190503459225837224e+00
2.422285694361984376e+00
1.946708481726105333e+00
8.346751033531617736e+00
2.282637628191305446e+00
5.669410712766539184e+00
1.222079006625605091e+00
1.612270912295281855e+00
2.322400866325969204e+00
2.683476328663980670e+00
1.189004078928336483e+00
2.144935895158811334e+00
1.369201510372871633e+00
8.020810230988251632e+00
1.673723078860753333e+00
6.198017813374070428e+00
1.223089839083864039e+00
3.836708476267072232e+00
4.530201579748387886e+00
1.708487164124286695e+00
2.759592196839774747e+00
1.452002861676976231e+01
1.385816623532171388e+00
3.533615007890971604e+00
7.591450009970514001e-01
1.313260754179844225e+00
1.181130781660991946e+00
3.533976262437687588e+00
1.087357323382812879e+00
1.494162041777725491e+00
1.792847571680945862e+01
3.700242471836120206e+00
2.690280283199183664e+00
1.174990923225904993e+01
3.821418921293073256e-01
1.355327962778496698e+01
1.305325035973483816e+00
3.251959645038747571e+00
3.086375665301941851e+00
2.060329344137092900e+00
7.313676374817095649e+00
2.451020327849751723e+01
2.854588457283090630e+00
4.009601079329866202e+00
2.069292407011648738e+00
1.714942802170009051e+00
3.681941850573061004e+00
3.124285016759005718e+00
1.456623733169005064e+00
4.346978863410757121e+00
4.927498176789968376e+00
1.630006209252408800e+00
7.737544473179132076e-01
6.027161250819383476e+00
9.283586349068059462e+00
2.300994158423955493e+00
4.318299594555290888e+00
1.359297944135937630e+00
3.740059864932595346e+00
5.578530586699034011e+00
1.938095661674145376e+00
6.870219381515434875e+00
9.785528409635151803e+00
1.584255860393487092e+00
6.285693563674422890e+00
2.322576807054142378e+00
1.098391523697716465e+01
7.437909914441603654e+00
2.849419616728954718e+00
6.850257179870601121e+00
2.337689427598836467e+00
2.582150889054693366e+00
1.444998005554007925e+00
1.558193572899684964e+00
7.349870418895504187e+00
5.374447289670563066e+00
4.958869421296094870e+00
1.680040468332139270e+00
1.338024066662182321e+01
4.372567489935023310e+00
3.007049765232527427e+00
2.582476904264359607e+00
1.801455576270814429e+00
9.405733510468357039e-01
3.390879454674711191e+00
5.366754594125944244e+00
2.758188147928142708e+00
3.334574662330103134e+00
2.455445199849061400e+00
1.063593286290491768e+00
4.542147366161514555e+01
2.764653256747240384e+00
1.634445063352205185e+00
3.517228095764413087e+00
1.602034712093951985e+00
9.705277280101389792e-01
4.054715271294844214e+00
2.174163921356780271e+00
1.332514509128392532e+00
3.870495371904999260e+00
1.245444995592303483e+00
4.285252168609351209e+00
2.493091415360857432e+00
7.559341167241632853e+00
2.129399193141892965e+00
3.429926011089804216e+00
2.396824889875028841e+00
2.324716570839463259e+00
4.551485353118767563e+00
1.742462098825398487e+00
1.884314239194635032e+00
3.959563500704545991e+00
2.138946640702307000e+00
6.565508558597044075e-01
6.346013364155245196e-01
2.953795220358153895e+00
2.723432872436299945e+00
3.217077002030110044e+00
5.586699618168813330e-01
5.205982862892110319e+00
5.872644772133751800e+00
2.190716667259805295e+00
2.592374154465931113e+00
1.095935414241420824e+00
1.532418703579349062e+00
2.289498448151976451e+00
4.342432166482318223e+00
3.558849983873738854e+00
1.254244101592957739e+00
1.266060049751580818e+00
6.653887459076368138e+00
3.231591928186236640e+00
6.263287436861966206e+00
2.370951577071769290e+00
1.811406594284268756e+00
1.889520974586632152e+00
3.515888777899741413e+00
9.379580021668855183e-01
2.039494702152332195e+00
3.253259556311958534e+01
3.058791408740175299e+00
4.678672702190176835e+00
1.394574569724706725e+00
6.659611460457928445e+01
3.037338770140752597e+00
1.568998672226954483e+01
1.600968348970196242e+00
1.455074939229864128e+01
5.684810689124045524e+00
3.386737676715319445e+00
2.781361143871396546e+00
2.869915838527167473e+00
2.610934123161593678e+00
1.561443496548340581e+00
1.597800326769913903e+00
2.834946842246173659e+00
2.120752027021781227e+00
3.680884757631881055e+00
1.735676565884221034e+00
7.548631767598442011e+00
3.342045040190825933e+00
3.839405732194896892e+00
1.468072591214529377e+00
2.319014096561973659e+00
1.866193194645874076e+00
9.235578343899217835e-01
6.528248372650072850e-01
2.159820698332118205e+00
2.521547018867184686e+00
4.781641431897964090e+00
1.318099805329942642e+00
1.039097881926663858e+00
5.771868250891253993e+00
1.237700084995156580e+01
7.240570011476722634e+00
3.419761317556118563e+00
1.846881793176522990e+01
4.452383405796060067e+00
6.266051513426678987e+00
9.608261784608910228e-01
1.124935242269157643e+00
4.207427467620970418e+00
1.151802968479896272e+00
2.694998761187591185e+00
2.161474642229893384e+00
1.533950644309503675e+00
4.522178672714642467e+00
1.693776365525601069e+00
1.637869277851191407e+00
2.838633120166661694e+00
3.942805448065267448e+00
4.198406643206721967e+00
1.854181983228220032e+00
1.268788891668877028e+01
2.511061922111489597e+00
2.494985206747084572e+00
5.064162153850790826e-01
3.516912008837649761e+00
5.351294717118568300e+00
1.691586116116719296e+01
1.222970203317049087e+00
2.799675642284543020e+00
1.996624797534314322e+00
9.061737111039656511e+00
4.830217382151370309e+00
1.397909886657489276e+00
2.443133215401576130e+00
3.143140929111351234e+00
2.409397085539275452e+00
8.190472854957823179e-01
3.442786018183385366e+00
2.929282815831047770e+00
1.181457067645681702e+00
3.546518091484393231e+00
2.520335249853924431e+00
1.060930539332321398e+00
3.394727619540309327e+00
1.025027205967980803e+00
6.721717633703917727e+00
1.102175989437291115e+00
2.144580140630706211e+01
3.414579005227620812e+00
1.042332532335776385e+01
8.861833323177885191e+00
1.459992541903774033e+01
3.201449362152765765e+00
9.867120092693323130e+00
3.400838647766107670e+00
5.185089609397836696e+00
5.320858209413640516e+00
2.774541407879658639e+00
1.010162510469980290e+01
1.929217202696255296e+00
1.258220193158102873e+01
5.174857972492414859e-01
7.101702154024107649e+00
1.317388382633571720e+00
3.276735092949039529e+00
2.808178845597138373e+00
2.805015992713694395e+00
1.542604635876457131e+00
1.524527244786822955e+01
1.299015267928332218e+00
1.322705807493418817e+01
6.313909432734325478e+00
8.132486975222684933e+00
1.552149971194551004e+00
4.489921463067233276e+00
1.203380602019815449e+00
7.134281452902584419e+00
3.256272098979485552e+00
1.581939251259015800e+00
2.207835557113393854e+00
2.612867340941757099e+00
3.675544299560015826e+00
2.775416127291927104e+00
1.511104101661511434e+00
8.407065467133792325e+00
4.308025334557077812e+00
1.150488663584571469e+01
1.452207938571254076e+00
8.956843908911454877e-01
4.334880478580248386e+00
3.529848778127577358e+00
5.049647338399402940e+00
1.806426617706913706e+00
3.886841985233922880e+00
4.698210622283855997e+00
1.788535958658644009e+00
4.267122196000551426e+00
2.307063278204900758e+00
2.276034931623194257e+00
1.694181423281458976e+01
1.485849121103205217e+00
3.803678486347513932e+00
4.243126567560476237e-01
7.449112090240316286e-01
2.693862363038838748e+00
2.245665113339951002e+00
2.103853731917251224e+00
7.721860160105859627e+00
1.813702382243150169e+00
2.677642859216087245e+00
9.438773905704751499e-01
1.135374381120493048e+00
5.589857491738870365e+00
7.386935979714418288e+00
4.704840102534797452e+00
2.068030805364277747e+00
1.189653468191670393e+00
3.460983599400196287e+00
1.268926357105584435e+00
1.905116630818840529e+00
1.517468769754047875e+00
2.241097627839479411e+00
2.423668478387178027e+00
3.774544845304920404e+00
3.871299698615081830e+00
1.462474909516562427e+01
3.743843906789169118e+00
2.976028865446320726e+00
4.982914130889191995e+00
1.874178587093644266e+00
6.949818306744781626e-01
2.897580436793042580e+01
1.487851385414684868e+00
4.065665971359489816e+00
1.371507753271995922e+00
2.210664899808632455e+00
6.070034149801162293e+00
1.770441132583653543e+00
2.822264396867692327e+01
2.885586451063272495e+00
9.169290994254538418e+00
2.746724764565764865e+00
1.117864109043707366e+00
1.910241044481889805e+00
1.731723609346806025e+00
2.734996704987993077e+00
1.042819634691386721e+00
2.051567531313136961e+00
5.557951492007011218e+00
1.016664108724743798e+01
1.292705392936928099e+00
1.542301632333930694e+00
1.852617227747223438e+01
3.801227199744930285e+00
1.095903104902079761e+01
8.819233009350533337e+00
2.034759956383794588e+00
1.055341502758930572e+00
2.447410439123189008e+00
3.188057914450244557e+00
3.168087455478716841e+00
1.525246307400698109e+00
2.077489353820272555e+00
4.570698762461788078e+00
4.956877107231412616e+00
1.342873579808760098e+00
1.239256727285199489e+01
2.113153739176920709e+01
3.138645024719612486e+00
1.793575578653086700e+00
3.671426435679507438e+00
2.401840274938076725e+00
2.347752132630424260e+00
1.576333428494044675e+00
1.079179817247375883e+00
3.538549207483652648e+00
2.845804320549525812e+00
2.539756906897553179e+00
1.577155042969662579e+00
4.427253348646619457e+00
1.301109270859966527e+00
8.924087555365458613e-01
1.070416134535768649e+01
9.040849733871294536e-01
3.141322913739517109e+00
6.655058029234337535e-01
8.745442324130469069e-01
2.528226898437418324e+00
2.588741823933788488e+00
2.668054330864835677e+00
7.464304757755879649e+00
2.645387700151178301e+00
2.112854841765220204e+00
4.190551640287869972e+00
7.525096243756292047e+00
5.328773837631817223e+00
8.107218611007446896e+00
3.506194696728044846e+00
4.018067462613212903e+00
2.589192269534029123e+01
1.288518391995481238e+00
6.853849753293530522e-01
1.884488251149995186e+00
4.337497934612915884e+00
6.510319282187655432e-01
8.192136836899464924e+00
2.073642848913918701e+00
4.033856517462861113e+00
2.915645966200744787e+00
5.360837947713990914e+00
2.337833139679081906e+00
6.882389096750051394e+00
4.679717832119706600e+00
8.124149173600861973e-01
4.210579262937186762e+00
1.275565892075774643e+00
1.147547384873908172e+00
1.260837039878297539e+00
3.656232807224897297e+00
1.829987983103201321e+00
2.561706629620490006e+00
9.978494365641077835e+00
7.573059182470622375e+00
4.373780652466931151e+00
6.041569237290985050e+00
1.301996366299045027e+00
1.267147153812809002e+01
6.937553508736215235e+00
2.752234753390679689e+00
2.586429490838320966e+00
2.394113558824463528e+00
4.909770386126673714e+00
5.508790577470986882e+00
7.899976833042899216e+00
3.918238553874051178e+00
2.067471987459710281e+00
1.411290930120000509e+00
5.210498371098958970e+00
2.463684584532838340e+00
5.647264190167618381e+00
1.317165475191821589e+00
1.350340377039383588e+00
1.630161997230054505e+00
3.139810482652867218e+00
4.093248560335993602e+00
2.497772005573057896e+00
1.012400562375586066e+00
2.180006776916848799e-01
7.100896805077062446e+00
2.144787561512732310e+00
4.262416374467390412e+00
1.855995259311130186e+00
4.286461266687877192e+00
1.340742629505189631e+00
2.045720589990651206e+00
1.274927507503860369e+01
9.709972363452525901e-01
6.182756260579203023e+00
2.120531232430121982e+00
1.366366182112491279e+00
1.870680539764330463e+00
2.033284302297971191e+00
4.642023949008159178e+00
8.716694622027162609e+00
1.736181374672169264e+00
1.831563460090061879e+00
6.588668552413921908e+00
4.950403106411360277e+00
2.498992883974823886e+00
2.227574018833089475e+00
2.242788568566929985e+00
2.167574727446058169e+00
9.426741561458882313e-01
5.535697155732561825e+00
1.723169347237190285e+00
4.176601405997865335e+00
2.136544678593782276e+00
3.821713406243135491e+00
2.351411387253804719e+00
6.114926289442203178e+00
2.129834640291751846e+00
2.197366217787216414e+00
1.109594491360432533e+00
4.833254077993701436e+00
1.111322873739282890e+01
2.642646434571251923e+00
1.727932917532601031e+00
3.846985050398833650e+00
1.504402526347353941e+00
5.847536885510105087e+00
2.861032540275982416e+00
5.590197640351547648e+00
1.049876289759043857e+01
2.283272965074719885e+00
1.891011263356928929e+00
2.205943830560856966e+00
1.112539182468406995e+00
3.854203215006514416e+00
2.027504551014846168e+00
2.876341581686634541e+01
6.025393793349264060e-01
1.941964686603317558e+00
1.279042097933242239e+01
2.847390022636596463e+00
2.336570916135120246e+00
1.319608977500661418e+01
1.700809903757743413e+01
1.807136199244194552e+00
4.883124728990865249e-01
4.177845400125475450e+00
5.234123106510054413e+00
8.743483227990621387e+00
1.151975013489684585e+01
1.932513252517529256e+00
2.496097402833869161e+00
2.456911832110550975e+01
2.783193402624425161e+00
2.941162128469355874e+00
7.382987968496985687e+00
2.824871345683784174e+00
3.888006022087962421e+00
1.845475905927828508e+00
1.542931117651720418e+00
4.054034989665715294e+00
2.061924053601163376e+00
1.095614900237008804e+01
1.184893032372292598e+00
1.930487644711124062e+01
2.912922476911330882e+00
8.280526194315800836e+00
1.365190292576224929e+00
3.032830804994109286e+00
9.093285079967163398e+00
4.026696730230560739e+00
1.914475966009387076e+00
8.278648255940276313e-01
2.808274739524589947e+00
1.642039661202869594e+00
1.408353994161026579e+00
2.226760385725513824e+00
2.580243659268035117e+00
7.283194544526537806e-01
1.671143130926191045e+00
3.197804802185030049e+00
1.124590922473604770e+01
6.144669338307841677e+00
1.091891200854544275e+00
1.387535300438309527e+00
2.063363955745070033e+00
1.572489414163170895e+00
2.723407383194668352e+00
1.094681321909622085e+00
1.620522905472959518e+00
8.121688950683280339e+00
1.863525638281159358e+00
6.822118911816335896e+00
2.701643573491581130e+00
1.146354782070231515e+01
6.334338709206010165e+00
2.803399283092630867e+00
6.666715611626652382e+00
6.101378602874033774e+00
4.883844820241153073e+00
5.193385880320506409e+00
2.586505993729838249e+00
7.812147706153551585e-01
3.669515824638077905e+00
5.827115363728931463e+00
4.131323617190188813e+00
4.598236426372572794e+00
2.156255549427338103e+00
1.186315808265524963e+00
2.834977845026553034e+00
9.125862588424526578e+00
1.546999075950673763e+00
6.203790795479243947e+00
9.649993245789652008e+00
1.394997843838196916e+00
1.591310222479179970e+00
2.786648820851526320e+00
2.568056650347086745e+00
8.007478072043481276e+00
3.047597476332740474e+00
5.921627021241459232e+00
4.673498924675214106e+00
1.311161022188263203e+01
3.116262856751600641e+00
4.576807695425740619e+00
1.206996811648011203e+00
2.280032863974023272e+00
7.913883341199333898e+00
1.898464088417610185e+01
5.650747150243998540e+00
1.439328750503107379e+00
1.102383175660059500e+01
3.763232957569671910e+00
1.273457168336652456e+00
1.461722222486439682e+00
4.552262932981659738e+00
1.617115735242771413e+00
1.460928965738427676e+00
1.670650012755375613e+00
1.481785745852700620e+00
2.555514803881419272e+00
9.521280754210283970e-01
2.355358953800825716e+00
1.239538310410938537e+00
1.182093030876201434e+00
2.138679386235716962e+00
5.036571958434364227e+00
2.429750185756940795e+00
3.064177313636294642e+00
1.282634204405331957e+01
3.578359043524669936e+00
3.849840134317340734e+00
3.996760561312951765e+00
5.520192709299631240e+00
2.802647964593849128e+00
9.490457362556872667e+00
8.786774879263333560e+00
5.854084363054109730e+00
2.044237996581378614e+00
1.931831984485810949e+00
3.280702268371581187e+00
3.248636780393048706e+00
3.178076948843024940e+00
8.182882434078395661e+00
1.383301403922581052e+00
1.575936709327564911e+00
2.316073766536295153e+00
3.242061864209638600e+01
2.647963246443191476e+00
2.392384588577063820e+00
3.717695340960718298e+00
2.397862000083681000e+00
2.859357542356030013e+00
1.066948944183988113e+00
8.655530478163154129e+00
7.348888213777868827e-01
1.606818626073000189e+00
1.103024694163205810e+00
4.527226605800295012e+00
3.656462654807011159e+00
2.451230913859418159e+00
1.177157297194532504e+01
4.057156264527884915e+00
9.364378330807707762e-01
1.032721040424429404e+01
6.236756127892884027e-01
4.743373110027958361e+00
1.501863127340376414e+00
4.801689153860583481e+00
2.502779125578904029e+00
8.643127908033980233e+00
4.294297593853477757e+00
3.526025880087255704e+00
4.475292084807112047e+00
2.876405322706833356e+00
1.775649937058865646e+00
1.842420476815308517e+00
9.308219787194591532e+00
1.476750778509195561e+00
5.159351695471174004e+00
9.454640376456881157e+00
1.847108490744978404e+00
2.088562078244626807e+00
2.152681045265018689e+00
1.312276290652698130e+00
5.282161689531485571e+00
6.604695773370965917e+00
6.712729815791598220e+00
8.529834736042464227e-01
2.920181339907163220e+00
2.590487975613673388e+00
7.107064225694866622e+00
2.061842065962651738e+00
1.339120920281690053e+00
2.970514482722311111e+00
5.692525192429439329e+00
3.238394052290436420e+00
2.413744075971724712e+01
2.561268717313494037e+00
3.264501958148700034e+00
2.485598027368871143e+00
3.918314534917050729e+00
4.135924704000985663e+00
2.975088791086242246e+00
3.648069846688508200e+00
4.290394092738127441e+00
3.986883321146053039e+00
3.314130628037178283e+00
5.184013276173875084e+00
7.468891281576899743e+00
1.580065161029629683e+00
2.732831365529064360e+00
1.935059155349538207e+00
2.645881718346159150e+00
1.841186238498410344e+00
2.628995472761119334e+00
4.786083901632068205e+00
2.565684041380802860e+00
1.941759142668574967e+00
1.723926915835660933e+00
1.106538217659436940e+00
1.889021379044991233e+00
1.424112793910842223e+00
9.092080592107433246e-01
2.386223442010857454e+00
1.734441884454048344e+00
4.577082808502512812e+00
1.905544500212240200e+00
3.570309813190982950e+00
1.170792612194796023e+00
1.247726529193832201e+00
8.318132469422377939e-01
3.485793646741847773e+00
2.934149668104759634e+00
1.250784631738821595e+01
1.896778927577352114e+00
2.760274479695074223e+00
3.361073813863563409e+00
8.976238693693112225e+00
1.542458590117476547e+01
1.217348443629882482e+01
1.052828045712442595e+00
7.786610327433087342e+00
1.874606446552131445e+01
2.182663149660678759e+00
2.829415667550186253e+00
4.797846463301451259e+00
2.344887354997033491e+00
1.668282397165417708e+00
2.010483282686079676e+00
1.427042734268007651e+00
1.512812364842608837e+00
1.349999286631444084e+00
2.369538397566850474e+00
2.342173236571578165e+00
2.257684717286605913e+00
4.399858816453054544e+00
2.584519072981949606e+00
5.809346800028844626e+00
7.849436462422864302e+00
3.255319543361866241e+00
1.569424388451848618e+00
2.140984767879227757e+00
3.861478901354441717e+00
2.187749947953905760e+00
2.333569069638637750e+00
2.502729878018490339e+00
6.522383680946694184e+00
9.320012235404695033e+00
9.802058580083668815e+00
5.311631700196354444e+00
6.683149851459189605e+00
1.326916694161814902e+01
3.134709810536835395e+00
2.341291043958931617e+00
3.040034046899348397e+01
1.782168353363276614e+00
4.497241415213493632e+00
2.073001339943149723e+00
4.755735928584258865e+00
3.723737421292597549e+00
2.253617984304495003e+00
4.670374336537341797e+00
1.744351086684732488e+00
2.422220477803672889e+00
3.165025210150749668e+00
4.285890009548532831e+00
8.356662329683599566e+00
2.855359599594399000e+00
2.682619106864458480e+00
8.728883039951181644e+00
1.087469612775343375e+00
1.462041983803598200e+01
1.376167022948117058e+01
3.714919537611314659e+00
1.438276455277510246e+00
4.411251776874235198e+00
1.854704103969266882e+00
2.248152844184287513e+00
4.065690022302394624e+00
3.552424572652423063e+00
1.419108720797733092e+00
9.745389439457928793e-01
7.193630281671244298e+00
5.362853241286299699e+00
1.015389323313370395e+00
8.361378126934528865e+00
1.103304035821513596e+00
3.689613702798403949e+00
2.774423503925691481e+00
4.341006709923863838e+00
2.284435606299619170e+00
3.636318237542240706e+00
9.590032310195892862e-01
1.351657341259822287e+00
2.617879174897487005e+00
2.288428927890654663e+00
4.150557309513480675e+00
2.316675376945422915e+00
1.387583381182021736e+00
3.096252226564497612e+00
3.337748112019491398e+00
7.503358464926163096e-01
3.360648567457359626e+00
6.250646432619201498e+00
4.843873797754268962e-01
1.581673423592397265e+00
