1.719738256970658741e+00
2.313712030639934358e+00
1.780729265267623873e+00
1.348486771617532165e+00
2.113186550327017521e+00
1.475585108795055556e+00
1.553009686858751515e+00
2.215733893678676125e+00
1.594716258767438610e+00
1.503561976266377886e+00
1.514357300804612949e+00
1.821364677635738394e+00
1.906788582683439426e+00
2.535450643713999419e+00
1.461680275475262913e+00
1.817184151156223004e+00
1.823325837976154329e+00
1.887789612212183332e+00
1.695733453666085522e+00
1.628407142112552997e+00
1.692645663024798353e+00
1.808122486024003939e+00
1.149527343188407880e+00
2.474901632246982341e+00
1.469529486455368961e+00
2.220423278692488012e+00
1.564352251446972319e+00
2.083942050111160960e+00
2.024943383672790365e+00
1.488962310129100963e+00
2.082465254728364634e+00
1.951105025160759787e+00
1.840927416618649781e+00
1.364582028793340340e+00
2.301358865181139635e+00
2.986465155782196845e+00
1.954468771378645942e+00
1.440101224654659173e+00
1.742715556778001496e+00
1.848215972932472972e+00
1.523329958074106427e+00
1.550747792190285246e+00
2.024564106681896902e+00
1.463257385109903996e+00
1.390754930310279747e+00
1.154256942314719980e+00
1.250825709698199839e+00
2.003221989014162041e+00
1.294860319466150989e+00
2.074447721688621460e+00
2.321255687257314015e+00
1.128497974608391408e+00
1.642525196031222379e+00
1.376889046649349746e+00
1.804393430660909514e+00
1.847555235806960017e+00
8.852780098408292719e-01
1.994401072302386835e+00
2.580403071970288398e+00
1.485665762633788578e+00
1.140359962152805773e+00
1.768620917206813026e+00
1.353810330771896053e+00
1.625249503769777171e+00
1.550233956303102678e+00
1.521773746703583452e+00
1.897696970054927768e+00
1.827637953894164724e+00
1.148562784653709645e+00
2.222972266465062408e+00
1.899827668006690784e+00
1.495400328142866719e+00
1.770978231086281829e+00
1.492002845338059158e+00
2.014486384419142073e+00
1.482777425010504802e+00
1.552504179248990868e+00
1.401098915533757872e+00
2.209118549442542268e+00
2.237035009171742583e+00
1.937905196721837697e+00
1.944043446861762447e+00
1.845294828402604503e+00
1.737000213388580239e+00
1.282452715593535464e+00
2.700168557129954294e+00
1.216618317736669619e+00
1.496711787171208341e+00
1.552065747392299855e+00
1.993401801913605720e+00
1.293913765419228090e+00
1.628033615750842600e+00
1.358706956744508920e+00
2.665549959901019950e+00
1.987951796471613131e+00
1.917343588646743813e+00
1.236544116979181762e+00
1.582426329273418419e+00
1.710960531457032197e+00
1.692820865451960977e+00
1.924815441136372485e+00
2.017337867372204219e+00
1.936961497375700780e+00
1.745220487187456593e+00
2.488308160738257779e+00
2.327765091903429617e+00
1.399747037670041605e+00
2.090916537808019449e+00
1.625667920026610203e+00
1.543724223529714612e+00
1.607158350792990742e+00
2.114947761887778999e+00
4.460747902208669124e+00
1.719472366539065211e+00
2.074629142202663701e+00
1.837238298949362303e+00
2.176378093990662510e+00
1.641260141737975298e+00
1.592218518079011158e+00
2.161089243897661660e+00
1.632960394527063652e+00
1.987765392045279800e+00
1.301100639392891445e+00
2.502054912604171122e+00
1.891677662609526855e+00
1.216667238940275286e+00
1.909371239448244717e+00
1.893859023893542437e+00
2.554119268333173043e+00
2.124365388331737936e+00
2.035111510196618401e+00
1.545203110845417616e+00
1.667454842498519385e+00
1.580072793597757430e+00
2.221046197530396782e+00
1.383528558125759034e+00
1.791176685912343247e+00
1.365543457802165017e+00
1.447458726064311474e+00
1.694219575767853758e+00
1.471692920752964095e+00
1.780590904496239579e+00
1.330828223626372653e+00
2.033536860403610813e+00
1.538469627056098465e+00
1.220864321980072331e+00
2.121107711312297806e+00
2.083126074773400838e+00
2.065148080425757815e+00
1.663525877207477910e+00
1.324122164617922426e+00
2.385074053798929672e+00
1.069354475379704406e+00
1.710206727677347383e+00
2.420472942078753409e+00
1.554384978918823323e+00
1.612206498403858657e+00
1.602776353616732541e+00
1.984519577095093856e+00
1.802452665981457036e+00
1.778542004271190580e+00
1.750735697049005113e+00
2.244101362763412766e+00
2.209101754120790240e+00
1.615596730870539899e+00
1.422014888655202425e+00
1.176361880602821319e+00
1.983401478801026352e+00
1.612000338359604656e+00
1.785494768936569221e+00
1.903955502072664618e+00
1.589220911439094941e+00
1.844394980527020111e+00
1.599734236059874970e+00
2.248071389304168388e+00
2.609837698273418383e+00
1.900605353916772877e+00
1.515106012783989931e+00
1.930306412906158009e+00
1.500230550239027627e+00
1.622091235405889176e+00
2.195093908163552765e+00
2.090019012593514525e+00
1.800338334337171720e+00
1.764527524160056871e+00
1.469095641635270733e+00
2.125885984035257525e+00
1.978542493555955240e+00
1.877206995523010846e+00
2.182448195072324904e+00
2.021036416972818994e+00
1.193413340084756857e+00
1.595642732883187254e+00
1.941302449719656709e+00
1.464889547708683404e+00
1.433849682625144784e+00
1.388581969988384568e+00
1.723841184246416969e+00
2.564958039932081491e+00
2.420924424005011844e+00
1.643473839249040225e+00
1.280581024079328278e+00
1.886505736863059113e+00
1.389659228173991679e+00
1.533019985754831005e+00
1.506798162288673248e+00
1.946681324263403123e+00
9.474165637995791700e-01
1.504397178341342567e+00
1.591795709343852838e+00
2.216538013731599754e+00
2.680076107726718782e+00
2.049420434700849558e+00
1.474635253351129549e+00
2.731734056118864551e+00
1.698758221632270748e+00
1.517534984086750915e+00
2.276966313427498445e+00
1.229355890552838559e+00
2.575740072248394075e+00
1.539274535281512479e+00
1.938527406453957269e+00
1.929356192309883422e+00
1.875050847122763154e+00
2.066701359668444038e+00
1.891113310315170715e+00
1.723535741478801286e+00
1.406883374734489545e+00
1.398235246761623696e+00
1.374795183235955731e+00
1.834163026339095781e+00
1.523422623962985112e+00
1.660177573044918864e+00
1.887197180510280958e+00
1.645338054162364783e+00
1.459704211094333015e+00
1.407600084669671459e+00
2.474495652385301003e+00
1.365185827138630792e+00
2.380812450979751027e+00
1.805227479690361569e+00
1.761482447069036894e+00
1.730541026910455971e+00
1.522201456693312194e+00
2.113554567986244415e+00
1.692954308019331222e+00
1.984342191260147548e+00
2.043469603393528899e+00
2.250085089920814241e+00
1.974899895284187856e+00
2.311714856450370448e+00
1.296587115471487417e+00
1.477422304512009843e+00
2.629458611013349323e+00
2.010600345674921741e+00
1.514336112571985637e+00
2.168491994311921633e+00
1.460862526096975200e+00
1.520970660866587831e+00
1.447521841237275675e+00
1.769633721939545712e+00
1.422874962657880271e+00
2.621775542511775914e+00
2.489143908680584882e+00
2.527958101917214151e+00
2.298567083497549568e+00
1.802932095104604393e+00
2.164266811558479109e+00
1.853795830821042045e+00
1.903293991591485712e+00
2.210668984181574093e+00
2.266234605119399337e+00
1.346146373663993367e+00
1.766191614372574881e+00
1.759524530517644347e+00
1.505402965342323096e+00
2.050056075469702144e+00
1.332344547012397795e+00
2.036152828752500366e+00
1.482477012798420812e+00
1.406330194299553193e+00
2.163541069527502358e+00
2.218328814686872263e+00
1.589051534810670852e+00
1.665785559036771390e+00
2.065365382012432693e+00
1.303871867145814711e+00
1.825175565849393777e+00
1.625043335926177779e+00
1.869322061078191544e+00
1.285131287282662349e+00
2.402860776264060139e+00
1.790447744215767800e+00
2.201390627639928432e+00
2.244921429019123060e+00
1.300136166457571241e+00
1.585589247390647660e+00
2.544842649156579650e+00
1.973032645237154270e+00
2.545926759018426466e+00
2.129033618931661209e+00
1.431392196984433651e+00
2.541207324546872481e+00
1.765469422850621362e+00
1.902042026463278246e+00
1.590010844348275887e+00
1.667003782898452080e+00
1.560113144384210226e+00
2.277754034984566189e+00
1.804910896606123138e+00
1.382772962956108298e+00
1.827163662644290199e+00
1.559452794484777804e+00
1.615622031315311347e+00
1.100638043202948335e+00
2.021220085896436647e+00
1.881968198312585772e+00
2.230456728807234335e+00
1.258711594260103706e+00
1.232017099445215758e+00
1.314808372611390608e+00
2.008442759577204306e+00
1.344827222504513919e+00
2.008048001097892499e+00
1.454106853245152875e+00
2.110410570383840501e+00
1.513586920043732853e+00
1.619707639220439255e+00
2.088583175344506770e+00
1.879344779039725077e+00
1.942174143220218641e+00
1.666053650767896688e+00
1.818439365631100202e+00
1.709564731769231294e+00
1.795105468915756841e+00
1.619279836942831396e+00
1.549457170171401055e+00
3.357724375247620685e+00
1.806098254832264383e+00
2.118361203505461532e+00
1.987590660423615319e+00
2.134884959770302348e+00
1.567968217892720340e+00
1.260070142135367721e+00
1.398016941417753900e+00
1.603794786229822078e+00
2.472588187205084331e+00
1.446781246841329027e+00
1.508264686995544279e+00
2.087847498352515707e+00
1.277855186126427123e+00
1.481957256119178945e+00
1.913238479918670576e+00
1.161724150861766613e+00
1.303232069770143831e+00
2.215748632800557782e+00
2.433319258157076170e+00
2.092433799838966824e+00
2.605820022669325997e+00
2.460663177971204707e+00
1.524617136799101935e+00
1.741627357949203869e+00
1.877158219911602366e+00
1.711735191942808321e+00
1.677638157258862783e+00
1.617584688323887354e+00
2.676541280970433867e+00
1.839356231438837641e+00
2.131274898731437606e+00
1.846868771389834629e+00
1.945166377871632601e+00
1.326574965165794318e+00
1.516209219846022194e+00
1.348034364809114649e+00
1.427476739927324267e+00
1.932292623762386752e+00
1.454604552427467334e+00
2.419015666027970912e+00
1.720455672635810451e+00
1.538875823363188511e+00
1.733457602161239564e+00
1.829739014367151917e+00
1.730530473324456642e+00
1.377934202244831763e+00
1.624748605589195094e+00
1.664588882897085842e+00
1.153829446500470368e+00
1.943591330308711562e+00
1.236345556220634245e+00
1.561340501604206787e+00
1.866514509565038171e+00
2.293904184371245325e+00
1.825892968517381698e+00
2.983697864550361789e+00
1.627914519923551628e+00
1.628417475228624456e+00
1.492638916910085323e+00
1.613517113600462460e+00
2.003581753495772499e+00
1.474513405491468365e+00
1.853217527803000975e+00
1.727715450307429235e+00
2.281477578089484037e+00
1.606126352485465425e+00
2.161622054604272147e+00
1.856476824200107067e+00
1.898835331495057011e+00
1.757884599030043349e+00
1.507236221092172812e+00
2.315035165525268113e+00
1.347684673475296968e+00
1.526494257844590363e+00
1.763555033432185448e+00
1.441152339048572983e+00
1.536591839737508680e+00
2.511232104511428087e+00
1.630421800489578521e+00
1.228865510233586811e+00
1.664589321340984140e+00
1.641937055198475770e+00
1.805463932326787813e+00
1.658440382718931350e+00
1.579028009856142889e+00
1.472669389581922283e+00
2.052861098873020040e+00
1.710133924500708558e+00
1.883096382941913838e+00
3.121789528062371311e+00
1.594836538243325164e+00
2.696196625798728874e+00
2.050531990032427032e+00
1.421300004614123536e+00
2.243861452497696085e+00
1.867184396572602489e+00
1.146223176494230556e+00
1.963409179132847626e+00
1.458280123239504400e+00
1.817529990022940911e+00
1.834344858886101770e+00
1.678248001180020710e+00
1.222659375347636246e+00
2.913821042404878714e+00
2.063749394695800099e+00
1.686060568561254636e+00
1.305655314276117140e+00
2.189067699932411681e+00
1.635079438160541132e+00
2.402754578179700840e+00
1.588587470247878608e+00
1.777334701857074206e+00
1.890091557259210742e+00
1.779708707236139276e+00
2.042922531051519552e+00
1.931171136168479796e+00
1.846758200808963801e+00
1.909315695048998451e+00
2.490450746674748750e+00
2.324196042448855692e+00
1.812933552320240560e+00
1.690348916660494138e+00
2.449071606216811414e+00
1.942451414003925736e+00
1.160767964744856773e+00
1.534495506356043704e+00
1.573081622229743015e+00
1.404472412151390737e+00
1.830123963197592074e+00
1.269175799200885857e+00
1.585441299511215707e+00
1.625383109334624265e+00
1.745496514980727554e+00
1.249953845664456553e+00
1.527887055753038181e+00
1.745112911230352282e+00
1.184969502822714738e+00
2.113802050763069484e+00
1.221575371463790249e+00
1.947583446963520926e+00
2.304506008459088484e+00
2.898530523374628576e+00
1.424264740849062960e+00
2.184986321989553559e+00
1.871758565960674581e+00
1.418483631620384378e+00
1.600022323119191903e+00
1.720151489810689327e+00
1.628775728476281603e+00
1.657169900782626604e+00
1.609509369598606021e+00
1.483708298515061363e+00
2.327066055187546834e+00
1.559430358565498720e+00
1.569505064786405724e+00
1.746466271242138601e+00
1.702862332533187750e+00
1.579828013904554185e+00
2.216275121284839500e+00
1.908083414870636263e+00
1.681301867619610535e+00
1.705303300531377797e+00
2.475680209254242481e+00
1.844367291383950169e+00
1.653772492903487823e+00
1.895343948591133199e+00
1.731045134846733502e+00
2.018604636016041010e+00
1.402663553583389344e+00
2.405480543947363437e+00
1.672229231248757664e+00
2.164183978432485667e+00
1.790502959021404106e+00
1.823684353246987966e+00
1.586970607166526159e+00
1.035831200806193841e+00
1.280928351892152817e+00
1.498019644370240933e+00
1.279193044547987546e+00
1.357530322293577729e+00
1.876422277441585962e+00
1.985313238608408248e+00
1.620386599640316838e+00
2.308592897786763132e+00
1.785860274668786829e+00
1.630129794419839628e+00
1.514494271040680795e+00
2.243278088999740127e+00
1.988385320204773876e+00
1.423249752829287340e+00
1.813567238465779496e+00
2.172488309499145398e+00
2.958971049896648164e+00
1.839966666905875403e+00
1.821309895856612293e+00
1.836398871528129861e+00
1.534219838925374724e+00
2.075056610365796139e+00
1.497693410217174170e+00
1.517775282221068167e+00
1.702681730125942261e+00
1.657742071542711138e+00
1.420123112401395771e+00
2.286732776429170944e+00
1.884379280172166160e+00
1.635307266439241625e+00
2.702232466609717498e+00
2.769280578173565655e+00
1.827181840850684136e+00
1.465591616009117359e+00
1.380901047204377674e+00
1.544027238975907768e+00
2.282673902541182631e+00
2.074881226252391020e+00
2.243837657650515016e+00
1.312225091099519458e+00
1.509428236667415879e+00
2.106425335232056106e+00
1.153139418373823943e+00
1.615358562599239711e+00
1.558907582950508797e+00
8.210798885575738559e-01
1.723744240218167301e+00
1.368210204437852129e+00
2.079225420749592157e+00
1.884812846924197149e+00
1.416242883248527651e+00
1.146153488825679911e+00
1.532819656170639977e+00
1.967132525743228166e+00
1.668247332063772292e+00
1.493289871954713632e+00
1.645312276399805373e+00
1.892236217707924162e+00
2.321835527001530064e+00
1.378432166580670915e+00
1.335462171169663925e+00
2.131774437343784800e+00
1.986637961008271169e+00
2.669732230025683162e+00
1.355157030398812079e+00
2.077178730504710913e+00
1.327632582498202929e+00
1.856352711388413068e+00
1.489335903663633998e+00
2.548977197035654285e+00
1.761804105364531692e+00
1.321669205529598656e+00
1.816170851466319291e+00
1.472433430434589408e+00
1.912010253357060430e+00
2.591725213878617762e+00
1.655139262089313279e+00
1.279226247016310269e+00
1.213717055679929713e+00
2.149734352316021280e+00
2.750780706245963270e+00
1.861714940091397485e+00
1.182412012724340711e+00
2.038979970768619587e+00
1.413822213076008971e+00
2.547779426786961121e+00
1.441228892647661075e+00
1.378017749154112792e+00
2.489281439250515593e+00
2.179177462945394161e+00
1.730786192629699904e+00
1.387925134673408722e+00
2.110887036144021511e+00
2.115659379201827228e+00
1.297182863308462997e+00
2.072348881786781671e+00
2.101856932340165240e+00
2.928297622585766202e+00
1.148649077464527268e+00
1.578567428299358477e+00
2.389685108625055676e+00
2.377361181197308326e+00
1.905048806361653302e+00
2.218625616669374079e+00
1.989464313673609874e+00
1.965277908257822226e+00
1.804552201447658710e+00
1.827013096975846018e+00
2.453428918935863123e+00
1.702051867876479774e+00
1.934148714007177583e+00
1.785371720639516768e+00
1.474530222338893859e+00
1.689501870705630404e+00
1.473740628493561466e+00
1.697737832480707310e+00
1.402770119566230544e+00
2.252635361656026625e+00
1.381517891475951387e+00
1.842460696321625013e+00
2.045551584894679920e+00
1.602635229167363118e+00
2.002687720242768421e+00
1.780854766864489402e+00
2.035482347723866603e+00
1.454125456038859898e+00
2.229738320712495891e+00
2.053484832576278230e+00
2.582258118878844932e+00
2.135856813464546811e+00
1.584645917087047939e+00
2.030160551911628808e+00
1.862407059712354984e+00
9.858561078590510895e-01
1.718622153365615191e+00
1.858352057368449328e+00
1.768911875168069692e+00
1.750958270180778875e+00
1.548964520078019769e+00
1.944668665949429220e+00
9.969145123529872254e-01
1.983196333294242386e+00
2.138377979508524263e+00
1.277013899494086724e+00
2.111278968602868122e+00
1.967471952402756186e+00
2.578108585770464423e+00
1.830385203529399929e+00
2.267678454886958850e+00
1.833420637914122242e+00
1.241369096448668108e+00
2.295578204877460671e+00
1.755324934977962270e+00
1.248114204541328265e+00
1.396934981583228819e+00
1.517782059545801809e+00
2.300652662844981933e+00
1.430399271448697052e+00
1.497247901881016086e+00
1.330734752839044077e+00
1.461287934576373848e+00
1.989248454811500810e+00
1.912401650740279901e+00
1.213862848748018974e+00
1.586840800618506186e+00
1.612369311529811888e+00
2.388971885259704386e+00
1.759064505753574092e+00
2.189861295594139889e+00
1.853488185169417379e+00
1.933156109792381061e+00
1.447516442434326089e+00
2.622825331679950800e+00
1.448326796323918808e+00
1.632167018524993685e+00
2.043551239746126846e+00
1.766742815924729593e+00
1.564437749259866006e+00
1.434558224472070931e+00
1.732335610908876333e+00
1.488726317975291646e+00
2.001490859811818179e+00
1.831423815634644292e+00
1.878208317083677859e+00
1.347846969682416240e+00
1.153564613047467269e+00
1.371686559234363001e+00
2.263147041757781697e+00
2.630930551618985369e+00
1.556260725421060975e+00
2.209794615669732121e+00
1.536134239442271898e+00
1.713135188427537869e+00
1.483223171799614049e+00
1.264296707723284507e+00
1.832144290172749601e+00
1.539888589894006898e+00
1.816275904393919838e+00
2.597687811124233637e+00
1.606487463295979579e+00
1.634107347699259138e+00
1.861459685134684294e+00
1.934644933388783850e+00
1.930097381843093984e+00
1.463560179334004285e+00
2.032781789229019864e+00
2.073853165353852113e+00
1.664708504556373869e+00
2.053497611498146025e+00
1.437056161113042574e+00
1.659014532821391663e+00
1.079785039496420351e+00
1.751829641008574301e+00
1.741948095011716102e+00
1.328840293481696300e+00
1.811253770340891744e+00
1.724896181783667215e+00
1.719284766727207314e+00
1.861541050965667354e+00
2.028719372239301766e+00
2.355271222688953170e+00
1.995421414891955347e+00
1.365672675083542842e+00
2.160778386169464493e+00
1.407253074416793481e+00
1.797452964515667162e+00
1.654774837068514914e+00
1.563628179205918567e+00
1.717921322812550944e+00
1.274238268006479879e+00
2.164198779377030757e+00
1.276290047156692031e+00
2.378249713634999818e+00
1.339648305803100792e+00
1.531844044048553677e+00
1.657881596097787291e+00
1.680200071456504407e+00
2.206457108583379512e+00
2.153073097580305628e+00
2.236373195974277195e+00
1.209818961439967477e+00
2.402771282572557343e+00
2.182308969840246249e+00
1.479301629694228071e+00
1.498798006890706080e+00
1.158537074313079396e+00
2.323585628312541562e+00
1.484632347580629119e+00
1.732890443371519318e+00
1.489831207981138439e+00
1.290582977092749273e+00
1.233988210521764772e+00
2.091437051065938135e+00
2.312034053728171390e+00
1.972713980564336556e+00
2.070519235306690131e+00
1.414647550332281067e+00
2.077469505794458104e+00
1.639986024080967386e+00
1.805180699081970319e+00
1.960424796328921637e+00
1.478493218997007697e+00
1.517095660248402034e+00
1.525472117887279211e+00
1.942466214614137154e+00
1.180175580780840505e+00
2.186115451472995463e+00
1.433774260222236752e+00
1.422395681305495430e+00
1.819694289475129789e+00
2.073063599148264657e+00
2.501956736134806292e+00
1.946490743149838387e+00
2.118009101474108036e+00
1.326572316772983484e+00
1.940158906909091874e+00
1.741610325025813699e+00
1.645089703721097418e+00
1.671487317975967279e+00
3.216981360218644781e+00
1.780279661809899938e+00
1.868970308035840633e+00
2.035446055208871563e+00
1.938306339465241779e+00
1.361819345205120380e+00
1.522168746646555215e+00
1.807731726122241867e+00
1.474597983412510249e+00
2.241345782332544001e+00
1.594973140412285995e+00
1.829009345257268659e+00
1.881255563497138628e+00
1.524506286945811251e+00
2.286003785941515432e+00
1.753057622573902963e+00
2.997576899801380534e+00
1.153441584621309746e+00
1.393154009018434003e+00
1.583468568030079071e+00
1.432133691894405869e+00
1.433351107511370515e+00
1.666032832463115954e+00
1.671454096600866412e+00
1.852167798438212332e+00
1.354856292900755932e+00
1.963170381138889864e+00
2.281191065653441985e+00
2.161043058506594949e+00
2.085264704031353222e+00
1.476280001647278128e+00
1.665591430329323996e+00
1.855552618896496586e+00
1.867024047780810658e+00
1.887282541962471472e+00
1.265589216158953922e+00
1.751770706169114789e+00
2.035895308695574002e+00
1.645527740056048627e+00
1.727923941214641657e+00
1.778724356115966243e+00
2.118156426852349394e+00
1.811933270033226906e+00
1.410413745332967483e+00
1.312555168298913388e+00
1.902586249071121394e+00
1.505640839298123534e+00
1.778218496729794929e+00
1.512625921721915789e+00
1.832777116152079389e+00
1.220050924437741546e+00
1.257106417358780703e+00
1.567335346709151755e+00
1.559482285651222710e+00
1.742557300022576250e+00
1.975730859343606927e+00
2.182243697367232560e+00
1.401556806097800090e+00
2.015905276127934354e+00
1.690021059717361052e+00
1.402696904459768135e+00
1.588237106166698887e+00
2.121367749870608055e+00
2.279659278218971519e+00
3.072602258874004733e+00
1.333205541977202868e+00
2.702324573580282774e+00
2.112136817174830483e+00
1.238499460413759801e+00
2.025820352924696977e+00
2.209076023466881367e+00
2.002667007822539702e+00
2.109122865451328988e+00
1.492320512137216948e+00
1.883844888902221903e+00
1.428040263119414011e+00
1.214094825883698325e+00
2.030168394809019006e+00
1.183732346244865674e+00
1.725484482092568328e+00
1.430050354596153150e+00
1.891718607326497326e+00
1.400563227360287488e+00
1.669944491503279282e+00
2.292168162998761805e+00
1.884757342125902735e+00
1.862523900313888703e+00
2.076514902912800054e+00
1.920775077326321467e+00
2.079344539911647693e+00
1.923724729890188057e+00
1.421206418574707309e+00
1.551872952319131249e+00
1.571017486088554405e+00
1.301746119088929454e+00
1.463672871855052904e+00
1.784134445724283591e+00
1.657120348422023826e+00
1.791340489059861207e+00
2.134005269580958597e+00
1.479858744772211132e+00
1.844176991943398347e+00
1.199478498663556492e+00
1.218667197465160390e+00
1.931394745498676180e+00
2.302308531861840812e+00
2.594015521305879979e+00
1.408992693795143802e+00
1.650529949276027031e+00
2.043853909957323189e+00
1.890180311499289223e+00
1.944441089006787360e+00
1.522054998170343731e+00
1.916751854912389863e+00
1.558751205299879761e+00
1.978107984471205061e+00
1.755182259301955483e+00
2.016184882944136447e+00
1.728668499887446641e+00
1.628692063584584293e+00
1.918557695359041526e+00
1.516442334838386197e+00
2.115746003522680052e+00
2.386920597968761992e+00
1.441705441036655211e+00
1.774254427462340411e+00
1.387283417899887850e+00
1.734264368603614326e+00
1.797638999354384204e+00
1.376705996539352883e+00
1.256166288855149471e+00
1.819318813086033826e+00
2.066633826502180415e+00
1.868052137123554113e+00
2.427975301209548409e+00
1.484310993375291154e+00
2.215663841070957485e+00
1.331864057111669331e+00
1.357243445266036685e+00
1.273993744052243748e+00
1.499640302850825835e+00
1.610264991070814888e+00
2.790865089143498956e+00
2.221253390721040777e+00
1.848543556260294318e+00
1.661064682333464493e+00
2.885649192783607653e+00
1.707709268260579227e+00
1.334295849792119792e+00
1.835749130507568827e+00
1.797916109513054250e+00
2.415406274125345920e+00
1.382403267467090968e+00
1.537254494243694314e+00
2.095444279282893785e+00
2.020135058480059698e+00
2.409857471972458587e+00
1.967700730256809694e+00
1.374636785466148980e+00
1.221301078004746632e+00
1.288865685939720063e+00
1.864177548531674500e+00
1.870715273789578914e+00
1.449552638760279510e+00
2.256643800269795719e+00
1.562621328548242872e+00
2.281345388569646637e+00
1.939267119378333959e+00
2.036359584345670992e+00
1.593424865899818910e+00
1.401840962948238900e+00
1.518811708957709117e+00
1.133829510668231011e+00
1.489733785272698396e+00
2.664873292926424941e+00
1.353357434086599032e+00
1.765161898760364112e+00
1.700828981075411139e+00
1.747177900501136305e+00
1.908297308590052310e+00
2.043307456410392575e+00
2.182242352416487563e+00
1.401539809542262649e+00
1.884025376398647200e+00
1.454372731660728446e+00
2.197562145861338134e+00
2.453590947674442191e+00
1.491994744877949142e+00
1.739705337712404987e+00
2.181099566956245628e+00
1.881967838019785288e+00
1.733516646641406034e+00
1.660352982291748214e+00
1.626157713200168553e+00
1.430835271351279081e+00
1.672872951157237331e+00
1.965123998882203571e+00
2.231724399468451914e+00
1.499910155837076653e+00
2.239070960561289958e+00
1.762654663934946520e+00
1.673463081298577126e+00
2.148798046077244006e+00
1.803655834439784611e+00
2.140834064160699324e+00
1.806040506872847118e+00
2.073337702707173769e+00
