9.356049201121480197e-02
3.455594847932053765e-02
1.574280316832308291e-01
9.744510994946187221e-02
1.737921275010343158e-01
1.354402712393015795e-01
2.261225881383215341e-01
8.195032722487363697e-02
1.599624863835853728e-01
9.683705979483457627e-02
9.553201158298070539e-02
1.416732858185019428e-01
2.176963465504385686e-01
9.138040821003019787e-02
1.098484037436345401e-01
3.370621946453368212e-01
8.553219699435347934e-02
2.461843335111970898e-01
2.604495939690279482e-01
1.389465628286945809e-01
1.614320087785904856e-01
1.352508214762761507e-01
8.626063923649081311e-02
2.029985356009363640e-01
1.072689175103431342e-01
1.249823592130977906e-01
1.022686431051254424e-01
1.962158231404483866e-01
7.107057806202193850e-02
3.433225336939157990e-01
1.198589890287780069e-01
1.701079634027948539e-01
2.117011760372822793e-01
2.148799853054023379e-01
8.526160771062464561e-02
5.035411857709905237e-02
1.177222739277121732e-01
1.254420754968842422e-01
7.405665265221134108e-02
1.859045677559482967e-01
2.198681912062060428e-01
8.761364828559405071e-02
1.430498194969856973e-01
6.080527524934992850e-02
9.779212940349524263e-02
3.071477223069264406e-01
7.605515846886690134e-02
3.379926850269884819e-01
1.505583376709782317e-01
2.995307418324416604e-01
8.772447661835375277e-02
1.092843235918735251e-01
5.462724854184344142e-02
1.310405388126953119e-01
3.771571631347759301e-01
1.153746928222323942e-01
1.180550645892790435e-01
1.364369305912231101e-01
1.991683259664212835e-01
1.667609468369200265e-01
1.114127164773585921e-01
6.744417610002040320e-02
1.938596529157713133e-01
1.188103754619501684e-01
1.023580006944295601e-01
7.233177203685806078e-02
1.740749660529964105e-01
1.047365987369223012e-01
1.298182997128968785e-01
1.018611593432097312e-01
4.503726523043972280e-02
1.579172124630110752e-01
1.529756745783262539e-01
1.810601470271014091e-01
9.057650111542830951e-02
7.309902478834949535e-02
9.488434699542760975e-02
1.945912291966955532e-01
1.437866974802834152e-01
9.974753896265575737e-02
1.126005726420359065e-01
2.175505147967531361e-01
1.026591736496795110e-01
1.413647331733657864e-01
8.797384233178170976e-02
2.485430817794202774e-01
9.080262495345156615e-02
1.037257439445693624e-01
9.839531315504899955e-02
2.433587069410544645e-01
1.186114794822482887e-01
1.532637991039838554e-01
1.321469376659551720e-01
8.641369001782381321e-02
1.515598231540342122e-01
1.792755193242787370e-01
8.862917442787826561e-02
1.469169403942656438e-01
1.203683732499716968e-01
1.169286867970123489e-01
1.380619185192206722e-01
7.981612157615866621e-02
8.065413086037923063e-02
1.940514558091623598e-01
7.664775173276527909e-02
1.494636760190991009e-01
8.203346545918309418e-02
2.337232083171139063e-01
1.490831754445933188e-01
1.852351973787897954e-01
1.908080586410332014e-01
1.068443706672766724e-01
7.794353441990976850e-02
8.475252337804634051e-02
1.775195436336260146e-01
1.513127221083612473e-01
1.337497148670937774e-01
1.854364336926604129e-01
1.387389938889190544e-01
1.378449958766714278e-01
1.292055167460089138e-01
1.217330798426013022e-01
1.375126096829152322e-01
1.720700737304628192e-01
3.130741115626323179e-02
1.449165061478500938e-01
1.501470320806134739e-01
7.083860344178689872e-02
1.801195861060305714e-01
1.211086820516822649e-01
8.178926291183313824e-02
1.879682387468331051e-01
1.300293946001684353e-01
1.424415564961194480e-01
4.803121894168954631e-02
7.064245602852047001e-02
6.627943820311163470e-02
1.544411886339165652e-01
6.020959603127847004e-02
1.291614671138840709e-01
8.496470671732263280e-02
2.185674784920744185e-01
1.772095756935225253e-01
1.167973588925361877e-01
1.013375935989353216e-01
1.966446631557705327e-01
1.511794772429582434e-01
2.852261065905551951e-01
1.201594662963780258e-01
9.970250179543058144e-02
1.291464443541924245e-01
2.409005351563767716e-01
1.457273084678175068e-01
5.181121332046213085e-02
1.140998060982732348e-01
1.006594451592366796e-01
2.047794728622722715e-01
9.752561343251259229e-02
1.297345224659476326e-01
7.732650595907247792e-02
1.954766971314469415e-01
1.616790914818782010e-01
2.256911103890499315e-01
1.106552854354428961e-01
2.451613907177378482e-01
1.204528620368694874e-01
4.572198730557535534e-02
2.097094577902840762e-01
9.548699470804271339e-02
1.050394281151369874e-01
2.050997712315811849e-01
2.195026417326406964e-01
4.749002560059022993e-01
1.108099009681200731e-01
8.995010957559859688e-02
1.666015189367349436e-01
1.540535180571520335e-01
9.549826554912034526e-02
9.349485993337063039e-02
6.461716225508847000e-02
1.054728109093146932e-01
1.764214430928644772e-01
3.075227231242936288e-01
1.130110602773584105e-01
8.463414056849027922e-02
9.066496673505709814e-02
1.688497267296486803e-01
1.644123685940998003e-01
4.319281328857816488e-02
7.277698155724350582e-02
3.569209802295582046e-01
5.423780105644876448e-02
1.097705458530613826e-01
1.347765324864928504e-01
1.286914658357508623e-01
1.175821975010398895e-01
2.006390775340408383e-01
1.333089272922742818e-01
1.817502274297040921e-01
1.136977441659312027e-01
1.112786297592499446e-01
1.797507097643972762e-01
1.400710218678239416e-01
1.209212938543958726e-01
2.338254318147230670e-01
3.036456011906035757e-01
1.717892286540518565e-01
2.117348030254769253e-01
1.833049547549770175e-01
1.367959793421613945e-01
1.287945128238582593e-01
1.106639836377803360e-01
9.963388667595063364e-02
2.589087099619762355e-01
1.670392835444169943e-01
1.020625024865651903e-01
1.333318877135962754e-01
2.641318814710629792e-01
2.404980400681719088e-01
1.807425096032190537e-01
6.546999665313686656e-02
2.010825068201191057e-01
3.310453781946633423e-01
2.036623478653285801e-01
1.167082765005949541e-01
1.176529799487454203e-01
1.741525566818455939e-01
1.414464776218563313e-01
1.491474444176818515e-01
3.522590355355973424e-01
1.309348716865393891e-01
1.334905816808050760e-01
1.866604404512929305e-01
1.217738133028169606e-01
2.876604298817549976e-01
8.116772965204982482e-02
2.518085460164366518e-01
1.186337613476400737e-01
9.935844990672720867e-02
2.041391783045754804e-01
1.967722431311074716e-01
8.386421549316996904e-02
8.547224315496035341e-02
1.063168567050704616e-01
4.059841018147317682e-01
7.779954867435723287e-02
1.180246558776613386e-01
1.287372251628031983e-01
1.668781569560478517e-01
1.459353914382766348e-01
7.977617664158398458e-02
7.078852522878617548e-02
1.281988327888951285e-01
1.184783449692742158e-01
1.078408753716181279e-01
7.362543945554467228e-02
1.189870586216244808e-01
1.040003939080518802e-01
1.227083216124808945e-01
1.733240898077777481e-01
1.117852471751860505e-01
8.731635873273697890e-02
1.380909743893734276e-01
1.769969813825908456e-01
2.007487711878879755e-01
1.018569302669256743e-01
1.552033560952051916e-01
1.089401483958437195e-01
1.228078144645340652e-01
2.432732547861608807e-01
1.266854268105458148e-01
1.012473299110401292e-01
3.162314334579477415e-02
1.461389481667461632e-01
1.179611652690208540e-01
1.311369766339135767e-01
9.335280532394676922e-02
5.513592800366021174e-02
1.323547601529455331e-01
1.381771992834904539e-01
6.146141593590531693e-02
1.493811960936235195e-01
1.121262956016428891e-01
6.729512003667799391e-02
6.744450217007566528e-02
1.805385011748251445e-01
5.929735768790723310e-02
9.434123075394924840e-02
1.668824630216082516e-01
7.482578764631793444e-02
1.531855528972677905e-01
1.961274591382332344e-01
1.662863070458593107e-01
1.399943285149189975e-01
1.886874564462954207e-01
1.476378607516716790e-01
2.012043732155628650e-01
1.352987306660914102e-01
2.137763001037892852e-01
2.030713590805407753e-01
1.147573618409332141e-01
1.668748954630402959e-01
1.364470092124238088e-01
1.266973577586450461e-01
2.167206780157863999e-01
1.367965882087780749e-01
1.347613072631103914e-01
1.211793414746655945e-01
4.478253275176800191e-02
1.394855654888499108e-01
1.440678801055926550e-01
1.132950598160530759e-01
1.522227297147845104e-01
1.068627467502445000e-01
1.490632895250407763e-01
1.403569438907316391e-01
3.759952938177573145e-01
1.889540610809072319e-01
1.923818506730949618e-01
2.130963604350592233e-01
8.817688511786188343e-02
1.378808648533313419e-01
4.770869873167044029e-02
1.426081572300129385e-01
1.197498530962911867e-01
2.118789128491423701e-01
1.440488557415165183e-01
2.071507449218402408e-01
1.732806384442742709e-01
8.531941115161532918e-02
1.257076085976402136e-01
1.383176073969324127e-01
1.483339671548332406e-01
1.632951383288738512e-01
1.437250327201731459e-01
1.600932106716305148e-01
1.791527350787847916e-01
1.909971472676435245e-01
1.483738706082052827e-01
3.177806076766165888e-01
1.839121485383403143e-01
1.311678595374984047e-01
2.388762147109608769e-01
1.798547674783583517e-01
6.174661989291217734e-02
1.581112154940513270e-01
1.187888279502522931e-01
2.068532472446800163e-01
2.188392582391625041e-01
2.527651182332709134e-01
2.178266382000674239e-01
1.360297031405689472e-01
1.309119845489789824e-01
1.358147460650096505e-01
2.977058859764982746e-01
9.385020598265302050e-02
5.942074392482457612e-02
7.321182054964997521e-02
1.183060501695396005e-01
1.657902449933412736e-01
1.154467177650693732e-01
2.374757840984802193e-01
2.185981528494180259e-01
1.916689503381747151e-01
8.283090208938641286e-02
2.095032418454946810e-01
1.041288341865917177e-01
1.331669000300257089e-01
1.387406734163281197e-01
1.198170149361690445e-01
1.151776867383537406e-01
1.676351801118957652e-01
1.349643219417931139e-01
1.592888582799252828e-01
5.004844678289144255e-02
9.678339061244715935e-02
8.578347216834350530e-02
8.083320177003422424e-02
6.864471349312967208e-02
1.334824845334276477e-01
1.059351716213894484e-01
1.130699841175981796e-01
2.927151768530702469e-01
2.343812634235309666e-01
2.397015643947760510e-01
1.414481637558339666e-01
5.899794413354027267e-02
9.337531679119287498e-02
2.100473961318029548e-01
1.590074572961654720e-01
2.048101534705616400e-01
1.507384054572778465e-01
2.920169386277075563e-01
1.338367548337840440e-01
1.142416313359989888e-01
1.128710970904825833e-01
2.712071585925395212e-01
1.221827318712513794e-01
9.198493615645074450e-02
1.197259451507883821e-01
8.038534476594369482e-02
1.204177503139454847e-01
3.805770758392407194e-01
6.705697159324894296e-02
1.194499281600075458e-01
6.574736545384524122e-02
7.986129996239038631e-02
8.168767840906633604e-02
8.404944166440896092e-02
7.895804846821438683e-02
2.111661245117055219e-01
8.000688085634817537e-02
9.384232782980513055e-02
1.181009643730381170e-01
1.498392928219186293e-01
1.794685525635551504e-01
1.137009067774453624e-01
2.030442678661253386e-01
9.306816831320714745e-02
1.395894610839908401e-01
1.038902948814478672e-01
2.135198280436354790e-01
1.022472978160796492e-01
1.590805692409252015e-01
1.769354937720154508e-01
2.072761733571077125e-01
2.255643396245786136e-01
2.604068850787781275e-01
1.061165833959336197e-01
1.033458745667707318e-01
1.037692660346139079e-01
2.538118202385049038e-01
1.017163100822046362e-01
9.055761511704238376e-02
1.719651293990220597e-01
1.374921338094223788e-01
1.619157254920264299e-01
2.008816099785930565e-01
1.495182907712308273e-01
7.246963201267743460e-02
1.193934952484159706e-01
1.424627682681751384e-01
1.089720005712196821e-01
2.328831477102758507e-01
1.317962131627681277e-01
9.553974285941482791e-02
1.372710039412234351e-01
2.410628949966708567e-01
2.286674802581378230e-01
1.089822221439512850e-01
4.186270205296289265e-02
1.441546891726378787e-01
1.021353090110557887e-01
2.171335614039901774e-01
2.268465136260966186e-01
1.533049061602377861e-01
3.183552441349286055e-01
8.553500023016000209e-02
8.122752430570043258e-02
1.141421177882171456e-01
3.758043140987302744e-01
9.104524355068520369e-02
1.157143670611030239e-01
2.014553491228582294e-01
1.586911411396955129e-01
3.056435992154803993e-01
6.747167740274577497e-02
1.325004430327547666e-01
1.828968275434616764e-01
1.426413290554978119e-01
1.149268315939438873e-01
2.099955511990969359e-01
1.147467026368487603e-01
1.015866582696944576e-01
1.295429665239110906e-01
2.058797354773988231e-01
1.036627028282948448e-01
2.687863252893907262e-01
6.271339193731682859e-02
1.190085773136136948e-01
8.267129930427641327e-02
1.385901462643231163e-01
3.756587790057645537e-01
3.456724261900166462e-01
8.207195281335953607e-02
1.535405217701372449e-01
6.468031654109859807e-02
2.151470959278754536e-01
1.663448566697581787e-01
8.175134490867114190e-02
1.811911622520682441e-01
1.121476741907300873e-01
1.870354830975312632e-01
5.356337491155180319e-02
1.002644476304773019e-01
2.052151208448923236e-01
1.708628349701272475e-01
8.411358884572277261e-02
1.030101556871729912e-01
2.276198531660148794e-01
1.105679135130601259e-01
1.486054365318207615e-01
2.321854304914079958e-01
1.012149064999039866e-01
1.020684288528057593e-01
1.053473667785263940e-01
1.121021273641963495e-01
1.018839396655011192e-01
1.527674047182556449e-01
2.063207511102704561e-01
1.206753228318859367e-01
1.469674550350330011e-01
1.111723682544826924e-01
1.897309081138167652e-01
7.970229353311406029e-02
4.957848224708862744e-02
2.018847303864156062e-01
7.548385537472845908e-02
1.316484534373675297e-01
9.253267850165468322e-02
6.547671473910654516e-01
1.123668043987143678e-01
2.671749876713632177e-01
6.708893194027648610e-02
1.548002709487246165e-01
4.154602808975262351e-01
1.194743285760032497e-01
1.089730135580719017e-01
8.287889523638482248e-02
1.464117715830087763e-01
9.422745074594564285e-02
1.153737258374014640e-01
8.078204587870550790e-02
1.249776476990595436e-01
6.631975499273529140e-02
2.861773992371888231e-01
3.761064475047234401e-01
1.016730467661782489e-01
1.010998788919327540e-01
1.626245632708788469e-01
1.023348074065236063e-01
1.010091176573396782e-01
1.351934881934866994e-01
1.931664664472843296e-01
1.818698685898584300e-01
1.591570723865667059e-01
1.256127269357537601e-01
1.684957050489120922e-01
3.539777755116563784e-01
1.071841969756333890e-01
1.589859065650451320e-01
7.384849932659695582e-02
2.317715291909770159e-01
1.064876345119260825e-01
8.671774203018460525e-02
2.361223299756917693e-01
3.102288388834896216e-01
2.564121767612554392e-01
7.920855738320049799e-02
1.196801966944261025e-01
1.395374817577622328e-01
8.444616613146263551e-02
5.571098093834232767e-02
1.201463569352270305e-01
1.609155303026076345e-01
2.984167704802282994e-01
1.356243905135713357e-01
1.556170315427538309e-01
1.808185767416184975e-01
1.130788355518502347e-01
9.279194332569788706e-02
1.173775794354524754e-01
4.587058430908882295e-02
9.871783366777266144e-02
1.214967676792800405e-01
1.555282338070775316e-01
1.350347758655649211e-01
9.492544154806652201e-02
1.859230693871616602e-01
1.112841203013445607e-01
2.112838254245471281e-01
8.866617843897703355e-02
1.046073096369694588e-01
1.320375816309764805e-01
7.289121036014427346e-02
1.413348223980656904e-01
6.410672246506664285e-02
8.035689914067679906e-02
1.660292015937396559e-01
1.831815407626549153e-01
1.503030724698727616e-01
2.069638992266787936e-01
6.718322298170376072e-02
2.178815102950354132e-01
1.862389879902753009e-01
5.615243658946517807e-02
1.438120599932569965e-01
1.394067004053166636e-01
2.375115134567442055e-01
1.250164432767999489e-01
1.275288049998359874e-01
8.085907666741232180e-02
1.157350292163634720e-01
1.674409910733876683e-01
9.898076159190037637e-02
2.918510306892372896e-01
2.266051665002064841e-01
2.378731506376474680e-01
1.591935519466655402e-01
2.295925075877617849e-01
2.484164856228490148e-01
1.226560291459861951e-01
7.406487255052637830e-02
1.512063305353312515e-01
1.426130729582917589e-01
1.347206824921662327e-01
2.933721421658965767e-01
2.110432172005022866e-01
9.448302129846389286e-02
1.515775294972688814e-01
2.430423825202403243e-01
1.726072033827518171e-01
8.396238626430573004e-02
1.368000072148000401e-01
2.576826449168175270e-01
1.770085582571434002e-01
2.025775292816821005e-01
1.156982921391861985e-01
5.086155308373879746e-02
2.720358888914059525e-01
7.077796873514557996e-02
9.222517678435565580e-02
3.165781418608659137e-01
1.216873376112108524e-01
8.340818765407188862e-02
3.682670918329393195e-01
1.450235956702969620e-01
1.432616640397284535e-01
1.722858771711091308e-01
1.195857349034405714e-01
1.890492366260468626e-01
2.938318604724073912e-01
1.159939954672889184e-01
1.803507453892313761e-01
1.115423922362303033e-01
1.104081071839337347e-01
3.135365663740472542e-01
2.383051373830573916e-01
2.217289567126873306e-01
1.643388603486947985e-01
1.430425452165863254e-01
7.352603681969473171e-02
4.631317330578317570e-02
2.386220520057431294e-01
1.337418176607708675e-01
8.451484327426997401e-02
1.290448301010681809e-01
8.226186733451068545e-02
5.026707202012356546e-02
2.215613140341157750e-01
3.137606892126247882e-01
1.628251223497645395e-01
1.412243416696755127e-01
2.145590576033510055e-01
1.367746791262057227e-01
1.830486338554857262e-01
1.233643815892064427e-01
9.860017440675364342e-02
2.582258619491835661e-01
1.788051799225571503e-01
8.194000464237662096e-02
2.537533754015586784e-01
2.099111525452236893e-01
9.765707764444776784e-02
1.249711433506723729e-01
1.006718940382035632e-01
1.210710716528022451e-01
1.210126260341281013e-01
2.679618774305141948e-01
9.051915807596490338e-02
9.794328966228407762e-02
1.840197774310624590e-01
7.042310946274835115e-02
8.814421346028347704e-02
8.975248868583164674e-02
1.938356733309173074e-01
1.216984532689292797e-01
1.506014323129272470e-01
9.566095064213357702e-02
1.350400270578591411e-01
9.522004321059050758e-02
1.218718940436043091e-01
2.779391805772314372e-01
1.128778733235935167e-01
2.343615526382132608e-01
2.896900843818157600e-01
1.467506283047862736e-01
6.552899740017574526e-02
2.657760771920519294e-01
1.102879123612365009e-01
2.013018052724304674e-01
2.283836336506563924e-01
2.099112973113964609e-01
2.583895595007598689e-01
2.776124577623760858e-01
2.754216235522055078e-01
1.690542227349155491e-01
1.709597391888014184e-01
1.526248096280435063e-01
1.350653247670732804e-01
7.844962334937437276e-02
1.978270610496368764e-01
2.604220522593105325e-01
2.729516936221318968e-01
8.993399445293147332e-02
2.106665663269235156e-01
7.372742054655227750e-02
2.621999502614967836e-01
1.149035247264588999e-01
4.801274004842222970e-02
1.563745622404432989e-01
6.402703664468092914e-02
5.110772364229736187e-02
3.445355728020962904e-02
8.131770541340981040e-02
2.626128648654322828e-01
5.239304144635647392e-02
1.543238072115949711e-01
8.619619588918801811e-02
4.307383249085582066e-02
8.573860521925602551e-02
1.552674701526088885e-01
2.943531795146500651e-01
1.028574500161936189e-01
2.649011192604756038e-01
4.438077077085660904e-01
2.302947855652115738e-01
9.645091250518857129e-02
1.425895644342070334e-01
8.555180494782134437e-02
1.530738240333303357e-01
1.495276796109806794e-01
2.509151330682075631e-01
1.398633626313582623e-01
1.011319635883247553e-01
1.055952844511126171e-01
1.130267135955225627e-01
1.932019848805765772e-01
7.682843720427937062e-02
7.972191357542569856e-02
1.397773398829906533e-01
1.868894570607465000e-01
9.558450163540659072e-02
9.832323396082014166e-02
1.842741847590263493e-01
3.608025113882822876e-01
2.202051377899625628e-01
1.741083457754973030e-01
1.204631169251525608e-01
1.149842989124216924e-01
1.799258139580445504e-01
2.439066170373002662e-01
1.129308613438127634e-01
5.294914264955315197e-02
9.596419810245601645e-02
2.976761342468731142e-01
1.065021474553245334e-01
4.620612364200781669e-02
1.976926157533520356e-01
1.725295593180592446e-01
9.206896493215917243e-02
1.592147749917566524e-01
2.778819131675694942e-01
1.036150183136799047e-01
2.395397346989158183e-01
8.846733033946770075e-02
5.207566257886005190e-02
1.316032827426924234e-01
1.794815962452699365e-01
2.027657383423040194e-01
9.242145544612662134e-02
1.579210389966172745e-01
1.223642499309063325e-01
6.491413849192072261e-02
9.466463696413546236e-02
1.288387113443896781e-01
5.360128055497346417e-02
6.379778382634082590e-02
1.128283111805551409e-01
1.879746788955057313e-01
1.542252309853962278e-01
1.127971044305580012e-01
2.139449011132988909e-01
1.852494973661530653e-01
1.367190415462715969e-01
2.153692156210096076e-01
1.390596270034206161e-01
1.172895849580485594e-01
1.220338759362770836e-01
1.257279355023283307e-01
7.576284964535016930e-02
1.116721069169465674e-01
1.983962971011490606e-01
5.397661553659226230e-02
3.363241170496601984e-01
1.284145993635882332e-01
1.181400782242612996e-01
6.245829620785602054e-02
3.929321103066942267e-01
1.245747621590558157e-01
4.298723204933336400e-02
1.782391967900098517e-01
1.203950337967118200e-01
2.700106320020272954e-01
1.713626328897737694e-01
1.616817697465544879e-01
6.518527773015955762e-02
6.635655653985725322e-02
1.056025190458941970e-01
1.151595326320793838e-01
2.852111502593233650e-01
9.624847649039017239e-02
1.189333246821460272e-01
1.458095456071965279e-01
3.841982063109997125e-02
9.375737551250086510e-02
1.394529176927630509e-01
1.398598663909452200e-01
1.333053520197271524e-01
4.883473946946016442e-01
1.048613650537719988e-01
1.268808402762998389e-01
7.629512562920592877e-02
9.697281008375502331e-02
1.061701371711638031e-01
7.859977583191120332e-02
7.402455479672931382e-02
6.964492648726620938e-02
2.103803351971588742e-01
6.875771690254267599e-02
2.602871818402804904e-01
7.335597178162041321e-02
8.354059733279715905e-02
1.541552879757885908e-01
2.218615182143442166e-01
1.225565448288714610e-01
6.530302171526208843e-02
2.200722029445314754e-01
1.395477124338048991e-01
4.343979546961793808e-02
1.784112661285530699e-01
1.464272357696889126e-01
3.163745879742111550e-02
9.359550712677956741e-02
9.250023528854689481e-02
4.159878642807827986e-02
1.218929657283389645e-01
9.495202865044684304e-02
9.860813428430047212e-02
1.222757062879831214e-01
5.527334187931891296e-02
8.911565760105488732e-02
1.599980508259682965e-01
1.551987258964788174e-01
9.164262215476542961e-02
1.083379103574168695e-01
9.874479585108043855e-02
1.017161317123740222e-01
2.380689760829373947e-01
1.101436499795735990e-01
2.256237607072166251e-01
1.237921397392697243e-01
1.612583070810642560e-01
5.604899112056897781e-02
2.896387151803381799e-01
1.960622495195284976e-01
3.996865445932912958e-02
1.545155854995841349e-01
2.755401334469729790e-01
1.935616948101111234e-01
1.943642758738637066e-01
1.285590163350359139e-01
1.930995547471096307e-01
9.332745768516467755e-02
2.368749133635146831e-01
1.794601339773604642e-01
2.387925309763694326e-01
1.922837034725423944e-01
1.038222278315589914e-01
1.957216543301404654e-01
6.352447638723485168e-02
1.300695035794747212e-01
1.412920463929620285e-01
2.041854910707024406e-01
3.369534767144359844e-01
1.802264262165231001e-01
1.531536764404380635e-01
8.731964940692224508e-02
2.895021003705289253e-01
2.976554266194644804e-01
1.433663176312678367e-01
1.415762935450831372e-01
6.153384577750566076e-02
2.012962881547412930e-01
1.595418889500132831e-01
8.459053577334098295e-02
1.696035101195687567e-01
1.088749099828820455e-01
1.508172351840393610e-01
2.151292543923021827e-01
1.446873675231279688e-01
1.044809366186034427e-01
2.982141013658569095e-01
1.273730185140455606e-01
5.470235795536342038e-02
1.389715330370352442e-01
5.831180154790382986e-02
1.522764697965901248e-01
1.612336770810315623e-01
8.639648279643809270e-02
9.237963902137452665e-02
9.423370083526790009e-02
7.226405353248790964e-02
7.605820507793724372e-02
1.573245300949263625e-01
9.141849439232817287e-02
8.313937521057272739e-02
1.283780425177350193e-01
1.671150698930937151e-01
1.310513324388226652e-01
1.338974160261949542e-01
3.017772438039911242e-01
8.104213572917873254e-02
2.642800703039290267e-01
1.193358602736457330e-01
2.403236322751723664e-01
2.052244867745231238e-01
1.417116855213075011e-01
8.602977767081831928e-02
1.014581550268349452e-01
9.333813164824276976e-02
1.010647698296767150e-01
8.683957082476943812e-02
1.584642219925994078e-01
2.124506527552474933e-01
9.695329537136347653e-02
1.408516332605495858e-01
1.119923355896911693e-01
2.276858688097216921e-01
1.618991490209715500e-01
3.805366127199939080e-02
1.024585947979458622e-01
2.100467250120255924e-01
2.427830922571727890e-01
7.128868558459640348e-02
1.423837804191967482e-01
1.825517819592046564e-01
1.848360725299546536e-01
1.488857105419749693e-01
1.942445505210849688e-01
1.665913892203804425e-01
9.821828344806116107e-02
1.500621911025124822e-01
2.093547090245530540e-01
1.470136613449790908e-01
7.778150629337088340e-02
6.433614359230110935e-02
2.480776729682446224e-01
1.137502093641489520e-01
1.384971074838255711e-01
1.540316377785044821e-01
1.788325721599082485e-01
1.346096445281621534e-01
1.001193357004878243e-01
5.427314515324799943e-02
9.940048244560006907e-02
1.040181979404122686e-01
1.128870300813959726e-01
1.486778497919762632e-01
6.816533903620912438e-02
1.746284747623662037e-01
1.271257116170937118e-01
2.278242146685768577e-01
9.818487947020769491e-02
8.397757628780275208e-02
1.283662724411900047e-01
2.021205365703394596e-01
2.403478731139558899e-01
7.314061401834166809e-02
1.434557776359469683e-01
2.065682530184872467e-01
7.844792008712475617e-02
1.213870803996082992e-01
9.186060615196102452e-02
1.571655061244310314e-01
2.386748352314864152e-01
8.033786975896924087e-02
8.977451373644630694e-02
2.010162617270285224e-01
9.140609233171699544e-02
