1.454925581889103148e+00
3.103171341732276378e+00
5.323396399049249439e+00
5.480532612773681755e+00
4.093273135082438507e+00
1.677441802720438968e+00
1.306137516313064406e+00
1.797742490834704165e+00
3.663943219343622104e+00
8.956720209117943199e+00
5.338277279112973339e+00
3.043531356211407246e+00
3.195658131830875881e+00
2.291244270581073383e+00
2.255977990800508870e+00
4.398489568400993477e+00
2.630146441778598021e+00
3.558239365269128207e+00
2.376279002634094084e+00
3.606516964433331029e+00
3.476190717736209912e+00
4.892534464763124369e+00
2.719431674407787991e+00
1.282877856092047963e+00
2.332785225847134214e+00
4.934160220377517447e+00
1.216303124883199027e+00
1.751075019673403732e+00
2.667971132645690080e+00
3.746785635823135507e+00
3.134732034496533259e+00
3.849966065156945838e+00
2.817804130641451188e+00
1.895684583375013332e+00
8.933356509570481441e-01
1.705729131418125988e+00
2.710952668752820038e+00
5.957939340407468976e+00
3.889934176365131613e+00
7.225076066102777084e+00
1.510761244041334939e+00
4.400381408545608330e+00
5.687512258280679411e+00
2.078554106096879739e+00
1.766981074461143830e+00
2.927634923730493277e+00
3.206176409877478761e+00
1.050651189396458740e+01
1.343349301486598035e+00
6.036855919600035314e+00
1.034115816646631991e+01
3.154776867428921161e+00
5.868898193195672519e+00
2.502890755640883924e+00
2.418199424727116575e+00
1.799419846135878354e+00
1.833362709338691721e+00
1.565553501483160082e+00
1.729269190892404495e+00
6.622356505726235909e+00
2.021101698666716739e+00
8.621859662019673465e+00
7.085474500427110023e+00
5.457217021987160743e-01
4.157731098170681427e+00
4.594238804662713171e+00
4.027908384688303478e+00
1.676211347153481412e+00
2.718883118421923761e+00
3.813508424458231794e+00
3.777479682530686222e+00
2.598355759326738568e+00
1.738349535158463466e+00
4.848100129538693182e+00
3.100180769061027242e+00
1.796198441897690179e+00
1.558742554253081947e+00
2.306273340662426730e+00
3.652284459602481714e+00
3.059408389661748995e+00
2.839536425100576800e+00
6.597939897946789145e+00
2.963260627959899196e+00
5.255676127948794019e+00
4.412665441485862594e+00
3.258589946161722928e+00
3.623693208361475904e+00
3.111904111192331346e+00
4.191972867180170148e+00
1.990660025868510541e+00
1.030352796019051054e+00
7.013950534520726476e-01
2.285787388850379909e+00
1.335534088057246382e+00
1.433360809511702083e+00
1.362106949211664997e+01
1.273957814617100892e+00
5.395152920414965969e+00
5.721451236598857015e+00
1.545636797107545757e+00
3.800605212689692980e+00
4.665768238044049276e+00
1.732035132221963591e+00
7.892059317423937514e+00
2.377827704733121994e+00
1.911165647441488202e+00
1.788709590319476916e+01
3.921570473698242409e+00
3.740550854634283606e+00
3.143194471120466016e+00
3.553738653466104402e+00
2.070362279150213425e+00
3.953487350412245860e+00
1.099932869939149738e+00
4.727446812732618575e+00
2.606092363521197885e+00
2.687938888284974848e+00
9.326138648752232641e+00
4.235546131191385122e+00
1.955587701752586449e+00
9.209115112096011302e-01
2.932649952338967303e+00
1.888710156678810925e+00
6.270296827974749299e+00
4.921113711536299284e+00
2.764327120367070290e+00
1.962277176575621063e+00
2.778165111870134485e+00
2.116429311402205915e+00
8.575965606868065194e+00
2.795744446191612553e+00
7.309243314151111726e+00
3.012294742350541732e+00
2.746749016556873979e+00
1.770372705317981854e+00
1.817940560413999984e+00
4.044052873694824690e+00
1.430372153206682873e+00
1.692536000778266825e+00
1.676522770181128497e+00
5.740118212793722030e+00
2.715979684608702094e+00
1.272879523000737700e+00
4.684102624004408355e+00
1.999232453642153295e+00
1.427288174182975045e+00
2.961907114034026733e+00
1.968949608965932185e+00
4.293441498757356811e+00
2.989496668018194914e+00
2.465834943159598502e+00
2.675373604617761636e+00
4.034067128562475624e+00
5.362542848489659342e+00
3.309438283559861027e+00
3.258390297398034541e+00
6.051948104364829994e+00
6.614946162111999817e-01
2.370115919114107683e+00
2.009721857326269845e+00
6.825802745962072038e+00
2.580289925462046163e+00
1.996308568892142032e+00
1.214000936526779206e+00
4.673875790929798768e+00
5.558019437487892844e+00
9.542442741403409201e+00
3.944490304795856606e+00
2.048130179465629030e+00
2.135288563765986414e+00
1.005341628473088500e+00
6.018065763914198563e+00
4.406325807975879805e+00
2.368721297858966235e+00
2.167106518609522414e+00
4.963054079402396290e+00
1.520371110199773002e+00
1.630504087654360168e+00
2.942628430995482880e+00
6.182350776445439955e+00
2.725994803093590768e+00
2.131571910778162771e+00
1.761494829414995467e+00
8.901964269004794872e+00
1.347380401369998593e+00
1.164424874729345660e+01
5.880815070726566063e+00
1.664051497116929124e+00
2.640728053225527283e+00
2.026987061672616441e+00
1.827126043965004998e+00
3.133414945624958925e+00
3.602024611920703556e+00
8.019919546722007908e+00
1.924903087439567395e+00
4.211139724527028783e+00
2.077976406548333710e+00
2.980612370106094922e+00
6.057474051816220673e-01
3.554421540372868726e+00
1.658546080475664208e+00
2.738979745912374142e+00
2.200250402272624139e+00
4.423306980335870442e+00
1.993161547258294419e+00
1.176978695792582963e+00
4.559163880565009208e-01
3.048082757284797939e+00
1.299429826914717534e+00
3.480240232400980904e+00
9.504318691447590783e-01
6.450586400600799131e+00
1.503112832112374786e+00
4.726991197166384495e+00
1.909917094490219958e+00
2.541778327972914475e+00
2.555239428279609371e+00
4.353053767153997278e+00
5.326257861326403997e+00
2.947585039479032609e+00
5.152682761652779497e+00
1.781125367875215693e+00
3.615154192479712592e+00
5.764126941093061340e+00
1.859721388940873021e+00
1.829674462174928706e+01
1.564121667476919608e+00
1.829376558166069477e+00
4.817923761216571954e+00
9.148312609314965815e-01
2.184787134112913254e+00
9.251439829140352122e-01
6.449201731923879244e+00
1.618464558468297732e+00
2.500750642081516428e+00
2.171911375425747082e+00
1.268582716124130094e+00
2.103136491506548467e+00
2.096587415188892134e+00
5.440513562357012667e+00
3.469649065915421104e+00
6.125148354634882608e+00
4.483699805610083189e+00
1.674043097170773819e+00
1.701017616468523119e+00
2.455847832154200105e+00
7.917358576768330103e+00
3.107113008117844188e+00
3.132083991107062815e+00
9.386356617656121948e-01
1.167096324213984682e+00
1.734044722784391368e+00
4.350705124848325944e+00
3.814409890658217339e+00
6.834175960805653816e+00
3.413216132578512418e+00
4.856798097178688600e+00
3.125226759066666027e+00
2.110840256660638570e+00
7.484139190682855158e+00
1.504776326923150220e+00
3.216194707084857107e+00
2.793491233620453151e+00
8.728890933433710586e+00
7.110412609477148926e+00
4.742436734144007460e+00
9.888565523380886679e-01
5.324005472910510406e+00
3.473476188435462575e+00
2.462211519283958427e+00
1.120086976042709459e+00
2.495648185465116686e+00
2.746205478105374631e+00
6.935454655081722208e+00
4.801229609272517962e+00
1.905709211918725332e+00
2.141923306371637636e+00
1.156620324681942336e+01
1.560431161787207310e+00
2.208669293427753644e+00
1.078209078948193778e+01
9.162273856368043923e+00
1.899951666195774713e+00
2.579671858782854432e+00
4.150729048845333224e+00
1.128275006291209248e+00
5.263752925193036170e+00
2.596702797094800008e+00
3.606599821553755358e+00
2.054801553554563398e+00
1.520222758871734081e+00
5.203542068660028441e+00
4.869983101502410427e+00
9.469508099180996563e-01
3.889387776350596848e+00
7.409655342062245742e-01
1.641377002586889011e+00
1.415594389231612737e+00
8.427953166702035759e-01
2.075362086857569288e+00
2.573515728009752479e+00
4.622234145758761237e+00
3.632289750096158176e+00
1.036367828922050593e+00
8.087352684084651244e+00
4.545225677579979973e+00
2.464068662746679017e+00
1.504973813797472415e+00
7.990061932328492489e+00
2.650054636600654323e+00
4.317739190835874652e+00
9.235977508521765245e+00
1.653033038396185095e+00
1.884822120006622637e+00
2.973677537884076294e+00
1.291764827426332918e+00
2.867585303340404845e+00
6.112234495921761379e+00
1.046626762653694032e+00
1.402607120379427252e+00
1.331441310924518451e+00
3.519013386324636894e+00
2.241263499321910935e+00
7.330473014123172426e+00
3.883044810398116997e+00
5.899180988370409828e+00
2.204598239370362922e+00
4.010262778241753701e+00
2.392632087443232081e+00
6.978424313001944768e+00
8.068334343185700197e-01
7.146561087467853568e+00
2.021014673167391695e+00
1.333497016777732647e+01
5.269051989587212326e+00
5.653280643360273139e+00
1.400615094677799766e+00
4.012784361661084986e+00
1.879141028735876962e+00
7.284785016911870414e+00
5.020313730923449569e+00
1.898255692326948019e+00
2.720563949519818614e+00
8.043949713295109882e-01
3.110716305503163248e+00
8.520345655802534779e+00
1.643044927604105920e+00
2.331142211043176982e+00
7.518096425223247392e-01
2.093580486509319272e+00
5.258607244541392056e+00
2.980295872363156739e+00
1.815875535296671783e+00
5.044976877182484998e+00
1.980137430355459749e+00
1.631509045443611639e+00
1.224130970954316222e+00
2.393129013517029335e+00
1.931744737715681115e+00
1.293362086547500622e+00
5.687582023427846245e-01
1.617808974895695862e+00
1.539069475172085033e+00
1.357263152856530830e+01
5.565780161146379967e+00
2.803138032845126304e+00
4.035220307287325170e+00
2.338373734282382710e+00
6.764857353656937633e+00
4.885620529240574328e+00
5.121607463866155285e+00
1.917696947158542109e+00
1.474773090260651287e+00
5.047060544387188763e+00
9.965721955152543998e+00
6.081951189062342333e-01
4.764013732965889147e+00
1.737742054018812210e+00
5.651562786408051764e+00
3.778382160247933275e+00
2.579095960472605142e+00
2.292453729554395192e+00
5.231469721015395535e+00
1.992404931386684064e+00
1.401279310787635124e+00
1.470546034983148065e+00
2.736026783140875107e+00
1.348702507213092483e+00
1.923180375517982377e+00
1.989440297787822942e+00
1.960709535195245712e+00
9.159772647444009985e-01
2.401039835042850790e+00
2.738903904256765998e+00
2.438440829505319485e+00
3.641095249303597736e+00
3.139640132527203420e+00
1.890321992590550337e+00
7.512057740354829427e+00
4.244725089046935018e+00
1.162676501797648365e+00
4.627919715778702425e+00
3.064329951801843421e+00
1.679935124046518125e+00
1.517689437742826275e+00
3.709683105267779002e+00
1.158237069783987438e+00
1.501095907604235835e+00
9.590504402513523319e-01
2.327991870765496962e+00
3.206480968894001471e+00
4.170457364512626164e+00
1.888602392599685098e+00
4.126879429748231409e+00
6.093473535206489267e+00
9.504999176360163560e+00
1.675960750766238849e+00
4.770993728221946562e+00
2.097236971821388352e+00
3.078489942340249197e+00
2.338729973735113710e+00
7.956300329160375107e+00
2.063681391813820376e+00
4.430970327336776649e+00
2.753335201114916142e+00
1.834124835499857165e+00
3.357798534539675028e+00
2.653195938343769988e+00
2.935237315690967463e+00
3.356601219768226230e+00
3.047777582735495816e+00
1.854052173792591018e+00
2.719973907670071078e+00
9.464493315956072905e+00
2.208903519850665020e+00
6.544725473931691795e+00
5.737198838406174062e+00
5.137933007729714063e+00
1.855900634991453080e+00
2.412634992259088396e+00
6.185978052614673039e+00
2.874669444445930644e+00
1.700995642725870782e+00
2.788092394898447068e+00
1.436359950567726695e+00
1.159069292041113419e+00
4.020406012346914970e+00
1.484605475789353646e+00
1.899973424579398884e+00
2.235851931030003570e+00
3.578383163817575152e+00
3.953130014760831923e+00
3.354609483121970825e+00
3.385218265193008946e+00
3.901258808300510417e+00
1.291228706780158664e+00
2.254673472729836092e+00
5.121489379788111584e+00
1.857076211299548252e+00
2.011246729698043634e+00
3.828151080895766611e+00
5.084091191387146047e+00
1.058001386045686276e+00
1.652698355933935881e+00
2.580691183243823517e+00
1.523177322267967870e+00
1.094316074529269045e+00
1.473881754993403703e+01
2.215094080965704926e+00
7.942922900829507249e+00
1.164092972825797645e+01
2.520508755643241283e+00
1.890155267005631634e+00
2.718277874084122914e+00
8.094771254346653677e+00
3.736513848697966100e+00
1.468231683169623603e+00
1.629080642269200796e+00
2.429324876795126986e+00
1.979923926836002712e+00
1.305323383811997973e+00
1.016272887879195119e+00
1.121476480223872141e+00
3.414697090278842495e+00
5.716615111453902998e+00
3.855681275673340291e+00
2.909243186270101145e+00
2.062696412852675021e+00
3.421073674406425180e+00
1.269705945071113451e+00
1.282957406134937361e+00
3.462203813145887654e+00
1.564515537528705202e+00
8.200593266501453593e-01
2.123525819812719817e+00
5.200341416426069729e-01
3.274107530668907806e+00
8.357377705847596205e-01
1.713301134268939041e+00
2.605414598220160194e+00
2.166696931631532319e+00
2.538946959383357349e+00
1.663789737671825586e+00
8.657186407485378821e-01
2.816382453032888478e+00
1.894043968560215063e+00
2.568458733065308586e+00
3.195725925745485974e+00
8.250562916066123131e-01
4.877206094997577956e+00
1.351717953768232894e+00
1.536918103066068797e+00
2.171814789295557269e+00
3.780070549807176494e+00
8.418502089801586763e+00
1.660019666684013240e+00
3.333016596150105926e+00
1.795981225709557538e+00
2.177372191776634658e+00
9.538334223227883379e-01
2.411802121819337064e+00
2.329138954404383455e+00
2.509448283803905611e+00
8.724339472476552615e+00
4.480401170166594227e+00
2.703130799335491830e+00
7.702529872899936514e+00
2.623448382815588342e+00
2.714253990490168356e+00
4.143285093177936140e+00
2.421675321409721526e+00
2.725424327045313788e+00
1.430442358474683928e+00
2.577118020655112751e+00
3.220778094776995726e+00
5.820239327957745346e+00
2.072043267465346617e+00
3.380289479427576627e+00
6.009824532100325634e+00
2.113858439759065178e+00
3.559786497994728460e+00
5.775078878530395254e-01
6.032470333790781680e+00
1.621929840279441759e+00
1.886731209477794824e+00
4.738024215485373780e+00
7.628338320378895254e+00
1.910926100348090406e+00
4.072904653374592954e+00
4.354843982295135696e+00
1.836163049184892815e+00
3.410549149256272727e+00
1.317236856737265427e+00
3.463010269078598657e+00
5.939539578000633924e+00
3.725828583226080681e+00
3.773497982796192751e+00
2.722810528834060939e+00
4.831283685873299483e+00
1.525828075613927970e+00
2.243588761445435509e+00
2.682766415414011174e+00
2.984569303237502247e+00
2.797025530934845072e+00
1.569286168675711135e+00
3.499676628397724087e+00
3.009949023592982886e+00
2.492617413782390212e+00
4.001862904904989193e+00
1.304111886179563529e+00
1.618427667958519223e+00
4.162101129558927859e+00
5.367467108649613294e+00
6.340351168288815842e+00
8.788327116283403129e+00
2.777417593981165833e+00
2.639898343803617209e+00
3.063454888420324096e+00
1.846578142916893928e+00
2.008922988263877496e+00
7.527359766810573838e+00
3.324606915145018160e+00
2.702325277533663250e+00
1.784991840145466968e+00
2.725145198084542475e+00
1.625896225144124685e+00
1.551863969025270462e+00
2.417927733990207884e+00
2.741058164414169607e+00
3.392210610825237449e+00
4.247485209564824338e+00
2.052737094022851316e+00
3.000045669912187130e+00
1.444318274508238353e+00
4.473404249380115161e+00
1.398296902343704629e+00
2.260154013718548072e+00
1.494264675289662003e+00
1.775340947905008626e+00
1.111901170522739291e+00
2.417981016307363618e+00
4.329219867800236266e+00
3.761022755998140621e+00
2.093974592803963919e+00
2.226843569923369515e+00
5.510310407293770751e+00
2.675592912666302503e+00
3.087679360461365263e+00
6.221280704547335061e-01
4.793227686724038428e+00
2.164848627148044269e+00
3.771361894432967876e+00
4.641285353152907689e+00
4.864857735303664832e+00
1.192853519478473290e+00
3.221041544479577912e+00
3.059637942172665603e+00
9.720423270806037408e+00
1.187227661688490477e+00
1.621882354035625973e+00
2.319522976063619346e+00
1.139393974543519539e+00
7.474763884778361511e-01
9.026094662241956001e+00
2.521079512081597418e+00
2.380985491954642708e+00
2.689653252424880847e+00
2.952254262043016997e+00
2.527835237129128387e+00
1.592782323094901420e+00
1.954185858462827552e+00
5.353756955854248822e+00
1.213711766503599021e+00
2.416738833941525222e+00
1.564181903903405502e+00
1.767781937275848758e+00
2.342025536945280706e+00
2.039841379265795229e+00
1.891733949370249857e+00
1.657653721046565387e+00
1.205602483788648982e+00
1.611737088856262767e+00
3.066388912737183947e+00
2.124293897959659283e+00
1.628384602154748340e+00
2.293983945001100366e+00
2.704338834045378448e+00
4.349164703217274663e+00
1.962052492451512808e+00
2.552861864504977873e+00
1.190329846317311357e+01
1.650709643642689795e+00
1.940668809839304343e+00
5.090630705736086448e+00
2.618137206147434615e+00
3.620510825436900504e+00
5.358027656498792091e+00
3.711084562439052270e+00
1.962425885676635229e+00
1.854777045262826940e+00
3.913334803203423196e+00
2.592890294490273195e+00
1.936616890380895795e+00
1.011056527605338706e+00
3.167602124492117088e+00
2.972524072329062683e+00
8.376387127210898953e+00
1.871845568091712764e+00
3.922901923821314973e+00
7.102677361267330625e+00
6.956928268249350289e+00
5.278094919713944400e+00
7.614211595271577204e-01
2.930179719423480211e+00
4.221539766072934796e+00
5.297166579099389594e+00
2.687566791525418441e+00
1.803197455597908672e+00
1.262854506377245389e+00
2.449499237706287857e+00
1.477775358461421273e+00
4.704380601991100974e+00
4.270213700900643339e+00
3.889792328419077627e+00
1.089838896443535043e+00
1.338920968609096596e+00
4.108150828384862230e+00
5.903323668808718061e+00
1.284951583358380001e+00
2.781479806615581918e+00
1.755567791931197608e+00
1.374718396066535897e+00
2.079828661150219471e+00
1.845965898919844195e+00
2.335483804868070834e+00
7.611852289746494638e-01
1.710196082546624030e+00
1.363736776861689481e+00
1.553253956235369770e+00
4.131253099364232462e+00
2.586427582021006533e+00
3.342790291455945972e+00
3.697611752146793940e+00
2.909119888755306693e+00
2.737902268194971178e+00
1.639587357850042437e+01
3.468412117963027175e+00
2.884721280678934185e+00
1.573887262948158616e+00
1.009834392856785712e+01
8.878166459470848704e-01
4.014178706071843905e+00
3.431072229764934090e+00
7.404524829132906660e+00
3.096710611463872720e+00
2.739130456645830769e+00
2.073415446380753480e+00
3.646985381069640653e+00
8.499369547560465810e-01
1.656646581384574102e+00
3.354739325047615850e+00
2.497053327782716714e+00
3.883745728425227917e+00
8.003076233000468775e+00
4.160211612578859963e+00
1.209168401647511049e+00
4.740443711052588327e+00
2.493202279484090678e+00
1.388326639514689598e+00
1.637124448003605570e+00
2.837831657393436124e+00
1.412530997616629591e+00
5.381779424704309811e+00
2.088428679564414470e+00
5.254077955110074249e+00
1.065913771115250430e+00
1.922969790262572198e+00
2.324920871424024593e+00
1.858195332140553990e+00
2.772321114110328999e+00
2.402997251452898997e+00
3.283588984030499702e+00
8.715218805780725830e+00
3.024620136354266631e+00
1.077330769433639812e+00
2.864001655334392993e+00
2.722559924346537041e+00
2.253735249797356399e+00
1.016403653912880234e+00
2.109258384146619925e+00
3.140062781919457979e+00
5.261568056883295874e+00
1.448420713589851694e+00
2.445335447980992338e+00
2.731233461702387899e+00
2.636216156167924485e+00
1.463996497202495695e+00
2.551982244455562654e+00
1.513839713308682944e+00
2.284828196065708639e+00
1.132521304524879202e+00
8.696843521755589501e-01
3.720893046899470757e+00
2.932535817383455257e+00
2.632957771589789164e+00
1.771960819843709567e+00
3.965903792239234171e+00
3.199022898622515765e+00
2.785507696256664278e+00
6.031734932405862892e+00
7.200490309514168352e+00
4.564596938354942068e+00
1.524597306590500745e+00
2.549184799544466085e+00
2.552028138863002837e+00
2.190725373903529505e+00
6.436395687360808360e+00
2.312788626209540954e+00
5.189403041944889772e+00
1.704362283054292826e+00
2.257691073391694836e+00
5.208503086328386544e+00
3.683698135238636873e+00
2.023635337536696888e+00
3.656810474801188260e+00
5.916504637135342470e+00
1.491155953394732281e+00
2.883967226197171385e+00
3.154282491368014973e+00
2.175730391500154237e+00
2.786729650588500196e+00
2.184618138292351741e+00
3.241731955112153951e+00
2.367893387669997907e+00
1.604317156976207359e+00
1.055333409558681268e+00
2.238027863981282284e+00
1.706619224290683468e+00
8.576142656527599328e+00
3.331943165795413719e+00
9.918706740953316725e+00
2.464498220925612770e+00
3.483023536166029999e+00
1.488928614613948875e+00
5.136894463772669894e+00
1.095824785792519407e+00
5.281332266075009052e+00
1.847536801048367261e+00
3.793385762213427714e+00
1.502464836894959799e+00
7.784962017939398571e+00
1.181419283346277993e+00
3.223766315928971782e+00
4.040452317534867888e+00
1.879954597016560980e+00
3.229398487999477929e+00
3.586336179295747772e+00
2.806132218877863238e+00
9.659028952448452943e-01
3.367125387875523401e+00
1.361434855744798789e+01
2.797962712260225526e+00
4.658663177106149966e+00
2.837920835092419214e+00
4.352161892776111429e+00
4.238700323544185800e+00
1.336442138533818547e+00
4.417416809719252768e+00
4.701532250675234614e+00
2.003539742349949471e+00
2.628682355948213090e+00
1.382188744217155874e+00
3.349458901185626836e+00
2.527722502051966469e+00
1.529488491923434390e+00
7.601135788825046369e+00
3.451759465343185340e+00
1.321836486195882010e+00
2.699609301367695391e+00
8.865086593987329122e-01
4.330358086056378397e+00
2.853902766343734410e+00
4.480514048490681134e+00
9.760328981441618978e+00
4.163011751914478253e+00
2.174506035517991265e+00
2.929953044636639969e+00
9.164577781221271424e-01
4.644913502157491436e+00
3.616393326728351454e+00
1.487605648650459189e+00
2.498543408715374614e+00
1.997473037877838919e+00
5.583551436383916489e+00
3.081866980139441381e+00
4.042628537375605013e+00
3.571560207205483728e+00
1.976103677221100030e+00
3.033467014321646005e+00
2.048478650220072694e+00
1.542966481706332216e+00
2.349057267681376793e+00
3.986358150038500359e+00
1.818328116851854359e+00
1.178429413318736962e+00
1.857663072464287524e+00
1.539124180917446960e+00
2.208670835904405827e+00
3.228001926727321447e+00
1.556972031360140729e+00
6.092010051151478756e+00
1.846376107104999109e+00
1.241934974385670909e+00
9.148133959552376959e-01
9.364775424412575822e-01
4.732718436503654758e+00
3.758533451675662107e+00
2.349548314565784057e+00
6.561034918140381755e+00
1.194288251193714068e+00
1.445882593162595597e+00
4.796810419233533018e+00
2.266721122408787981e+00
1.989338126644989435e+00
1.905167713574624555e+00
2.071000050620788624e+00
2.020104941011914068e+00
1.268806233623843260e+00
5.383324050261403038e+00
2.954647544198588438e+00
2.639136648479900149e+00
1.344359973901698879e+01
8.043768180862480577e-01
1.315397669262754254e+00
2.853378142368255599e+00
1.424214812447234468e+00
4.764503914844743448e+00
1.768811168973365877e+00
8.152699973397890432e+00
2.819718247341768791e+00
1.669728177939171054e+00
1.391950361703736760e+00
1.982073682221493716e+00
1.818820636231940568e+00
1.956403333663057076e+00
2.066123518137404691e+00
3.442090227308991501e+00
2.634003362855506847e+00
1.583034205204274514e+00
2.419113792898841098e+00
3.208691433330166820e+00
1.019665390047445941e+00
2.278450111363492514e+00
2.160193845602632834e+00
3.036293876772638622e+00
1.361299990486696254e+00
1.414794166853992063e+00
2.236558769110923439e+00
3.126763152529087542e+00
1.428308847988796693e+01
3.325993505342002443e+00
1.855689511180344642e+00
2.339552108969909838e+00
7.522940879129243363e+00
2.959126307094650521e+00
3.579904259344814044e+00
2.475206545355980392e+00
3.735574793127881321e+00
2.509653132097092509e+00
1.870678584907412567e+00
2.419105994022351158e+00
8.230121423943537184e-01
8.596223660498161223e+00
2.192665466760877813e+00
2.910831236478018003e+00
2.438533093400145013e+00
3.122276288848160775e+00
4.597421188015058391e+00
2.588091012181857664e+00
3.050201733409854121e+00
3.613635617873360850e+00
1.459013014933210117e+00
3.488001109341456019e+00
2.145983964470218996e+00
1.456954951959695599e+00
3.713289484106158778e+00
1.173649302924105298e+00
2.405968917269892593e+00
1.817630344260450670e+00
4.770877353850577762e+00
1.314049758078278396e+00
8.404699547069465204e-01
1.725406536064929108e+00
3.117615927256370156e+00
2.036628521708955475e+00
2.257339080472894111e+00
2.212007038737918041e+00
1.596685614866619751e+00
1.615025309152401389e+00
9.867890441257674006e-01
2.106182156389688753e+00
3.074887069664636652e+00
1.256190074658499967e+00
1.373387538654322171e+00
7.998870434444041999e-01
3.633858225475167458e+00
2.811306295615139117e+00
1.144562271238150686e+00
1.859465607575263135e+00
2.078092549852975424e+00
1.556353315108367719e+00
6.971850693072342509e+00
6.238416202139538402e-01
1.385683916891698120e+00
3.196398349659697047e+00
4.363292794948581133e+00
1.753168668421598131e+00
2.850269443903542754e+00
2.222344952508039206e+00
2.259566508644769822e+00
3.492511124969465808e+00
2.126162203012046170e+00
7.185168303865876460e+00
2.537819504179870123e+00
3.423074973711376590e+00
6.450232422035731439e+00
5.909015450988550633e+00
9.437743807331884227e-01
8.145950634524858458e+00
3.161299139645465051e+00
5.492191562830929463e+00
2.376939350535469675e+00
6.169708167061027204e+00
2.312825221639204898e+00
1.822481757036039429e+00
8.791964576384064145e+00
5.553190740849729856e+00
5.264845119369318205e+00
3.890035663376912645e+00
1.968939032674679845e+00
