1.455846595789090037e+00
1.662432125938824612e+00
1.640538300516845904e+00
2.056584535688147586e+00
1.569139533332572611e+00
1.503088026037405323e+00
1.688461646238181846e+00
1.575721127926186904e+00
1.554730165587127733e+00
1.540828999393494936e+00
1.860421020157846161e+00
1.511463985275017352e+00
1.506137191864962643e+00
1.234941969908082582e+00
1.202089216381630798e+00
1.340415549635911363e+00
1.449900460424443649e+00
1.700908351838573696e+00
1.387828689896243528e+00
1.913844010405731932e+00
1.855526192655071460e+00
1.435474696293039809e+00
1.938031314647086001e+00
1.350057563273245886e+00
1.445230096344479964e+00
2.011849622912142976e+00
1.524549878864760677e+00
1.343314711371746517e+00
1.709136280524654161e+00
1.762686950352764681e+00
1.917711093870845707e+00
1.473518029624506953e+00
1.809615766426205141e+00
1.435179640942129131e+00
1.879457898547570061e+00
1.244485754015442813e+00
1.818279325433852289e+00
1.727708586301525129e+00
1.659071050694942873e+00
1.445357386758358675e+00
1.570142698273878201e+00
1.247694324335603344e+00
1.382786315490233120e+00
1.730318565312765733e+00
1.452279321876366325e+00
1.840081766280414088e+00
1.372721786713992476e+00
1.965035591899020773e+00
1.580768187259557589e+00
1.712730234236523819e+00
1.854820851332293907e+00
1.858178178688725701e+00
1.905813911123965365e+00
2.188837236280568366e+00
1.308221916256722794e+00
2.215957754230926557e+00
1.559727922142072343e+00
1.754604765922735510e+00
1.754669180680427987e+00
1.518635996729433169e+00
1.349255048871886631e+00
1.771457787419395524e+00
2.132423246474024925e+00
1.723446626535629633e+00
1.442036037584993213e+00
1.564851752501337678e+00
1.641438481590546505e+00
1.456845160939986394e+00
1.422145587036763192e+00
1.440455941729649414e+00
1.681870994404420561e+00
1.504189054014259286e+00
1.638885651010690836e+00
1.234035616300391824e+00
1.460105940285986614e+00
1.415849554915022734e+00
1.077388582293446140e+00
1.522852501052882834e+00
1.455411513611466034e+00
1.637457032327829687e+00
1.758153244567893347e+00
1.556173924134427011e+00
1.677985208947879725e+00
2.440089305090705096e+00
1.457273541875012235e+00
1.359139143020192897e+00
1.457324576822631945e+00
2.095622009416520548e+00
1.332650940653931304e+00
1.437926571573242995e+00
1.747512873100762087e+00
1.484962352122697560e+00
1.827753658212353249e+00
2.572360176878058624e+00
1.717960612365985851e+00
1.653532848195896410e+00
1.897677256712364979e+00
1.724335134517033907e+00
1.406403815131960222e+00
1.300765194702304450e+00
1.683320926708882004e+00
1.736745041024028380e+00
1.423543496242317685e+00
1.384418276804101344e+00
1.428871102859976538e+00
2.064596026513890514e+00
1.580477670929655076e+00
1.325276457646150652e+00
2.160544853110621943e+00
1.587016634333691112e+00
1.258500055586931454e+00
1.315269936590191868e+00
1.707866727665749762e+00
1.571735410144994516e+00
1.225599215919714435e+00
1.609554054543313573e+00
1.631553038187616211e+00
1.820185603553325482e+00
1.576786894523658056e+00
1.385424631012163177e+00
1.666741757237006016e+00
1.730744578603671480e+00
1.883662884697801854e+00
1.171127867251345434e+00
1.415513389913409137e+00
1.501604852067193407e+00
1.845932136393760858e+00
1.249290841820146269e+00
1.783923181652031786e+00
1.593256915372698312e+00
1.593117597626786397e+00
1.902231229606997642e+00
1.129033336040944580e+00
1.409956862019275281e+00
1.716884594660102348e+00
1.673120390338255881e+00
1.458986409037133614e+00
1.388711117415807550e+00
1.531418987573912815e+00
1.553854122951139338e+00
1.579805277859752000e+00
1.674874206607646521e+00
1.495078100861095161e+00
1.473276054096851251e+00
1.336343603241961997e+00
1.742984753835383094e+00
1.638391167736408027e+00
1.702604172897192569e+00
1.319866889039827074e+00
1.218641357187871810e+00
1.698689730853052193e+00
2.048544469149573999e+00
1.539747804993160996e+00
1.678401706848582364e+00
1.641570003798700661e+00
1.549442876097633759e+00
1.936765642489860939e+00
1.348254211477363906e+00
1.691763957978462907e+00
1.641790129604211002e+00
2.046046740198694369e+00
1.254675508373559456e+00
1.407302360147553610e+00
1.631419770416730808e+00
1.621150934201290195e+00
1.551280618506827524e+00
1.010479472257080902e+00
1.070714130481893456e+00
1.758285087691617399e+00
1.917155564680486535e+00
1.469945256579781701e+00
1.239578941778932908e+00
2.013512531482450907e+00
1.494248365568422887e+00
1.276204717070420269e+00
1.322245583622683629e+00
2.299971563138382802e+00
1.602860688173815218e+00
1.890647655742065059e+00
1.825661357255029982e+00
1.482089093401798063e+00
1.504650841003211115e+00
1.575399873562885134e+00
1.530808345024861961e+00
1.685716871364661085e+00
1.578551780889898781e+00
1.542421970569629375e+00
1.576870948462564703e+00
1.460682763699328701e+00
1.389977097301900777e+00
1.147146479094042215e+00
1.620343322867784153e+00
1.430043075738722580e+00
1.321413152518887912e+00
1.324742182321820172e+00
1.566179659593599283e+00
1.964153319297010425e+00
2.484799950941022573e+00
1.950690955498413315e+00
1.197962558748381312e+00
1.721067312165146079e+00
1.256219825013982661e+00
1.931323358731191986e+00
1.747267666516708839e+00
1.673989363123228546e+00
1.756355741313612606e+00
2.080685924302059231e+00
2.077472335382898105e+00
1.701355224422009815e+00
1.496972077569804993e+00
1.427590645133175240e+00
1.484600213040337735e+00
1.647680402977868885e+00
1.434547093690041075e+00
2.389701231651844004e+00
1.693102291730354869e+00
1.417188556295827295e+00
1.670719862268965183e+00
1.883869154453960304e+00
1.648544156002268890e+00
1.699277398060517141e+00
1.801485321437582776e+00
1.889240717742951103e+00
1.607317723625941941e+00
1.623454142514930698e+00
1.659858130240473795e+00
1.794325893256861537e+00
1.134973079602452861e+00
1.574321136052591497e+00
1.723574079666732928e+00
1.874694685261669491e+00
2.236254056587405614e+00
1.471129044433358013e+00
1.895791522171812460e+00
1.863615049308383620e+00
1.819296930142119795e+00
1.712157159667750062e+00
1.346050421537058117e+00
1.621341069670946045e+00
1.659961058995045313e+00
1.888062521554270345e+00
1.490343509331857996e+00
1.369907614118494266e+00
1.891117179864640230e+00
1.670261104049167722e+00
2.518207649856627484e+00
1.814752239297416914e+00
1.718504299705323035e+00
2.081278302428700044e+00
1.399554120303869054e+00
1.381743706076155043e+00
1.706128106768068475e+00
2.244493841734753303e+00
1.511982080445633647e+00
1.583896634567330874e+00
1.788422504995052842e+00
1.562698965450387778e+00
1.631281648344135915e+00
1.954657024931404363e+00
1.496318085388220309e+00
1.316858912462409936e+00
1.735468533567553484e+00
1.460008609434606530e+00
1.847678458390576317e+00
2.075704199133363126e+00
2.231788111877413883e+00
2.486621134008046852e+00
1.420604213681949890e+00
2.000957712371477459e+00
1.554236619452066925e+00
1.195105075306951425e+00
1.575097997453167364e+00
1.574270917412339044e+00
1.934807625705674328e+00
2.029689571100982359e+00
1.963421683822413888e+00
1.388110732326897967e+00
1.665285084560318207e+00
1.504855542590940010e+00
1.736482632370017098e+00
2.029766479518971600e+00
1.704376572500485576e+00
2.005640081132331165e+00
1.760269231324866013e+00
1.493403012871626689e+00
1.973816349846018614e+00
1.646552728421683431e+00
1.692420719164030807e+00
1.461289291164586501e+00
1.541324564385035956e+00
1.625618246341278272e+00
1.438251187968160316e+00
1.750407556417755472e+00
1.293727546031806730e+00
2.111888250780508347e+00
1.879564027383778146e+00
1.972123473983545594e+00
1.851889514882897547e+00
1.617405228057130939e+00
2.009747430203404406e+00
2.010218686076894024e+00
2.263187276120058655e+00
1.856921282760275238e+00
1.581893419720325822e+00
1.800692302075671991e+00
1.533802890134631225e+00
1.894408573012988040e+00
1.869534975977267477e+00
1.845800512462598020e+00
1.541091652779332133e+00
1.711408668191369387e+00
1.524140340094288337e+00
1.510247754312422863e+00
1.664455412353610164e+00
1.460831228084480404e+00
1.728177463425512039e+00
1.873244607117095617e+00
1.886980550505650500e+00
1.517268346458435335e+00
1.071773221757299943e+00
1.899057228050049950e+00
1.350940459586861708e+00
1.396262369089021904e+00
1.603726230747300585e+00
1.879889506356432705e+00
1.699261031631347008e+00
1.583217824229596671e+00
2.424640175411060028e+00
1.200714209827355772e+00
1.429740366443337019e+00
1.976367799846639794e+00
1.836137885056879471e+00
1.797159777555350946e+00
1.821687706472038037e+00
2.403257476592101760e+00
1.648898296553457321e+00
1.637058375410367139e+00
1.554719917324482559e+00
1.309625571415394596e+00
1.137301970693110231e+00
1.632972176500695927e+00
1.344831381524506320e+00
1.685231717490533354e+00
1.276783909505778691e+00
1.687489600227161102e+00
1.424240003326171511e+00
2.421012460481269724e+00
1.877649042018813219e+00
1.660649884581769431e+00
1.527790916477371752e+00
2.033247540738113202e+00
1.679571024257461742e+00
1.863472026394615622e+00
2.096789195545889939e+00
1.893382418962345382e+00
2.028455118046037509e+00
1.478860525625129929e+00
1.576045380335652890e+00
1.729242139658894173e+00
1.438869263716015645e+00
1.539398874648773452e+00
1.101204683124789696e+00
1.540909094541750513e+00
1.341177068736665756e+00
1.415236975375093298e+00
1.658142749864039311e+00
1.734400247019140195e+00
2.053396371796278430e+00
1.523199623219433363e+00
1.436737310574672577e+00
1.817787439464482180e+00
2.590917368909806839e+00
1.707758926235265040e+00
1.428675847867822757e+00
1.938580328492534477e+00
1.551582912366124223e+00
1.795008911792531414e+00
1.279511811528810883e+00
1.991664872486368365e+00
1.532082317888957990e+00
1.919962651559227851e+00
1.264092853754995582e+00
2.031475583845808952e+00
1.433047804010046278e+00
1.537393763682811887e+00
2.116540230775540543e+00
2.025142811084682304e+00
1.323942464389570306e+00
1.996972576163767554e+00
1.391685964939207709e+00
1.260273330957160987e+00
1.372353503092205163e+00
1.685874776154903554e+00
1.715546612089038137e+00
1.723531479853461557e+00
1.475377177288997643e+00
1.979441739878180506e+00
1.287492329332517782e+00
1.632492543488208048e+00
1.574021568146441563e+00
2.048318957568983745e+00
1.352059469541159631e+00
1.800306581724827160e+00
1.698416876377804030e+00
1.906701049696974071e+00
1.993143201380587648e+00
1.885317339766827027e+00
1.734746475265724452e+00
1.532049552176617313e+00
1.719151979211340109e+00
1.689941687173709406e+00
1.091958579723411704e+00
1.121622721136681600e+00
2.108716298587582472e+00
1.622410467144993040e+00
1.736993785255626532e+00
1.585416460838612318e+00
1.842038732659860623e+00
1.684803884198031954e+00
1.988567840091001626e+00
1.488095800476047614e+00
1.231980253328995412e+00
1.517756550762566770e+00
2.005628967511720262e+00
1.634410590676625974e+00
1.486414031339739594e+00
2.450947330391113788e+00
1.780380138895807152e+00
1.500930069864658156e+00
1.642964069181780618e+00
1.458407969487206302e+00
1.246980129663686432e+00
1.336025496419186442e+00
1.689589084216835735e+00
1.471354475789871996e+00
1.797137498368682307e+00
1.740042412175185182e+00
1.394038062461123051e+00
1.212874081563008577e+00
1.725804921115423163e+00
1.405372878183911212e+00
1.678215682848951396e+00
1.624540310762412121e+00
2.227979190690551725e+00
1.627641033417704941e+00
1.300655851599919810e+00
1.964487453584532695e+00
1.613258934030415981e+00
1.871431653808063311e+00
1.595796804085225284e+00
1.575753183611238839e+00
1.458604593269443805e+00
1.993605471593251632e+00
1.048223576830719095e+00
1.314212690259656036e+00
1.347527111745770556e+00
1.326502836385118345e+00
1.620794349388678945e+00
1.882718438587582366e+00
1.595149912912322998e+00
1.547803874555544024e+00
1.310867955297128740e+00
1.179900770080004158e+00
1.658506113354041966e+00
1.446112971213201037e+00
1.700989781133336765e+00
1.609084268030677611e+00
2.130524839475980592e+00
1.650077947824262425e+00
1.681044946847000343e+00
1.941428292516790721e+00
1.964709135716637523e+00
1.317945388748090307e+00
1.441617043887229554e+00
1.789823222215392695e+00
1.755894487366036261e+00
2.127258933701928978e+00
1.335698682094661471e+00
1.944783802700088104e+00
2.469392795939294949e+00
1.119684872653055274e+00
1.779348736056280078e+00
1.256327344514114763e+00
1.520608250215044865e+00
1.775014442248925572e+00
1.671075709403059273e+00
1.734924787175674998e+00
1.798219710903879776e+00
1.542978875462920341e+00
1.592595227521466539e+00
1.221462956505090514e+00
2.537930248069327988e+00
1.602489355564644002e+00
1.592957679175425190e+00
1.525660637982821033e+00
1.280892431366377426e+00
1.415525648059347885e+00
1.545755067662354598e+00
1.742600037871678165e+00
1.361078103877828127e+00
1.634010233292564118e+00
1.557838630195787166e+00
1.365964953821074079e+00
1.629006998798047334e+00
1.788702212465305363e+00
2.064917963501341269e+00
1.997540422311587127e+00
1.302569933665387758e+00
1.742466106526450620e+00
1.408525918613008798e+00
1.734538728763894033e+00
1.859116944770668356e+00
1.429142444084153585e+00
1.811142289516373127e+00
1.330636586834624380e+00
1.817779316137428713e+00
1.682115731307657791e+00
1.596706451315656361e+00
1.579443894735013787e+00
1.773480376789394297e+00
1.710680419687908183e+00
2.444223386663573194e+00
1.678455734165926305e+00
1.236923253418600988e+00
1.810022741279015301e+00
1.366069362642758911e+00
1.817350909401765247e+00
1.378993902851186171e+00
1.601026341171997824e+00
1.437577097884153998e+00
1.851193804612481175e+00
1.220685097338706004e+00
1.427090379014908317e+00
1.772043721804672733e+00
1.729355689506761662e+00
1.676451924477148303e+00
1.614876071213195985e+00
1.351583693460511437e+00
1.592561982513860164e+00
2.198213445463408799e+00
1.298829189658952998e+00
1.630025126981527350e+00
1.348372288325652368e+00
1.729074166525506495e+00
1.644650962748533285e+00
1.719843818593739693e+00
1.452165065082544393e+00
1.209543912102647445e+00
1.287872695396865552e+00
1.478838235868087381e+00
1.900545606623518902e+00
1.362917752641356506e+00
2.051422377113826911e+00
1.958027893958160126e+00
1.589078229045563617e+00
1.828805047390791083e+00
1.510327347724473190e+00
1.915990237042692224e+00
1.703958794147051314e+00
2.009630001251794695e+00
1.615626379458492856e+00
1.902497388068258521e+00
1.440232539823143254e+00
1.275413722135172456e+00
1.119383824117101689e+00
1.603917055633888866e+00
1.497297404779633911e+00
1.921250110128151611e+00
1.473129257063253705e+00
1.825986440495654062e+00
1.973378597939394519e+00
2.035125021498521924e+00
1.404295196381824651e+00
1.497551556099756764e+00
1.383709198360889125e+00
1.796002332099839505e+00
2.045587411558237090e+00
1.609913979999459732e+00
1.533289552996937255e+00
1.379338542841858306e+00
1.277329821414432409e+00
1.752867159936430497e+00
1.303756848250379408e+00
2.187001535942409536e+00
1.598203018303761436e+00
1.930105583204146269e+00
1.193058904526531627e+00
1.677265778549888564e+00
1.892331076835754855e+00
1.414883384400305255e+00
1.269913874900419293e+00
1.984960088149070323e+00
1.564749942154400442e+00
1.849630913579477065e+00
1.575277944974850408e+00
1.726121633041705072e+00
1.743033356904313269e+00
1.807572567717695255e+00
2.349402669130833843e+00
2.203934603778312074e+00
1.432485017962007889e+00
1.542302797452301144e+00
2.191240209168319630e+00
1.232738175389788360e+00
1.690688796983566444e+00
1.339560135388467410e+00
1.620133372971955588e+00
1.587489813052912702e+00
2.010646160377377978e+00
1.594184532684560951e+00
1.717838771400957532e+00
1.714670190111828196e+00
1.086567088388219693e+00
1.375859665739723958e+00
1.311862943602344345e+00
1.894786782338521602e+00
1.501034532312259362e+00
1.556053338765472471e+00
2.968820160833080646e+00
1.628541489617277627e+00
1.482225642765695905e+00
1.992218406633544658e+00
1.591847563637748708e+00
1.332233761601480770e+00
1.370494499265904498e+00
1.372741013243113484e+00
1.509466118637095899e+00
1.598677919609469145e+00
1.501582454614184714e+00
1.829297829496837835e+00
2.176558361237406203e+00
1.490491742785250429e+00
1.636541465722487487e+00
1.368204051852788483e+00
1.851718812616035992e+00
1.610072920309060018e+00
1.278011338431134236e+00
2.139149530178701575e+00
1.475291802401635710e+00
1.451274860632114638e+00
1.410274191564626189e+00
1.769869235195026480e+00
1.594763401092790467e+00
1.444979567520699337e+00
1.856270101432676567e+00
1.281019390102122291e+00
1.280300262222587859e+00
1.647921312821406969e+00
1.575087587606481820e+00
1.557938015528359088e+00
1.472045967807084965e+00
1.739346035254161427e+00
1.843871875520027848e+00
2.148865314207855537e+00
1.816408870568929412e+00
1.076488686786545523e+00
1.560898003846895365e+00
1.589851239421136819e+00
1.449607480255080905e+00
1.239639170543180402e+00
1.555615097849655903e+00
2.042990216618322474e+00
1.679500498251529583e+00
1.699693084562035938e+00
1.771594832673976772e+00
1.419640526147871729e+00
1.551249553604283404e+00
1.742309480243501074e+00
1.812442937084124406e+00
1.621960336101562206e+00
1.782503907449466629e+00
1.559765059374865981e+00
1.573875720682451629e+00
1.491390219898080405e+00
1.526917546547318816e+00
1.551045140393210398e+00
1.763531487906851547e+00
1.919000638045023965e+00
1.635889812510984420e+00
1.537677956046114458e+00
1.898240874051705385e+00
1.341751639168576204e+00
1.356268820564934474e+00
2.052397138698265344e+00
1.603781367366410526e+00
1.990252434076675625e+00
1.984438615049000765e+00
1.307352626720074795e+00
1.571564935774453442e+00
1.657619666822705673e+00
1.730451093477068047e+00
1.267116192085602666e+00
1.336181417407902305e+00
1.274770245862303586e+00
1.146641969266072980e+00
1.407197048650498550e+00
1.466545948804077737e+00
2.009081829474706815e+00
1.442481016762923396e+00
1.283965104408427482e+00
1.514023147169966999e+00
1.883787565561101385e+00
1.112301656797708205e+00
1.511130551335282846e+00
1.857622941684629492e+00
1.599951240697596200e+00
1.698406543393211843e+00
1.648998805224737740e+00
1.822817567398810734e+00
1.626168476295241527e+00
1.424794360996885834e+00
1.479841919123602523e+00
1.484286316642425829e+00
1.299791611636802457e+00
1.912319531943010187e+00
1.381424573914099119e+00
1.568725732597157085e+00
1.478790985471003960e+00
1.800348792763402539e+00
1.548913552345904110e+00
1.701248403341890647e+00
1.842941567286252580e+00
1.969662044766248288e+00
1.699357883692323767e+00
2.318835302011576616e+00
1.577121403620268536e+00
1.679271235855931188e+00
1.729645383708325657e+00
1.578814847703857716e+00
1.632580298812327468e+00
1.240641754152776999e+00
1.589046195980192255e+00
1.581804576189673961e+00
1.855002492839742834e+00
1.678171367208656006e+00
1.308546576333842415e+00
1.497714329085908735e+00
1.680331943197565403e+00
1.299514596179458081e+00
1.367142348296189525e+00
1.620893686463783068e+00
1.788968074262622610e+00
1.559500506562872868e+00
1.290937509810846207e+00
1.352780204724340907e+00
1.573066664717746033e+00
1.932719093075231376e+00
1.871642062230207904e+00
1.218755309590323854e+00
1.545806175291257745e+00
1.365162889968554172e+00
1.489380410999317172e+00
1.763492235598132618e+00
2.410645566583935473e+00
1.716536062934562290e+00
1.379178946322086041e+00
1.862435092876999265e+00
1.567348688277188540e+00
1.502700418541961014e+00
1.221642411450142962e+00
1.613970228304602017e+00
1.213657940236040123e+00
1.466113897355801887e+00
1.459305146042545465e+00
1.680123729581592951e+00
2.117815260057662741e+00
2.032445835429310677e+00
1.355610534792036415e+00
1.613778786494390660e+00
1.534441463605449751e+00
1.765741000205631961e+00
1.803936518926846810e+00
1.409875861486584059e+00
1.688709881509083965e+00
1.207135944917797410e+00
1.433532573944369393e+00
1.419039747589735168e+00
1.516896509223483180e+00
1.572486588968639465e+00
1.491573865730108750e+00
1.654176579688725113e+00
1.287660831962770924e+00
1.676899689412451933e+00
1.748337465791657053e+00
2.230800883334377538e+00
1.876897626844104439e+00
1.525443013605399134e+00
1.597831935436794026e+00
1.406793648438203315e+00
1.712931625142646075e+00
2.229475615520062792e+00
1.432220770873256610e+00
1.293910719001846399e+00
1.751555291457604913e+00
1.644605521687676930e+00
1.315364293294836173e+00
2.006420745615372425e+00
1.737168185323739955e+00
1.261442267869631095e+00
1.597261743846986271e+00
1.741126447473926087e+00
1.391553544396822994e+00
1.892525478048416865e+00
1.497790315870107802e+00
2.410617604303863626e+00
1.181427086387201619e+00
1.541790524242541149e+00
1.388665750672017474e+00
1.212168006132881892e+00
2.196856427771029185e+00
1.769581545000298739e+00
1.978747011962052715e+00
1.426377138862392702e+00
1.986287199850786500e+00
1.818928084941836554e+00
2.033269749181165320e+00
1.997396236891424648e+00
1.956044491765886795e+00
1.998225627458120712e+00
1.683225904757257085e+00
1.703522928837646111e+00
1.393002395514154390e+00
1.353806329756297222e+00
1.792150703640507770e+00
1.667405699516875117e+00
1.789666901952617906e+00
1.441361018132774952e+00
1.420826921566199497e+00
1.695460691292492994e+00
1.162638877256258363e+00
1.092909281049903925e+00
1.851916232228418613e+00
1.959111745735882648e+00
1.415758012599748428e+00
2.202069780557768031e+00
1.612982110131843116e+00
1.537920403374722023e+00
1.558356532637771075e+00
2.003953004091193257e+00
1.567618068734442316e+00
1.169288483369484544e+00
1.342042700699620283e+00
1.086383960427908857e+00
1.263175400907172063e+00
1.593671679675850106e+00
1.238921062332804413e+00
1.634592581934507738e+00
1.742300781929491116e+00
1.634623786267634937e+00
1.884547757686898528e+00
1.404335684806051532e+00
2.129332308724071865e+00
1.909922519917673700e+00
1.721555430784011964e+00
1.766268547973792069e+00
1.485450792358483652e+00
1.531951421405846503e+00
1.333597006185267775e+00
1.490743446005097450e+00
1.784579152888777775e+00
1.479428623018656408e+00
1.892176927213677029e+00
2.212702919113178623e+00
1.668175513267059706e+00
2.371137994136807592e+00
1.633872570572643568e+00
1.264017162260076210e+00
1.428827690247566506e+00
1.845338620522678941e+00
1.597014844707303594e+00
1.691992973873519324e+00
2.000165588314936738e+00
1.561560812263987241e+00
1.546360586690975314e+00
1.969762993084211322e+00
2.450175338887934373e+00
1.943485295489584042e+00
1.337070033142784720e+00
1.270817585534790517e+00
1.953330749990578319e+00
1.410308365151747623e+00
1.547250371434241378e+00
1.341587573847522252e+00
1.604146520523937358e+00
1.477818089032080007e+00
1.544589068648333674e+00
1.626291717296552974e+00
1.521046983023228494e+00
1.437358184391626548e+00
1.755976972767988808e+00
1.283946584832753812e+00
1.551814231992075355e+00
1.593609361165775340e+00
1.581704171317815932e+00
1.441544771201656472e+00
1.657958026804573937e+00
1.544868130346208623e+00
1.642902025481390638e+00
1.092316027193233507e+00
1.420779105436198231e+00
1.556699387047574712e+00
1.336594684709381697e+00
1.508490368188170283e+00
1.790477531495664021e+00
1.681649880374189499e+00
1.415448462762766813e+00
1.428731755285710614e+00
1.385166841730552267e+00
1.237861307905547825e+00
1.839279096795405355e+00
1.201240798428957479e+00
1.758731134265098195e+00
1.201146818835481689e+00
1.776702962254127716e+00
1.506853095501703876e+00
1.475483260528156260e+00
2.017292544436632973e+00
1.355608998022864498e+00
1.324438971707837531e+00
1.777558872939909440e+00
1.843540299958519979e+00
1.452479733485334323e+00
1.600836900069603219e+00
1.432964412881100102e+00
1.284988403743085206e+00
1.682344828076700383e+00
1.294669838357080494e+00
1.322657386878503871e+00
1.615766302014030042e+00
1.507041834281785952e+00
1.627816462017902976e+00
1.738076560625342326e+00
1.052169418418473779e+00
2.196308217356619519e+00
1.195144340356501411e+00
1.670413205853228167e+00
1.296614970083512564e+00
1.621271776728124170e+00
1.274021833150120520e+00
1.396786244677191258e+00
1.277508597233383725e+00
1.578574786233757576e+00
1.327152525382678805e+00
2.618986966152828000e+00
1.478199150844925036e+00
1.601865844488106871e+00
1.412994293922925859e+00
1.719037119386201296e+00
1.569385101060568832e+00
1.714401806688388374e+00
1.662555475026345153e+00
1.846584891065988998e+00
1.249583954062772007e+00
1.294465385432207682e+00
1.645789737680679599e+00
1.772987171829931041e+00
1.575708749896751248e+00
1.436155267663281165e+00
1.207161481131296288e+00
1.515502087520107510e+00
1.757481694912180981e+00
1.403087372788299980e+00
1.332624790480536836e+00
2.051518143783673143e+00
1.503447152755735594e+00
1.745972872570118239e+00
1.564176275050506160e+00
2.234417605366308734e+00
1.855731851088481044e+00
1.227007596292810865e+00
1.400886668545109126e+00
1.130434918774331665e+00
1.574375530338067319e+00
1.696136717638219382e+00
1.949378603917891084e+00
1.644459908425381922e+00
1.288539274464938211e+00
1.810128755222817354e+00
1.368788640510137933e+00
1.670324392232932054e+00
1.495826512793155594e+00
1.461847051536902198e+00
1.562503526221217909e+00
1.294113639250919157e+00
1.695888512293391548e+00
1.822759028198647657e+00
1.585173220390330151e+00
1.564817723424721363e+00
1.548807129345328271e+00
1.429790784728309117e+00
1.515548503905414846e+00
1.207846613548657189e+00
2.015245735798563143e+00
2.076160542537487164e+00
1.702949795229763419e+00
1.487915762701333966e+00
1.841670910077870760e+00
1.651991202522636648e+00
1.518801339886341584e+00
1.348017980762651113e+00
