6.217613778120441914e+00
4.919654710825998478e+00
5.511344308801184866e-01
1.970374172822870307e+00
4.527672269711331410e+00
2.040307648984730271e+00
1.647672143030006753e+00
4.216087008766904454e+00
2.128952162783516844e+00
1.001372213500223429e+00
2.035834913350106135e+00
4.728504080183840053e+00
5.855645982100088354e+00
3.262610744394315088e+00
2.626444018686759474e+00
6.328307483324943306e+00
5.064351349938662317e+00
2.700990095709796091e+00
6.487601291113355373e+00
3.057399467563372664e+00
1.788707470923042386e+00
3.079202138590408033e+00
9.332489795749433270e+00
5.617287669022292818e+00
4.831363360998322420e+00
1.522125763804151255e+01
4.058225425314409662e+00
2.245726551138516935e+00
1.411980009645965595e+00
5.950231843682227684e-01
3.151455710434364121e+00
9.079094531263798729e+00
4.963627093191333550e+00
1.829739715350915175e+00
1.516811761678399595e+00
1.403460010361144095e+00
5.487605036460378116e+00
1.019644531316626157e+01
2.813221666311886526e+00
4.858844904603661696e+00
1.419385284742511910e+00
2.408371754957273403e+00
1.544866028976404237e+00
2.054270081681106142e+00
1.158415284592734551e+01
1.424973210332330709e+00
8.675867301413395793e+00
7.487353277109437322e+00
7.362073952393610732e+00
4.338581202597604936e+00
1.864305755605926151e+00
1.865309369363796765e+00
4.080061082052891308e+00
2.014866599493377208e+00
3.150030701119593601e+00
9.354367937051110360e+00
2.989378868991475091e+00
8.384843883302416145e+00
1.646457119183618145e+00
2.906036918790891210e+00
2.272832947791644465e+00
1.931773578663151358e+00
6.302944679516905069e+00
5.957306655843180643e+00
1.120869212532499049e+00
2.004776637560400143e+00
2.645343987045072343e+00
4.581546581019888542e+00
8.381451180932619760e-01
1.137407682628546723e+01
2.915454237984678176e+00
1.140932477176972437e+00
7.181736390486898047e-01
2.197804093738267905e+00
8.180480972230038006e+00
5.424595061570451904e+00
2.807621404887181260e+00
1.612601779380463540e+01
3.210670534691782763e+00
4.172748761526923644e+00
2.763080419679194932e+00
4.013460169689562207e+00
1.420660850940219211e+00
4.255924880590228554e+00
1.443777839907301797e+00
1.740402323661491835e+00
4.436785859982337321e+00
8.350459346921313974e-01
4.748097663315477668e+00
7.032348990721832394e+00
1.298454599351176242e+00
7.596577736366993072e+00
2.931408491695650209e+00
2.438073814805364226e+00
2.372467495633428403e+00
2.092381020921759482e+00
9.961646082348570630e+00
1.742806258856508972e+00
3.299244314862774807e+00
1.050898836500472200e+01
3.309832254401835261e+00
4.569154501873279095e+00
8.928961875971900497e+00
1.759794489184811184e+00
5.709845597787671645e-01
2.088707093239568380e+00
1.871191063222090056e+00
1.345982203921369980e+01
7.932317612492589376e+00
7.433358957549195400e-01
5.879390934541166125e+00
5.262116184168482924e+00
6.136695201512853970e+00
3.759779951230414863e+00
1.792127942672854246e+00
6.421083396747288674e+00
1.922558184903165879e+00
2.814737923777940853e+00
1.970846976946960538e+00
2.487121126595757126e+00
5.513441557830584649e+00
4.967501308929458403e+00
3.244326962137279224e+00
1.918551060501664018e+00
3.607547656468510500e+00
1.130458542838014679e+01
1.108653610795788502e+00
9.816001046691934517e-01
1.819469960621105553e+00
2.784625737116821487e+00
2.210580259686950910e+01
8.294625144352723023e-01
1.988112862344774578e+00
4.134444164011666700e+00
3.945666345286742871e+00
3.548201845050261927e+00
1.214028589124666713e+00
3.146118765861426780e+01
3.473950904542339124e+00
3.471861060165253754e+00
1.857765488585177760e+00
2.830810980065144644e+00
6.945657285978335871e+00
1.838390604871166234e+00
1.174086132373418634e+00
1.675699027295610488e+00
9.155972444339338878e+00
3.130016488479416381e+00
6.438231463476631333e+00
1.806589955824067673e+00
4.334828694171770636e+00
3.924474285139530227e+00
2.369739429075441883e+00
7.272489301150566909e+00
8.583960104901528609e+00
1.923536993057423095e+00
4.537979790471057484e+00
1.697121500504435554e+00
2.221091849488246694e+01
1.024617197168709026e+00
2.001317893020265970e+00
7.958243545564721799e+00
2.663748028501572662e+00
2.422572385030372200e+00
3.907149144766894899e+00
8.267724718840774756e+00
5.464710360312686532e+00
2.144548282085774460e+01
2.934186199585018251e+00
7.083802155669550515e+00
7.069426987198778045e-01
3.030246234826066143e+00
1.851305379566370091e+00
4.577855751451652466e+00
7.504246242111308973e+00
4.035065706876507896e+00
8.504702004526746961e+00
2.259118985907407673e+00
1.911504756632584456e+00
1.088283038284664439e+00
1.993329040517070938e+00
2.222305173576975879e+00
2.806082107971853201e+00
1.079959264187481782e+00
1.742952980197541990e+01
8.067604678148292408e+00
2.783295498233471221e+00
4.979097109389981846e+00
3.282176623733951804e+00
2.811481549664245794e+00
1.057098132788434119e+00
2.366292582358686225e+00
4.851044337960395580e+00
5.592694362320679957e+00
7.355707000567959231e-01
1.709120701269289055e+00
3.642341994839847885e+00
2.776014769616627298e+00
1.949080034299917052e+00
2.506209405867506845e+00
6.680111858237318678e+00
3.720868865571084427e+00
2.898069803272173672e+00
1.145741959717858416e+00
8.492352657867979104e+00
4.848567986883504766e+00
2.939306415009924844e+00
2.396658701067102104e+00
3.926108752153520509e+00
1.745290039799458182e+00
1.377341300690103854e+00
6.639191163894271774e+00
6.033193098311000035e+00
1.208643754833681072e+01
7.893494540225557188e+00
3.699947490946911888e+00
1.638777360059880062e+00
2.034136902595593988e+00
5.259280348815192241e+00
3.169398215629487758e+00
3.918935893011119109e+00
7.362964831719432723e+00
4.069853087799411462e+00
2.849801593006257150e+01
2.335528833229772339e+00
2.814191446880956349e+00
6.486554863341901012e+00
2.780935340034108361e+00
4.028353916709278337e+00
4.174464580072280384e+00
4.716665421548402293e+00
1.668543112179784016e+00
1.144724011472855452e+01
8.932535972860637941e+00
9.573881008438016593e+00
3.766896415456343572e+00
1.767693060695072926e+00
6.291166103993732328e+00
3.047734883514154891e+00
3.595969230044409048e-01
2.202420833694834101e+00
1.601196558945924275e+00
9.273652188277747399e+00
6.359738636522235034e+00
5.048892648836778463e+00
5.540583333345874273e+00
1.059549782187904743e+00
3.632150716838036253e+00
2.931137380538326287e+00
1.440362972561274768e+00
3.404817945040448990e+00
2.069315170945815741e+00
2.829260012215772946e+00
2.198503763597150495e+00
1.447386175481233650e+01
2.414655416904550211e+00
7.959213060257028793e-01
2.949385217732619413e+00
2.869587281178708427e+00
6.149042044335827129e+00
9.730265093331260218e+00
1.777839807133310801e+00
1.268081323573557961e+00
3.803873185003208590e+00
3.611270895753261545e+00
1.030556343852440015e+01
1.306319594726351951e+00
3.469217671605385522e+00
1.214736641701371944e+01
1.097123060237056302e+00
2.009646335714899035e+00
3.263347937461774428e+00
1.401118600982719897e+01
1.238955888234734104e+01
6.090187808269216241e+00
5.508488562087872964e+00
2.298439107669601356e+00
2.847052259566607013e+00
7.432882854691461816e+00
7.074048348734378600e+00
3.706050421075098633e+00
2.045953932129190189e+00
5.722692561515247966e+00
1.237670738340684196e+01
7.693553632405004450e+00
3.287583398921336109e+00
1.214202024156194426e+01
2.170886451022203012e+00
3.017638717064378806e+00
2.139063142741606693e+00
9.600319541380530453e+00
1.030125143331112625e+01
3.959506225571114868e+00
2.995714501329344692e+00
2.624765245873414532e+00
3.031359937633224089e+00
1.174208893377728202e+01
7.553814356244205719e+00
1.826772371247114668e+00
1.765805082594076758e+00
1.951450415271695960e+01
1.824426017865047545e+00
1.975196934879824173e+00
6.969475895163228074e+00
2.869841318794414065e+00
1.898369517456613309e+00
2.157111833289546698e+00
2.990635569475481592e+00
6.309209669585182034e+00
4.724591440233001371e+00
1.895360759473779799e+00
1.991641578842602511e+00
4.661709114235781826e+00
1.960525718403744566e+00
9.352993017279112919e+00
7.062696248147567246e+00
5.575436209494598616e-01
6.556342450988828396e+00
1.399114194527617983e+00
2.007327118035148672e+01
5.937488879195398361e+00
6.431806591010239771e+00
1.115493291463152659e+01
1.097980507209165069e+00
8.191590869503275751e-01
8.896025384426089033e+00
5.495944180356366893e+00
6.797632135080415416e+00
3.338735947339765087e+00
2.198627623267342290e+00
4.695287056483945065e+00
1.002387516597288641e+00
3.711580690336854005e+00
5.367720215423452679e+00
1.000738463694973213e+01
9.434986121535310355e-01
9.323804807189862709e-01
1.101835502902296593e+00
2.151550130285537765e+00
7.260103575042233359e+00
9.345959097008009309e+00
4.769903585339448249e+00
5.206277378816429824e+00
8.825307750423032616e+00
2.908450694582408147e+01
1.417076976050121395e+00
5.734500962694142778e+00
6.135933577579171683e+00
9.573902710812576267e-01
3.864062546938553222e+00
4.472266206578635384e+00
1.394099186827044479e+00
1.604335263749255169e+00
9.361290152352901295e-01
6.810790739705366859e-01
1.423645301567230126e+00
6.866347237222718114e+00
4.292553886063251056e+00
8.868996423563572762e+00
4.450975408864320748e+00
1.179337207554626765e+01
9.851398264143524930e-01
4.805839512388554446e+00
3.228153470564901539e+00
6.197080973006086957e+00
2.870471869813535193e+00
1.406168310865254067e+00
4.441521554625268209e+00
3.036398909568045035e+00
9.595308161633761657e+00
1.224831767543964611e+00
3.424727231507274094e+00
1.336839021283271478e+00
5.950899376203252267e+00
3.589440972569554855e+00
3.358104353334212089e+00
3.297535173040616385e+00
1.776297724386159160e+01
1.883365304841468912e+01
2.870549588967175492e+00
1.095087122725430362e+01
4.159840293647636855e+00
4.848140994578410634e+00
2.224483847383152302e+00
2.451548806591445473e+00
4.705136241424990651e+00
2.978299779230769051e+00
2.878491570246476616e+00
1.928029893553358187e+00
2.828217424710965933e+00
5.115736889307971325e+00
3.854876814813160912e+00
2.474921749938167714e+00
4.948676554121263393e+00
1.166508625723513504e+01
4.170885205004553953e+00
2.204781648784480463e+00
2.484713448664742419e+00
4.178934069266924567e+00
3.268148906464286796e+00
9.804960008650212444e+00
3.087126136984345237e+00
2.902636982115882169e+00
2.873255328185372104e+00
8.086906612708107289e+00
7.827274435365941585e+00
1.572233412181585521e+00
1.920560959945426083e+00
1.199201837665388837e+01
9.286267170882280819e-01
1.300955943639929169e+00
4.933471795768693546e+00
3.420007054324726514e+00
3.371125530346516186e+00
2.469136032678907355e+00
7.434561381626946464e+00
4.059386628716226575e+00
5.275536759498317352e+00
5.507684768520154428e+00
1.338425343662247968e+00
1.181525501175825354e+01
9.372718535333257606e+00
4.450338851890303538e+00
4.682397434755243282e+00
2.290735593808466142e+00
8.051060979642182147e+00
6.921713346361857866e+00
5.841300706940563359e+00
1.408908861096430654e+00
1.695041950869431879e+00
3.629603140399755290e+00
2.163138417746529374e+00
4.223147433000709050e+00
7.696208789057332744e-01
3.744433598441783140e+00
3.010065076174126109e+00
2.039260393859379850e+00
3.773825615537876654e+00
4.612968475127056323e+00
3.648830680945598814e+00
2.769690326945359882e+00
3.193703237333378020e+00
1.290406579339869131e+00
1.451825875891122219e+00
3.105478220200113881e+00
1.382677198686308984e+01
4.859431117898131980e+00
1.163106786130483572e+00
2.773062871283051400e+00
2.695419556860981114e+00
3.596433849182992581e+00
6.048690119160360368e+00
7.594184899343856543e+00
4.087004570902298184e+00
3.141103386619346516e+00
5.272724442688389246e+00
4.533279926451712960e+00
2.059605232655077334e+00
6.749178338356839113e+00
1.419197297675317770e+00
8.003384407326400440e-01
2.250241292439677743e+00
2.807348748977215536e+00
3.588094197175265787e+00
3.239415238394613539e+00
5.349292563784951327e+00
2.065610915609904730e+00
1.811898865805660064e+00
2.900835634417024522e+00
1.356345610931423984e+01
6.364443836200276650e+00
1.520867340015676694e+00
2.487414306812167908e+01
2.014322142379086245e+00
1.196046988229193753e+00
2.271058013974635692e+00
2.102540097951577813e+00
1.482694976173885681e+00
2.179079291330355161e+00
6.624268271769160776e+00
6.122898084667601104e+00
2.148645264999510918e+00
4.613744878688531559e-01
1.484335515585005982e+00
1.504188405270194195e+01
6.503861702065731443e+00
8.129095919334057285e+00
1.161725552973242648e+00
7.985246620127399275e+00
7.622954143047203646e-01
1.610610907548058357e+00
2.467202687945253103e+00
2.940491785214583320e+00
1.178010267057613580e+00
8.304065474564906069e+00
4.334664830304074457e+00
7.334529247678994501e+00
2.962080481488317929e+00
3.055559189546036780e+00
6.996715785154200340e+00
1.991881244723477939e+00
1.475034448494613404e+00
3.554268984007391108e+00
2.934936167460603151e+00
9.064030351918919148e-01
1.149804313031245329e+01
2.789634387930493453e+00
6.309892274719635985e+00
2.386389493995566369e+01
9.071825404696574058e-01
1.114529182922391470e+01
2.650127525770841874e+00
1.739257789376425833e+00
7.004373407848826005e+00
2.047177876488400994e+00
1.744867946152608651e+00
1.550923367812800713e+00
4.527739943333644490e+00
3.125387356578950282e+00
2.365660168555888010e+00
4.794223590531874635e+00
1.516049141276561096e+00
4.252796579636249241e+00
3.773388942822786696e+00
3.011656086570980939e+00
9.692221267874833401e+00
2.515430385785440315e+00
3.425236993084033177e-01
2.233928915819122452e+01
1.991262823552018890e+00
1.550379950509483606e+01
3.688088197665566614e-01
4.737761786888269100e+00
5.189069783432644911e+00
4.401979532750790458e-01
1.164698689517547736e+00
3.807611692041437124e+00
1.856656281092746852e+01
2.133334531053709071e+00
2.146237178389180489e+00
6.999501189457844053e-01
1.876628359846486349e+00
1.159766146096050665e+00
8.545194261442603523e-01
2.534104053340668905e+00
2.000232441216306167e+00
3.044060874532802163e+00
1.808853768015459718e+00
2.376393993474216870e+00
1.587193631773840874e+00
2.680004668879211405e+00
9.736558470770443563e+00
1.515539982104442185e+00
1.508429320441673660e+00
2.259417995828797210e+00
3.415417262655343400e+00
1.584677407700274543e+00
7.962915338621748162e+00
6.230294361384403068e+00
1.242450307148956323e+00
1.467755036659385448e+00
4.128349309653578381e+00
2.217101366849723032e+00
8.799633013265296677e-01
1.402431068441139672e+01
1.333723547608482285e+01
1.728295312698804320e+00
1.199008185378375835e+00
2.560301002609541854e+00
1.001522457971583790e+01
2.448860679160252296e+00
2.372056119465812074e+00
4.268391429318258545e+00
5.276806341606389061e+00
7.810337029252907293e-01
1.216711999088289753e+00
1.206994346190751166e+01
2.287953446549706449e+00
1.092605563326503315e+01
1.240537541656959730e+00
1.077392712177886125e+00
1.305140050351764991e+01
2.027363122612702462e+00
2.813246951941103191e+00
1.126808616848961542e+01
2.511601168387979754e+00
3.750277829676536001e+00
1.763168174371738672e+01
2.885433793709148986e+00
4.095070206722713380e+00
1.379814362570196629e+00
1.326201375405869687e+00
1.384937479355059953e+00
5.298619769311670780e+00
2.020429306985372264e+00
1.079448977113567798e+00
3.242591666389582183e+00
2.836316293101746044e+00
8.180135286822892482e+00
2.549122819274684648e+00
4.218597918423649951e+00
5.256685285417198372e+00
2.348005879211818225e+01
7.276683037018243372e-01
9.229439352943115127e-01
5.868695257194653792e+00
1.235142326081903885e+00
2.139433171633730701e+00
3.821770865544208196e+00
1.686878442130011813e+00
7.231088824578091323e-01
4.259476801694173531e+00
3.792331551328763095e-01
6.542423080689802051e-01
6.561430523513551272e+00
8.987328174704716233e+00
2.247531446712009551e+00
1.863065955518047545e+00
6.601392394603278202e-01
6.096896053388295655e+00
1.557728039788084384e+00
2.861400557844516079e+00
1.864170817906637190e+00
1.394302367110517249e+00
2.086817135475544482e+00
2.076559080428218795e+00
1.450501082053536672e+00
1.090738220438015205e+01
3.588333324648910416e+00
2.584802384437190792e+00
4.141206932656104733e+00
2.155548219594861425e+00
2.778630145794867445e+00
1.183860393945807887e+00
1.170616563428517587e+01
1.886928728056647575e+00
4.303102129554742028e+00
4.648875668703825959e+00
5.899222026743080605e+00
2.103992561648174497e+00
6.630462839342019521e+00
6.306703909953255582e+00
1.853240070365783643e+00
7.403055827320716986e+00
2.899966216982474698e+00
8.597564360292521357e+00
7.266489407376490739e-01
3.682615748484820095e+00
3.653779827141085956e+00
7.849061322078766390e-01
4.759726654856339501e+00
1.624517145386157324e+00
4.256823915666132052e+00
5.725976672140296486e+00
3.534888075533336060e+00
1.134294879767758335e+00
3.728251843813088939e+00
1.030799884247600140e+01
1.238160967799230905e+00
5.118068305384868566e+00
3.726867430984786900e+00
2.455459310314512145e+00
2.992475146178950052e+00
1.243508159704160621e+00
5.478208238178890355e+00
4.713577094741514983e+00
6.397794934767560449e+00
8.195818448779485621e+00
1.274475107214376512e+00
8.105096167473080371e+00
4.765828531188887496e+00
6.225469240200768084e+00
7.736358538745882640e+00
5.768863189636586064e+00
1.437968023270294493e+00
3.670934218033153229e+00
1.896403710456836977e+00
2.252671440754034915e+00
3.062249796210272823e+00
5.333089552367017205e+00
1.202805976755574990e+00
1.344634388577078399e+00
3.665814246178673574e+00
6.184432818980486246e+00
4.093813704016184829e+00
1.587185755148839483e+01
3.897701682256744959e+00
4.810991494943010593e+00
1.193612160041958248e+00
2.843079224913684477e+00
1.516825674380394284e+00
2.618813221833891092e+00
2.028422636157894310e+00
4.453074287052243285e+00
3.276945876917680245e+00
6.937047046960969077e+00
6.811195115488940743e+00
6.259764585101734724e+00
4.744397274896447136e+00
3.788179898631860887e+00
2.296665170544674339e+00
4.963672490950846949e+00
9.448527457432662757e-01
1.942359467954900998e+00
4.159870055356699403e+00
9.184257441954780665e-01
6.282480029790589171e-01
8.632697940093380096e-01
1.453507909487040095e+01
5.956863965172103370e+00
1.438491984968947479e+00
8.986597498897466174e-01
1.852787640465111796e+00
1.210804615558017217e+00
4.008741429601069939e+00
1.323445719443590463e+00
4.337311337168085146e+00
2.396436317953649642e+00
1.276131306313733393e+00
2.277780181563842543e+00
7.526515539195453464e+00
6.205590424470179833e+00
4.217188699058081802e+00
1.066669105759701353e+01
3.501762060722463321e+00
3.801228176717184937e+00
1.468462314011452330e+00
2.720132927166420522e+00
4.951503942102634115e-01
2.311950671270487589e+00
4.016311669185612665e+00
1.903297114647193977e+00
3.257970938797931204e+00
4.419008486302256067e+00
3.630950449527659885e+00
4.479568608405232055e+01
3.320160332485196264e+00
7.854832656204769670e+00
3.480479442458693118e+00
1.238744319385451265e+00
3.039718426877044966e+00
8.820590284342042509e+00
6.723585806116238572e+00
9.858936512591232049e-01
3.974754086783494955e+00
2.203592788120087409e+00
2.543556064633128333e+00
1.031562501537749865e+00
1.132228899927855892e+01
1.265401576950861617e+01
3.624683438211286024e+00
1.990639686325225144e+00
5.073699667301255545e+00
6.938572900380894914e+00
1.863962351215131763e+00
8.854241246358479644e-01
1.949808964101483300e+00
1.761138187031813684e+00
2.571892278349795280e+00
1.271936737834943543e+01
1.219326615143733417e+00
4.497935292139453090e+00
2.183021539230398034e+01
1.107890860195913696e+01
3.432065922013487036e+00
1.263730608391378496e+01
1.056336115339647286e+01
3.191259761722729849e+01
1.042666888975600115e+00
4.763638874883861618e+00
3.401055665438416753e+00
2.760169555008680220e+00
6.174921487193763880e+00
7.006620040487418599e+00
2.012640960650414534e+00
5.543459541138195945e+00
1.258957132389550360e+01
1.575491774148628066e+00
6.983547123866293838e+00
6.083116044718085647e+00
1.379596555867770968e+00
2.173557892820340065e+00
2.512381591287681015e+00
3.361233381159577593e+00
2.056893701438884392e+00
1.991832860239428404e+00
3.285748585216397011e+00
1.811923791971502329e+00
7.946169093672791561e+00
5.455628652265467338e+00
3.305688847908611727e+00
6.099645137615312684e+00
6.622611685370229928e+00
6.136779923964583716e+00
4.093086562621809144e+00
1.266254289558551793e+00
1.003876216958158984e+00
1.532415037515763956e+01
4.413205838170825679e+00
4.432565436830285144e+00
4.862346878688883045e+00
5.621067867756394110e-01
2.202323317578793738e+00
3.373646545262670493e+00
8.411039334554812896e+00
2.076620296048893977e+01
6.139932170172373915e+00
7.325021940179001767e+00
2.835534439593425216e+00
2.165775813761714375e+01
2.404749723221304869e+00
6.412827713827613074e+00
3.280808702405690447e+00
1.879321773291030340e+00
3.295275452086243284e+00
3.754803526885285070e+00
5.599374612198349865e+00
4.232489927966234688e+00
4.189199797616856458e+00
4.029302717238993026e+00
3.597657864203120504e+00
1.762584281287472132e+00
4.473899751159764016e+00
1.546126473826510761e+01
7.940079014180599914e-01
3.576187438684288011e+00
2.755372781214333600e+00
9.773823454834136282e-01
4.322712439763963133e+00
1.245081847587886692e+01
4.700297247512604137e+00
8.765536885302767089e+00
3.872677174707407577e+00
2.208735630785595916e+01
7.928810376461602472e-01
6.459471862602501613e-01
4.027150436620414276e+00
1.648027767463216664e+00
1.178778308855328527e+00
3.828941866256696525e-01
3.147332207290384876e+00
4.090392996658730462e-01
3.834044393190801703e+00
3.404229517712215269e+00
1.222219229217979208e+00
5.106900290048818292e+00
5.286273165387020079e+00
8.598646054771483804e-01
4.314755067662571442e+00
3.509828465158325628e+01
7.999749121568874521e+00
9.534912798743205187e+00
1.337075771607676877e+00
3.277436798115512140e+00
1.444635814985627986e+00
1.834745703564054864e+00
3.505144313342080764e+00
2.241408050970579158e+00
1.652774716102942021e+00
5.617281987612834371e+00
8.773537947588410102e-01
5.343189816723784347e+00
3.861835395463115717e+00
1.867992571629727427e+00
2.845499768003146634e+00
7.006321671393577866e+00
2.912353287872945007e+00
1.423019398734927776e+00
2.061293943654848526e+00
4.580588753322122564e+00
1.524874350050951399e+01
2.430461968627256830e+00
8.117209265969753673e-01
1.723219763035027663e+00
2.952381105042053200e+00
8.368058310685659862e+00
2.927588337285419673e+00
5.038850153949375965e+00
1.611219693922359530e+00
5.272936938620071068e+00
1.558029270529998955e+00
3.539715474418716035e+00
4.883322133489684802e+00
1.117625689860232807e+00
5.478309362683232209e+00
7.713912326780760775e-01
3.855889637579294149e+00
4.136758450757479721e+00
1.674902640578030955e+00
2.210370635663386985e+00
1.045295720681462814e+00
2.694941283574539437e+00
3.345793718045464438e-01
2.584944716065741588e+01
7.442002281736923130e+00
5.177901516844540808e+00
1.990023404325202083e+00
7.210983022754430927e+00
1.532936398938143041e+00
2.328974933172869299e+00
4.478254682179208856e+00
1.942595421471653427e+00
1.446439842943868070e+00
8.500655464731075028e-01
1.006099251322613064e+01
2.671593577895807314e+00
3.706525330606529778e+00
2.676047198407140559e+00
2.887269800644629125e+00
7.556161551818989963e+00
1.730717810835258774e+01
6.152497267214934062e+00
3.575023569275219248e+00
1.751421243114204440e+00
3.681758900298284676e+00
6.627068422826712712e+00
1.795116391905806852e+00
2.207781010733822491e+00
6.277808251745979895e+00
5.854196420421362568e+00
1.747353314310791106e+01
2.324757146909348648e+00
3.197533135839266460e+00
3.931826779955827078e+00
3.361712856877189015e+00
1.914393891425005378e+00
3.191057812131363747e+00
4.354524621162414455e+00
1.856137929950313392e+01
1.540335352757582488e+00
1.480642326544407306e+00
6.269840232183427453e+00
4.615237226441642804e+00
2.498652699649365427e+00
5.170795158173552508e+00
1.298613846731269339e+00
4.063504686627904761e+00
1.714230838884006625e+00
4.087745838290556932e+00
1.317223235852802876e+00
1.080721533633938058e+01
3.740075044402908500e+00
1.555493222019363797e+00
1.327685713928689282e+00
8.467363801712542326e+00
6.621924793471796633e+00
2.268692802568465616e+00
2.276450163636325463e+00
9.357340673312868340e-01
2.020179143947447908e+00
2.008569722426556403e+00
4.192647624595675637e+00
2.279263370763571661e+00
2.200196852555382332e+00
1.477204713055642671e+01
5.806555046732412073e+00
1.069209545271425910e+01
4.850905501621906701e+00
3.545680561490387905e+00
7.966694969103889079e+00
3.291976970895200250e+00
2.753900425774959082e+00
1.038872564504561957e+01
9.321470892396089836e-01
3.006167355404433916e+00
6.082271583824092609e+00
1.329008068834344192e+00
3.085209119977492254e+00
5.956689971013769735e+00
3.424142871114415065e+00
1.751398323360140674e+00
7.456615862662062888e+00
2.021502604279636905e+00
3.099188385717145611e+00
1.679075093297156940e+01
5.250216907017668966e+00
4.218348093517095165e+00
2.299379619639725814e+00
4.138633277078892725e+00
4.193584462765187482e+00
4.728604440682201648e+00
4.127580501154089809e+00
4.948389586375109062e+00
2.110753827648901737e+00
3.224082116379029639e+00
3.856168829975679113e+00
2.519003017098326414e+00
2.442287126372019834e+00
1.715899888358007663e+00
6.726744154823421695e+00
4.415315613276052709e+00
2.135265288054420729e+00
6.139252319840046823e+00
1.521192119375659901e+00
3.894373958756928378e+00
1.091045438914739307e+01
8.299199732641788785e+00
2.200302778309178198e+00
3.275800025858549791e+00
8.539454350334957367e-01
