1.834131493359706599e+00
1.182794086154806301e+00
1.446269864056897170e+00
1.042658101563655793e+00
9.891000901059676664e-01
1.806637772659090979e+00
1.389658168222237089e+00
1.404242695866749324e+00
1.277843677388249111e+00
1.598909328018046416e+00
1.214678679785732518e+00
1.238831157276007566e+00
1.156169102985915131e+00
1.548784644799764409e+00
1.596252535447352905e+00
1.710444449846640680e+00
1.556112523205060993e+00
1.618581402956810189e+00
1.369085796816925882e+00
1.496812246677984959e+00
1.459892130356550410e+00
1.508469158718240832e+00
1.488371916462878142e+00
1.170905223873048184e+00
1.714712295881332338e+00
1.508416350357396629e+00
1.309254128474755863e+00
1.465267026130415484e+00
1.261582591353751059e+00
1.257265694354458230e+00
1.482371077700485928e+00
1.581937952455154006e+00
1.363806874507071720e+00
2.165613051187962768e+00
1.294190857814845996e+00
1.406350184946824955e+00
1.632133688487482193e+00
1.543317113284020436e+00
1.354810666188309254e+00
1.190149081395866837e+00
1.225335115410733255e+00
1.452830110480257897e+00
1.368197326212769793e+00
1.609548269089713379e+00
1.395729644613205256e+00
1.440103893171025717e+00
1.171407683353977047e+00
1.387669950145903996e+00
1.433022605873429445e+00
1.642460339821801618e+00
1.612989166082624770e+00
9.825486118487170017e-01
1.079125929670327722e+00
1.579878756413193086e+00
1.372524451974274973e+00
1.271087121880044357e+00
1.352804752442620773e+00
1.968087864342170645e+00
1.511118494483044472e+00
9.227472159113143668e-01
9.841176168451463147e-01
1.237658598944803900e+00
1.333877083735169222e+00
1.421817656015617048e+00
1.163584797860532483e+00
1.462197804738896378e+00
1.329388086984145234e+00
1.205903661536837257e+00
1.792473099056347774e+00
1.543014444476555225e+00
1.412388868413964271e+00
1.468792402290800769e+00
1.528302807614126291e+00
1.596210692437827872e+00
1.481363769159898425e+00
1.409452016296096843e+00
1.355382298933054841e+00
1.627931196268108449e+00
1.471478336962144695e+00
1.518953837696578324e+00
1.843172833292605173e+00
1.252240855029216782e+00
1.469198605445271921e+00
8.820317015234478975e-01
1.833060556651130435e+00
1.062782289525358248e+00
1.303131235500327501e+00
1.375071144826031322e+00
1.570867264390413798e+00
1.194550047860357900e+00
1.438353399770374130e+00
1.557979803035633104e+00
1.360934974854303148e+00
1.491233793342417346e+00
1.364170930787965919e+00
1.546807805096215516e+00
1.713289966818556165e+00
1.459342727729067590e+00
1.576196610474775772e+00
1.293594301011162573e+00
1.512918761028223757e+00
1.449004206976038267e+00
1.268347932400700318e+00
1.534364958973725601e+00
1.555745370171360165e+00
1.845134999139490306e+00
1.286804876904625861e+00
1.000691103362064682e+00
1.505977976683700703e+00
1.536354972306642752e+00
1.373556953990473728e+00
1.409688685246741846e+00
1.418083477158109673e+00
1.221802142912326694e+00
1.478599547234670020e+00
1.283314838964130233e+00
1.470492679214381981e+00
1.719487261206151807e+00
1.344885312255435839e+00
1.178580132808008329e+00
1.448135176109536459e+00
1.101281534431635123e+00
1.818653549676298109e+00
1.486656661991103690e+00
1.318633910989918334e+00
1.221392341903118073e+00
1.298741527410118390e+00
1.560914554867449233e+00
1.563143692877604130e+00
1.119828780860148143e+00
1.141097759222547303e+00
1.130554331480756680e+00
9.843308243975048555e-01
1.362764718180153434e+00
1.576677072121400958e+00
1.546751544635469822e+00
1.921262994362729515e+00
1.296687794882947831e+00
1.281985446992496724e+00
1.160668983150208611e+00
1.415794946688222700e+00
1.492457522593622299e+00
1.188001229271398396e+00
1.272469741449648195e+00
1.166046900974397227e+00
1.542777403997730667e+00
1.412880334862646858e+00
1.266933070710465792e+00
1.387251684998449308e+00
1.518981078691754583e+00
1.602293903387558727e+00
1.325715186363471743e+00
1.492011572634458716e+00
1.659601139416623239e+00
1.808570818238802058e+00
1.206116016141718594e+00
1.266504381795849898e+00
1.352074005642944998e+00
1.221999060507451773e+00
1.189389647892442392e+00
1.232954355666727952e+00
1.846223543531037903e+00
1.231868009317230950e+00
1.696085538578101293e+00
1.633321926486957842e+00
1.352804204569866720e+00
1.282969001676748988e+00
1.739537747182119620e+00
1.213387349814222693e+00
1.533893451847063716e+00
1.084806645863221286e+00
1.225675644417031585e+00
1.724335157417584696e+00
1.836624412318324406e+00
1.308884011758459476e+00
1.990334135730654319e+00
1.495332605793758374e+00
1.064976977747165598e+00
1.253880974460842346e+00
1.506709644265480597e+00
1.461396459696315819e+00
1.319142652644324842e+00
1.349109048332072902e+00
1.253595858911815686e+00
1.317951083752670671e+00
1.140504327438090160e+00
1.215744003815359298e+00
1.298557180482615925e+00
1.267181382552811764e+00
1.376748920422359745e+00
1.433353094357152413e+00
1.544064455367073263e+00
1.793985019407897230e+00
1.417306154987930444e+00
1.170286890381456946e+00
1.338900324673547582e+00
1.218446281695625188e+00
1.250266276258071851e+00
1.423624187381074879e+00
1.687407149050710764e+00
1.606673761440794213e+00
1.416459129185189569e+00
9.313326373206256559e-01
1.792172306461340181e+00
1.727030565792463168e+00
1.029681581291526093e+00
1.515592551754409545e+00
1.155606086717396508e+00
1.573436579642064848e+00
1.537433794138332255e+00
1.345836796818161929e+00
1.441136995564592738e+00
1.224251736431331228e+00
1.582501530403614076e+00
1.641919961563771402e+00
1.417345425910343737e+00
1.891615975935549754e+00
1.618180215779488007e+00
1.127025050313726906e+00
1.626412103323077174e+00
1.395694513373574752e+00
1.557258069263559586e+00
1.419042701028468967e+00
1.690804262296569771e+00
1.294328862288078419e+00
1.454742817042991021e+00
1.395684482550230809e+00
1.466834270315310329e+00
1.644283491596741253e+00
1.378732141584297466e+00
1.396907283642196518e+00
1.579430574924231223e+00
1.241986450443401280e+00
1.458669150178014684e+00
1.605330386791833153e+00
1.316077005164138836e+00
1.410899110752095620e+00
1.216541226407965581e+00
1.760232350948061963e+00
1.276545547151794580e+00
1.379664079704854052e+00
1.494054764473245367e+00
1.511583244332369125e+00
1.341964371279595003e+00
1.262692843564818146e+00
1.498352551985230541e+00
1.511239730071288534e+00
8.643860481919133365e-01
1.550659726978506292e+00
1.174306474426209945e+00
1.294473359955272240e+00
1.440340368432074136e+00
1.503934003594758151e+00
9.025336847900095050e-01
1.188411355521084456e+00
1.542489673101381298e+00
1.248772386191554951e+00
1.629156959941937544e+00
1.448258597633394151e+00
1.358352798788102778e+00
1.217502374557030143e+00
1.426336348037107404e+00
1.383146352594154527e+00
1.320368164726134275e+00
1.354998091977295926e+00
1.695569868597177843e+00
1.587103729397202789e+00
1.086425023990624128e+00
1.810706356346976076e+00
1.222807998602732482e+00
1.536026050379393215e+00
1.446457556361083752e+00
1.163078290792230574e+00
1.322028776103660208e+00
1.374031618683319467e+00
1.016509523125705750e+00
1.430403108650718513e+00
1.259093495392007211e+00
1.581999790989706334e+00
1.295695057879787226e+00
1.347056069790001587e+00
1.709421498307867493e+00
1.183522443575994343e+00
1.359723777163968306e+00
1.292508468744832495e+00
1.218533702929144313e+00
1.295672817626971618e+00
1.326969375662287565e+00
1.798179773433168815e+00
1.776683617063869569e+00
1.444433005246680723e+00
1.497283069796369936e+00
1.236131155248085145e+00
1.389097503614543205e+00
1.424626251116773323e+00
1.248752814700942348e+00
1.204500674624923384e+00
1.267446364466808806e+00
1.375803766988291876e+00
1.163684888049749455e+00
1.839619288712523559e+00
1.345045295927074447e+00
1.355935792006206286e+00
1.251780699542628827e+00
1.426352047229322295e+00
1.587005615451228646e+00
2.072673954229357296e+00
1.771088090327215703e+00
1.619345458992525577e+00
1.550705478711972063e+00
1.357641218910117464e+00
1.692433276241572360e+00
1.454232061546136379e+00
1.515117636921605504e+00
1.784663002121185116e+00
1.245103973371873840e+00
1.377771968665264746e+00
1.180153678740631484e+00
1.374501411257185390e+00
1.089474614822513177e+00
1.369991080867715594e+00
1.426396105278874504e+00
1.160867241902927782e+00
1.330053280846864805e+00
1.447031366259592389e+00
1.625302996771854414e+00
1.444994067232076684e+00
1.352697473640020132e+00
1.419876391251163827e+00
1.019717524865541902e+00
1.421501677625205851e+00
1.347213759506255881e+00
1.359007573714130501e+00
1.332131937070722749e+00
1.150741805220471425e+00
9.487588909418988026e-01
1.041264692129491687e+00
1.224107114517601458e+00
1.110040251644276443e+00
1.507617080826517908e+00
1.632878028229910461e+00
1.423313855894695168e+00
1.326991911267893398e+00
1.151404631061801132e+00
1.636235860449799961e+00
1.528937779568595223e+00
1.402702162726467305e+00
1.448458815121684173e+00
1.447086825504114715e+00
1.436448341122648964e+00
1.931746770545480052e+00
1.544084421847118360e+00
1.296159117329651389e+00
1.430083059118052224e+00
1.251721555895763283e+00
1.238300863888998293e+00
1.600039060416598380e+00
1.753075483806223245e+00
1.399251793041433212e+00
1.041373887179516844e+00
1.292505946912725134e+00
1.414421546942562502e+00
1.193125320121510624e+00
1.368977679224511856e+00
1.546725662966737413e+00
1.066475772863471061e+00
1.467120739382619332e+00
1.154893060805588956e+00
1.168706958122829320e+00
1.520598822939107198e+00
1.530943110701037391e+00
1.374842036719900129e+00
1.749079444944351636e+00
1.474270504379801006e+00
1.584270448050789870e+00
1.503927796830283992e+00
1.394729304083870858e+00
1.292236535457229607e+00
1.006615476974914047e+00
1.420922806743263322e+00
1.502077416667334742e+00
1.238103251879280275e+00
1.294168283953607057e+00
1.208804699567938901e+00
1.608045408055265746e+00
9.799543991535819565e-01
1.171963045242268908e+00
1.617981163381635001e+00
1.681967288940590333e+00
1.149383629594485257e+00
1.498088827060140460e+00
1.295927752453263970e+00
1.088556145556069055e+00
1.536752382670495187e+00
1.697083923799386662e+00
1.827682700396357163e+00
9.889410769826217917e-01
1.130346596991383290e+00
1.331443372281590598e+00
1.292327572204483133e+00
1.670528578155335842e+00
1.379415405457179888e+00
1.576638743689035227e+00
1.803991577010133129e+00
1.739251760497049881e+00
1.208382319515853842e+00
2.014330836691553106e+00
1.443473485749310337e+00
1.062791023828022041e+00
1.371725122682767140e+00
9.711973782941831779e-01
1.786191972805974748e+00
1.732540106124173640e+00
1.390712739548960686e+00
1.385008905847307181e+00
1.375063154626931405e+00
1.674640959004498830e+00
1.286566010152437656e+00
1.317348354192982685e+00
1.145363700832245257e+00
1.160948705217395016e+00
1.086081467972466852e+00
1.508041650881438489e+00
1.301588814671247318e+00
1.127998241309795979e+00
1.598896356036283661e+00
1.733874832117346720e+00
1.426802557032820662e+00
1.688172195844393375e+00
1.373245469267332819e+00
1.175878399924300322e+00
1.538724724029497448e+00
1.200081810236671709e+00
1.411736629506397112e+00
1.541508957891709830e+00
1.707918221292267669e+00
1.486940378314619116e+00
1.599020093025967704e+00
1.306923723664773718e+00
1.331669163724065630e+00
1.684670800114982159e+00
1.170510624853238202e+00
1.332016444828718615e+00
1.376572181646113169e+00
1.780280152500431257e+00
1.361716776512025717e+00
1.236241190585851912e+00
1.136571789022872592e+00
1.877681601078355245e+00
1.283863597637056486e+00
1.083999058103583213e+00
1.540524264489960604e+00
1.731658322497706903e+00
1.319465216960411302e+00
1.548659765801734034e+00
1.352190146886716127e+00
1.430265585970870390e+00
1.469748215077927522e+00
1.433908939591266529e+00
1.625157973596323524e+00
1.547570381997909639e+00
1.328192775214190657e+00
1.000699684037033466e+00
1.218719400184049784e+00
1.487742958544531868e+00
2.026716690318939751e+00
1.245847945384617850e+00
1.551502057512896160e+00
1.464619694816187589e+00
1.299827695974708597e+00
1.528439451730557508e+00
1.787109637163748710e+00
1.967090791447151155e+00
1.220091859180261196e+00
1.253411575665076327e+00
1.506993892639890253e+00
1.469151654624851755e+00
1.503935651152020103e+00
1.361435763614635031e+00
1.393791825297745701e+00
1.040985719203117332e+00
1.495978742783182547e+00
1.587904300058922358e+00
1.320242404795339608e+00
1.324463769388586343e+00
1.077474808757042934e+00
1.428849317633948512e+00
2.202029573375328120e+00
1.402009375590843154e+00
1.288829679666424921e+00
1.473867254412819294e+00
1.396370145919185735e+00
1.325919293663159637e+00
1.810448107698536369e+00
1.165305408690533673e+00
1.488809910303667605e+00
1.793290154033818418e+00
1.809561454144720472e+00
1.262013510586147413e+00
1.253529950847034335e+00
1.447508504831991338e+00
1.415955563047915478e+00
1.265879404866044666e+00
1.389975187411723656e+00
1.524899124419304419e+00
1.176871664304172116e+00
1.317618978586316159e+00
1.296990503455174748e+00
1.755890407124073072e+00
9.908723921714254201e-01
1.330728117258602961e+00
1.562223842587852074e+00
1.310263716219890018e+00
1.483194705097079069e+00
1.442131934147993011e+00
1.295781944645378436e+00
1.267027790737822235e+00
1.366827631191390946e+00
1.806442490356386044e+00
1.405559611094623129e+00
1.342382207547759609e+00
1.364719286113402541e+00
1.300008410218875587e+00
1.468552956037190382e+00
1.219619810702764928e+00
1.560331392811669771e+00
1.487866713331742918e+00
1.644745469351943434e+00
1.508026528599442528e+00
1.357346637265294920e+00
1.921313402026810113e+00
1.465799126226665416e+00
1.334443340999447836e+00
1.402394319640372755e+00
1.264366152682356637e+00
1.798292594063116701e+00
1.545570244367177715e+00
1.387685733051558401e+00
1.347034404765070859e+00
9.924870374341673296e-01
1.561469971283229841e+00
1.473009804838412151e+00
1.687977139260846693e+00
1.415200437451095361e+00
1.420655575700580986e+00
1.487920175415532453e+00
1.435120692464549652e+00
1.047059291643447576e+00
1.517809454170758743e+00
1.006365892569618170e+00
1.543831927765028533e+00
1.224640816924806419e+00
1.369243422872397087e+00
1.762137068996135314e+00
1.333895475282955267e+00
1.451253388269473366e+00
1.239522140256967608e+00
1.614381573404124914e+00
1.119331640868350464e+00
1.397611758296290585e+00
1.402382885238246057e+00
1.230477564073269692e+00
1.791859562883687307e+00
1.382177830039545308e+00
1.217742567537919873e+00
1.225282752683600984e+00
1.335925110959155671e+00
1.293868240341972342e+00
1.057049076830707923e+00
1.367882639926628396e+00
1.264733725356989025e+00
1.566353477664356397e+00
9.212128530707937024e-01
1.336018789430100995e+00
1.850510851324714601e+00
1.548749049589977167e+00
1.491094947298893247e+00
1.161783021338651078e+00
1.449410355451553833e+00
1.391162047026086146e+00
1.742548172691135822e+00
1.399831349837886707e+00
1.413898559946520139e+00
1.573111180733194336e+00
1.147387070681777699e+00
1.264247124122423127e+00
9.664506812473498965e-01
1.337990714367009781e+00
1.946376752774618746e+00
1.234886399392133516e+00
1.233180860590495476e+00
1.547272933657140470e+00
1.278490565041451532e+00
1.380018926793390222e+00
1.481973219422918930e+00
1.105249703378719861e+00
1.455066421121104847e+00
1.313450576767043687e+00
1.399673619416711423e+00
1.362014799725568936e+00
1.362129059020110278e+00
1.431000754318924706e+00
1.521403575281338405e+00
1.177029157130933923e+00
1.619626661459496519e+00
1.509883412109930712e+00
1.623210633085727883e+00
1.860797331959557877e+00
1.609170457366033702e+00
1.710724564192731556e+00
1.192806050161744791e+00
1.359705503664882187e+00
1.161519241203307073e+00
1.098328934271740609e+00
1.594324817371009617e+00
1.230850728064808886e+00
1.489863574718437000e+00
1.323523844681433692e+00
1.240146362198877528e+00
1.299860750889198169e+00
1.320226129107299418e+00
1.692933075684004196e+00
1.087953318098243027e+00
1.230963556055355568e+00
1.409459293792924228e+00
1.341487980830542215e+00
1.561733436355551508e+00
1.405327829683515883e+00
1.402786049350219999e+00
1.484006815240948463e+00
1.875612952762196306e+00
1.191266852002163645e+00
1.698316306817550636e+00
1.569095795732745380e+00
1.624054047102358345e+00
1.439431829663434304e+00
1.439112519302519599e+00
1.379673848663558022e+00
1.641198796859984377e+00
1.281471482593675271e+00
1.679973996465857766e+00
1.271417263063019831e+00
1.172361559358955141e+00
1.513725986377471688e+00
1.397159909731115368e+00
1.144360138501099078e+00
1.278884958663844884e+00
1.446932913516542740e+00
1.439169900798555890e+00
1.196571641840371347e+00
1.682178713213840604e+00
1.851626713136789837e+00
1.646379691737140494e+00
1.565088435484330187e+00
1.609536021502202763e+00
1.176317477105487175e+00
1.610481466464241507e+00
1.701950258834586727e+00
1.266917935956263896e+00
1.239975204891158089e+00
1.360774144100636240e+00
1.524881253746928955e+00
1.969801119134611200e+00
1.647610871486180351e+00
1.369097742430769316e+00
1.071141817449925204e+00
1.337589828433738637e+00
1.941214283146784236e+00
1.512848259931422801e+00
1.493156295200643191e+00
1.455093249664885624e+00
1.304658029361869032e+00
1.623140091031014975e+00
1.558139326315613582e+00
1.528476060214330134e+00
1.283979630859193088e+00
1.400511866071103562e+00
1.439801452072189569e+00
1.281001147518358918e+00
1.369021221631820939e+00
1.300670333936878365e+00
1.293009688987907024e+00
1.578198496700145226e+00
1.227843075268217898e+00
1.462116661582247845e+00
1.261242177194161762e+00
1.091881712727063691e+00
1.302834891036551923e+00
1.313510987979084499e+00
1.463468494113941976e+00
1.488641720687917669e+00
9.344704727947374945e-01
1.455586279663284133e+00
1.422701850992891259e+00
1.389015195637986366e+00
1.312834358967104098e+00
1.426217831354501087e+00
2.083533413776746723e+00
1.147033730026472576e+00
1.433856979775795404e+00
1.602386460263465651e+00
1.522303476608379613e+00
1.307920676801024751e+00
1.383930677667881470e+00
1.149451878861264431e+00
1.664731623910318703e+00
1.259563400948856104e+00
1.644805371406309558e+00
1.992145771448739833e+00
1.634306076466306212e+00
1.077115551600594356e+00
9.509880880502550315e-01
1.362165186198635247e+00
1.844469098601359436e+00
1.356889104248035549e+00
1.308807933951157798e+00
1.403488961878852193e+00
1.625806657609261352e+00
1.390171738797603362e+00
1.034763878530831294e+00
1.452105725455358876e+00
1.365417458539694984e+00
1.928367338596856939e+00
1.242651651891360176e+00
1.463525168545402488e+00
1.283977215008481609e+00
1.553885065320084413e+00
1.546061798647007990e+00
1.557116624865805266e+00
1.624546335598906488e+00
1.474247640906293455e+00
1.638818390597804431e+00
1.588167138750907537e+00
1.361861420345392260e+00
1.486522613980226115e+00
1.239018865024160920e+00
1.368891940552306119e+00
1.127035203589904278e+00
1.663781984836051997e+00
1.775385582798820527e+00
1.257175659891292430e+00
1.774276165795720672e+00
1.374648895131557857e+00
1.667670046282192731e+00
1.463008071344481520e+00
1.522363971760085422e+00
1.357223182403705986e+00
1.480241736926171114e+00
1.281544371445945574e+00
1.252320185381653461e+00
1.684568349892561656e+00
1.718297417630611834e+00
1.143116930839448653e+00
1.537106662524461820e+00
1.761283953986210626e+00
1.463977078297223899e+00
1.433352832872812010e+00
1.609827575432817959e+00
1.209822945108972814e+00
1.309653220149766373e+00
1.192891555314754770e+00
1.574427962686435700e+00
1.064750700421305929e+00
1.134430506755295998e+00
1.292030270370922551e+00
8.927471722537140275e-01
1.100995545203565573e+00
1.406237959649207836e+00
1.308588561765711145e+00
1.424332244986193707e+00
1.436322794760528598e+00
1.265943962700784686e+00
1.080219371639357551e+00
1.727792988390947748e+00
1.582204117094264229e+00
1.090079862444648828e+00
1.316472591032310513e+00
1.277761286141194441e+00
1.311695851521329503e+00
1.591015791025707227e+00
1.429408118731624322e+00
1.556562921847228331e+00
1.592678772532504450e+00
1.415948560099710152e+00
1.756344141967900674e+00
1.278509393478851841e+00
1.168981288533367691e+00
1.328001327389901398e+00
1.439887134867178897e+00
1.339088155131169744e+00
1.515448851907430283e+00
1.247471938406435443e+00
8.681924530036142507e-01
1.273744396838226045e+00
1.075109020516662683e+00
1.593509779228499124e+00
1.200055910375015245e+00
1.338002590695203109e+00
1.344103714119142312e+00
1.539408504621369245e+00
1.470781482493109138e+00
1.622596132292829729e+00
1.565641508184175690e+00
1.020345921523597488e+00
1.535050748650490293e+00
1.606549272097098635e+00
1.214220437236173789e+00
1.355023364405012254e+00
1.589359503570543231e+00
1.197910304519484548e+00
1.421108156057858674e+00
1.574204631238104612e+00
1.417177628283574853e+00
1.349055095875923538e+00
1.355381828422076884e+00
1.357425916587081893e+00
1.648427540168112104e+00
9.544472798802828839e-01
1.285738358677130710e+00
1.743922840240711647e+00
1.418450167199082346e+00
1.505952755194463588e+00
1.642889906491979080e+00
1.463616584826284095e+00
1.837363998487511862e+00
1.215756298431228011e+00
1.460797159628897779e+00
1.763123091407774234e+00
1.225739689630580997e+00
1.355280113836359934e+00
1.306452474720098955e+00
1.715989655035075501e+00
1.261238728173239121e+00
1.408688564756336747e+00
1.270829475420648835e+00
1.682951433589176204e+00
1.427255230824348020e+00
1.280844418031739984e+00
1.434176494116328415e+00
1.459863370267109328e+00
1.542708237229109436e+00
1.531200414212090744e+00
1.857306184092769374e+00
1.301759002677259636e+00
1.175852177832444445e+00
1.150585846367422560e+00
1.174353152001409217e+00
1.594093636082583254e+00
1.131489520833790507e+00
1.416870859665571025e+00
1.368177496315851505e+00
2.236214730205386747e+00
1.012640499704640318e+00
1.434226449242447909e+00
1.670603175348974956e+00
1.412177345694052510e+00
1.214439529794247186e+00
1.352716117094434178e+00
1.104242376513784540e+00
1.465009897032470532e+00
1.458835028295819791e+00
1.079514372331937366e+00
1.169551969110939726e+00
1.008478447147537649e+00
1.631006048599796809e+00
1.978608919259586818e+00
1.277827931484190049e+00
1.721243260042631729e+00
1.451281139010589971e+00
1.538933940827429847e+00
1.655241539642485105e+00
1.397045549619355453e+00
8.474051168221893304e-01
1.209495494143904892e+00
1.408126026491783200e+00
1.049838519355364985e+00
1.771553790573406006e+00
1.468582129133698455e+00
1.594572787201215647e+00
1.168530986768502977e+00
1.955723987467818725e+00
1.404380523568535155e+00
1.279809915573643098e+00
1.540291235800492098e+00
1.494352925099712959e+00
1.505650339713122232e+00
1.139024389275954396e+00
1.456287397217693069e+00
1.579187520543030798e+00
1.323690849475501974e+00
1.141439971410234788e+00
1.126047725301861258e+00
1.434265495718642480e+00
1.347750167202512284e+00
1.398190278015055243e+00
1.254359772914871218e+00
1.227465659961306521e+00
1.523412471725317685e+00
1.648501782623059908e+00
1.409998057290298146e+00
1.208862274249673741e+00
1.608805504536839681e+00
1.155185181548888718e+00
1.709688342198773192e+00
1.661027601880034954e+00
1.201444944751120403e+00
8.491997152930876869e-01
1.717945999763296205e+00
1.812719538403016362e+00
1.159308770563769020e+00
1.262797828177598447e+00
1.071316810067262315e+00
1.323373986333211461e+00
1.182460797714716128e+00
1.207613299730681877e+00
1.280834956172873129e+00
1.826125735953845863e+00
1.770349821281167912e+00
1.402286339284436023e+00
1.140086930863577486e+00
1.172673394210955733e+00
1.378743239803533083e+00
1.639672095309498756e+00
1.354499803271374647e+00
1.529706133445422056e+00
1.349488900908879518e+00
1.398167819879406526e+00
1.426031069688017627e+00
1.182236162334855623e+00
1.103616632951482268e+00
1.468674482727918118e+00
1.486580593744747381e+00
1.665400628187945875e+00
1.365866927953503396e+00
1.305683602820228773e+00
1.163702829457780474e+00
1.427025297738600651e+00
1.633826891053813624e+00
1.326208918505741519e+00
1.354030424497011609e+00
1.538198056323004659e+00
1.259618589292070823e+00
1.437027939243421537e+00
1.641515338377384836e+00
1.293541485147013503e+00
1.574342451613835792e+00
1.692307904945261621e+00
1.216172458629500408e+00
1.510473992088462891e+00
1.338079940216734931e+00
1.398544467949409009e+00
1.322634144933942713e+00
1.611649441169775265e+00
1.615417910457900508e+00
1.173922275040401475e+00
1.064721891651457586e+00
1.523904833198981290e+00
1.200230057609475098e+00
1.435263364815551279e+00
1.692821199437296142e+00
1.492643615540649726e+00
1.319482676005150568e+00
1.276972737198668106e+00
1.510694012235788364e+00
1.143384511380316049e+00
1.166505521024969738e+00
1.424731148467876407e+00
1.637877805319287283e+00
1.243733398684660818e+00
1.306856246368282015e+00
1.477922175874315958e+00
1.218379848515115604e+00
2.077733149172057647e+00
1.419161681130775676e+00
1.225324939000467905e+00
1.478047787506078459e+00
1.393382231742625876e+00
1.385399556910743568e+00
1.431874009979840379e+00
1.311323023846934221e+00
1.055374194217154837e+00
1.410724147263586303e+00
1.431783472804411872e+00
1.555835012293486752e+00
9.517326285061205038e-01
1.190826200679659719e+00
1.372962174516636713e+00
1.189188235975775276e+00
1.340857883401101347e+00
1.281311650274117309e+00
1.564493582960078122e+00
1.667585163067055065e+00
1.855102651478606868e+00
1.077237494726633216e+00
1.488661116044797561e+00
1.702240156477209165e+00
1.466442644407520035e+00
1.327239599786262492e+00
1.190588540169351894e+00
1.570548466404075416e+00
