1.642753874570957340e+00
1.438350370715105742e+00
2.230062959141489998e+00
1.191245088853129186e+00
1.542031609161000016e+00
2.104160281644984476e+00
1.490940466398407827e+00
1.799214377524448016e+00
1.813189728904788689e+00
7.604630208345997122e-01
2.181156181937450533e+00
1.365242283786011424e+00
1.433903852288866076e+00
2.674384274141980100e+00
2.099243732156128583e+00
1.784314662113667405e+00
1.468195802992311672e+00
1.343390876913583165e+00
1.348469531868965232e+00
1.306788033627251489e+00
1.618001143778754036e+00
1.492200162240849171e+00
2.346281856001928290e+00
1.392113626392003312e+00
1.535357365248315675e+00
8.044013943700906166e-01
1.615550458039154869e+00
2.403525230189633710e+00
2.243299671529296990e+00
2.008943680026269440e+00
1.682876807069288994e+00
9.991351542280618725e-01
1.166347054453933829e+00
1.130658738161617549e+00
1.000515733942333396e+00
1.464985057926605716e+00
1.287385346791134255e+00
1.990359100472963494e+00
1.159582688650568905e+00
2.414342194138570541e+00
1.855650117397870780e+00
1.225820517984365310e+00
2.419851108416262608e+00
1.138607787660461668e+00
2.889000649812769606e+00
1.369503858694808507e+00
1.895472392064028400e+00
1.648814007885435640e+00
1.501379574839626141e+00
1.760303739165634429e+00
1.216273795182145401e+00
1.266088057640099240e+00
1.177972426273119932e+00
2.915296791871341497e+00
2.324527840500910436e+00
1.802144382691464042e+00
8.562640724923092916e-01
1.332977988184844920e+00
1.394757581231316212e+00
1.844980682336816669e+00
1.012295987995184721e+00
1.823940162195649251e+00
1.930985721639438601e+00
1.990504165705424988e+00
1.490014675024032620e+00
1.029138547646571533e+00
1.811087418607006727e+00
1.520995519189612066e+00
1.389614420173582721e+00
2.461404569206147919e+00
1.246815332414319855e+00
1.644570438344414631e+00
2.122928312275693230e+00
2.202948916607920804e+00
9.852065454005191070e-01
1.447483794501439824e+00
1.940687557817880826e+00
2.499457878737009420e+00
1.880166391117428670e+00
2.943008763329850730e+00
1.102979534294776576e+00
1.652339364695455171e+00
1.628060091032207390e+00
9.019037971101543372e-01
2.092760195117860711e+00
1.478795518134595532e+00
1.137045483544807833e+00
1.433846368997534926e+00
2.156094450062769230e+00
2.277567298134754559e+00
1.228381000982379900e+00
1.647557331291335858e+00
1.775351186090304845e+00
1.275797231830568146e+00
1.196226274518980892e+00
1.302292550940247651e+00
1.298238987039130876e+00
1.078830450556991449e+00
1.404938248232669107e+00
8.356685533566722279e-01
2.222754601294069321e+00
7.809381991612884821e-01
1.039279455460988100e+00
1.124611931990830538e+00
1.358516806817781974e+00
1.698306202932941655e+00
4.571196161699132787e+00
2.280271826453912354e+00
1.065385189863329085e+00
1.541722069053931499e+00
8.716301174094244208e-01
1.271861359728287066e+00
1.453115182358230006e+00
9.829816818548285928e-01
2.938703737600184329e+00
1.849160440800483807e+00
1.995230466041596040e+00
9.975036339414822262e-01
1.225413683238516072e+00
1.570535303111656233e+00
1.398836708016332864e+00
1.701287338940903560e+00
1.618274666859371269e+00
1.739177352363576956e+00
1.497716564229968794e+00
1.386975155893828138e+00
1.648782832334193316e+00
1.635386665096937753e+00
1.488380821479644789e+00
1.417725835270673418e+00
2.350951503876197446e+00
1.369426926279501355e+00
1.567500779388257603e+00
3.201500521090280493e+00
1.386616202030391154e+00
1.781083321771623318e+00
1.815898315193882562e+00
2.182121356907173571e+00
2.011350094388378640e+00
1.945724206593134831e+00
1.911208493379728646e+00
1.282805863271739177e+00
1.810648191499229398e+00
1.532687554128530083e+00
8.827401362331614987e-01
2.056022599348272362e+00
3.835234651219043833e+00
1.235327960919345713e+00
1.427170597359088466e+00
1.411448313767662555e+00
1.554069854320253352e+00
2.506566270910182137e+00
1.847424341894380317e+00
1.415211797547393902e+00
1.212004730406176511e+00
1.870157242241393680e+00
1.465933346375951629e+00
2.283959597291623567e+00
1.810636948589710693e+00
1.458026606305151684e+00
2.702886469277507420e+00
1.272627326025083994e+00
1.497019534114666373e+00
1.866230330494001333e+00
2.236149066149033526e+00
1.538229174072458072e+00
1.207617224142454537e+00
2.210012254354221106e+00
9.020909574593931612e-01
1.998336656831403380e+00
1.869942473365521218e+00
1.241739886441159735e+00
2.940749083874711456e+00
1.733789464283915116e+00
1.946935173019360921e+00
1.327460012819146717e+00
2.246543244573106612e+00
1.348283442703975821e+00
2.602062428255328186e+00
4.676016676318060838e+00
1.078635391247060094e+00
1.375690396740861132e+00
2.086597609699594624e+00
1.444305056825285760e+00
8.951084500095434215e-01
1.528110799312713208e+00
1.228923369112089325e+00
1.361966844206877747e+00
1.012167543212805443e+00
2.203616404887907443e+00
1.604758224383931120e+00
2.138965544314635370e+00
1.098683611378093117e+00
2.263440920789355548e+00
1.778408725046537020e+00
2.429981417502027341e+00
2.913880694163085483e+00
1.702279526943800692e+00
1.450067551625594753e+00
1.086479587792274382e+00
2.432655176783356410e+00
1.543360843035938901e+00
2.127854518022299857e+00
1.555029508635530133e+00
1.198559666695549808e+00
1.582188001636018582e+00
9.728546339518217012e-01
1.592511837352609927e+00
8.907109740537049181e-01
2.091400537010397631e+00
2.528721709511450033e+00
1.650634466168845904e+00
1.296622380380529016e+00
1.586542169740912334e+00
1.727383921778930853e+00
3.174076042726980074e+00
9.147338422416552151e-01
3.163611513741320991e+00
2.010061740104704064e+00
1.646513512689234293e+00
2.171138376617988808e+00
1.194274311226556584e+00
2.006618108140858059e+00
3.368707507303420723e+00
1.261769233881050001e+00
1.190050132563227114e+00
1.560815669751413504e+00
7.240095362846376004e-01
2.243930769240507050e+00
2.327340147371061985e+00
1.272383127367851863e+00
6.856238754362248278e-01
2.614523063609429876e+00
1.680023551563447626e+00
1.881072517630903995e+00
2.720602222866981279e+00
1.822922526638651730e+00
1.597592588438092820e+00
6.576746128907574596e-01
1.512707555135149429e+00
3.255873806765969825e+00
1.103960491781658337e+00
2.001800716135493818e+00
1.515560790388407408e+00
1.868936433023680177e+00
1.147556550360618655e+00
1.630307114290122650e+00
2.079672195145065405e+00
1.765301191338757958e+00
1.251535270203659067e+00
1.131901609861160063e+00
1.662801647182610809e+00
1.274567739399232291e+00
1.028675178253587674e+00
2.447875746160995902e+00
1.960577079075142004e+00
1.402477535102745865e+00
1.811471515841903912e+00
1.605853396112395748e+00
1.849260256890291165e+00
2.811882687473790110e+00
1.528815973861681998e+00
1.699641322031209434e+00
2.011566931274859193e+00
2.132696880645994497e+00
1.558192615867099562e+00
1.268976640165257574e+00
2.782851962290607162e+00
1.008425930185646413e+00
1.035446952003000298e+00
1.798976271640148283e+00
1.121082577687367188e+00
2.332168512877857758e+00
1.472853363046174202e+00
1.384227276683756891e+00
2.236811699284721122e+00
8.945078403471482531e-01
1.071247657291850119e+00
1.996160244795133210e+00
2.294161284800770861e+00
1.682997360517719532e+00
3.364642870147565468e+00
2.627046737982688729e+00
1.007734059327759724e+00
1.547897034744732503e+00
2.096766855517332218e+00
1.946018212229603472e+00
1.046693055973278996e+00
1.872111409198568444e+00
1.868408572437432413e+00
2.248310578943055305e+00
2.076143042509731806e+00
1.724852671967247897e+00
1.998866376713952731e+00
4.457432647581130780e+00
1.396380791380959607e+00
1.348797093352033460e+00
1.608728081791267028e+00
1.957511610306947425e+00
1.123274013854701270e+00
1.418257436307918784e+00
2.927551276332649444e+00
1.741490029917904137e+00
1.801146660358584617e+00
8.391274900136562742e-01
1.386650287086500954e+00
1.383987437927927555e+00
1.937017683769910015e+00
2.020285980029179917e+00
1.418448528743066150e+00
1.555637822393757697e+00
1.621964552132674653e+00
1.856332300303357830e+00
1.481959722037625049e+00
1.514154752214180277e+00
1.722815362782959214e+00
9.071170567152597730e-01
1.852671369249038413e+00
3.209123118289123777e+00
1.665150903644525782e+00
1.827078561727969008e+00
2.285220162731016469e+00
1.603484781719055174e+00
1.280636121430045238e+00
2.482723210000076453e+00
2.093519571561911707e+00
8.145119064911319207e-01
2.255054896010407095e+00
2.465367352375050558e+00
1.512667168664542761e+00
1.189571687225996710e+00
2.142295343569401211e+00
1.921641496828426776e+00
3.502352511253528089e+00
1.722007833241482322e+00
1.355509487677964087e+00
1.623221525950895971e+00
1.123277858245411043e+00
2.613970479862838925e+00
3.179021690842132042e+00
2.574918544429420475e+00
1.988957187607798272e+00
1.729906816192348540e+00
1.583972946315439501e+00
1.488787873034129738e+00
1.422471129133654699e+00
9.516945381159306327e-01
1.231321358597766480e+00
3.522135823260120535e+00
1.270059004951537673e+00
1.039347711052319267e+00
1.805994145161078146e+00
3.146147853808433315e+00
1.193150886591864968e+00
1.271942942410654309e+00
2.027379814713605288e+00
1.055713910408028422e+00
9.474181262038743334e-01
1.603261062296495565e+00
3.583325393676774162e+00
2.339390289437128789e+00
1.314226301562097854e+00
3.074303867114565936e+00
1.378604565431167606e+00
2.278784184821479375e+00
1.764759656733057236e+00
1.903665907956799686e+00
1.915860974759072466e+00
1.084366683606832193e+00
1.782843548509685849e+00
2.436994934397676005e+00
1.396713744191650841e+00
1.377238850288346361e+00
1.080737070380451081e+00
1.220368664158934857e+00
2.038746144299754537e+00
1.069161817317537011e+00
1.620027655629205476e+00
2.745033756472071484e+00
2.130279713464363400e+00
1.620700133962916123e+00
1.872419954229513239e+00
1.702738441480548870e+00
3.044028070695708355e+00
8.154060547228909606e-01
1.500998551357934696e+00
1.714422634763312692e+00
1.659918017922925593e+00
1.119311623593147953e+00
1.384029292701170810e+00
1.678301963341376934e+00
1.654020581182100047e+00
1.430158373054772225e+00
2.325467746011785408e+00
1.978775134491025600e+00
1.696201130966086490e+00
1.316562691742742874e+00
3.584669164591449242e+00
2.809586339563130863e+00
1.685479002898532697e+00
1.627977594425025432e+00
1.930728711293273836e+00
1.463815923781495165e+00
1.964541795932861268e+00
1.001875003231958328e+00
1.725517771497527386e+00
4.435653900645299963e+00
1.124589365558114951e+00
1.344572252805839252e+00
1.589842936405925000e+00
1.931384783199949995e+00
1.162818212280788632e+00
1.743889838728884811e+00
1.255609989666089721e+00
2.206097125002656867e+00
1.952226426551096017e+00
1.112063192591522087e+00
2.360005716767512585e+00
1.513267497138620632e+00
1.870161970412955732e+00
2.090665169818577418e+00
1.775468737885938175e+00
1.154340743338373443e+00
1.375623569043007199e+00
1.739503447557061877e+00
3.050771483101481607e+00
1.585120760208611035e+00
1.465208584702490047e+00
1.263144406306075940e+00
1.880319869605484806e+00
4.164464599295748748e+00
1.382780864249949504e+00
9.160490301719956818e-01
1.090881824247813103e+00
1.023171741047542938e+00
1.674528044314161024e+00
1.328893550272195023e+00
1.950677619103577065e+00
1.162225512124724913e+00
3.685806872167816994e+00
1.334860450829325140e+00
2.895276636950327553e+00
7.124717939434176417e-01
1.027844944513382597e+00
1.636701452432473891e+00
1.222487987758643202e+00
1.098646472976522626e+00
1.438189572617555978e+00
9.867830213172961162e-01
2.636009921439386616e+00
2.327828911379796750e+00
1.039566970926028455e+00
2.074532072607451649e+00
1.891011307404032449e+00
1.731898045736690595e+00
1.479900712855778178e+00
1.908235719944859188e+00
2.382713495579634522e+00
1.316291586574706018e+00
1.647259764804701598e+00
2.078949231205406978e+00
1.757104121098814975e+00
1.868337253995678404e+00
1.556537176127120059e+00
2.689423338502827221e+00
1.595442966710152621e+00
1.356962845513224547e+00
1.125580062636804657e+00
3.108996642130159582e+00
1.542746038972233835e+00
1.201604775946965686e+00
1.855898718473011133e+00
1.758765641644131517e+00
1.657753340372629669e+00
1.931833759846408594e+00
1.358200463989101880e+00
1.318013200857803602e+00
1.361452257740685123e+00
1.674077235132447328e+00
1.686728965567943161e+00
9.638942093921174514e-01
1.321805354621577111e+00
1.985519067133000526e+00
1.380688820701243769e+00
3.671487690635426127e+00
1.741746705672254869e+00
1.699940544501539197e+00
2.982787599108466026e+00
1.238784097930417216e+00
2.546794504684430471e+00
1.183122448887590217e+00
1.505438373587007383e+00
2.618676352456059675e+00
1.707866431918794170e+00
1.796985833028933444e+00
1.067296018126300927e+00
1.199836177314387964e+00
1.251483665081578600e+00
1.916175556354583254e+00
1.098823108174104002e+00
1.724350184127238839e+00
2.417428803841828344e+00
1.384516698569906445e+00
1.369710627675449377e+00
1.512356551202738375e+00
1.020630196708610660e+00
1.550928366793775437e+00
2.228805865658840979e+00
1.685823407682708108e+00
1.372789904881855705e+00
1.435097408345288317e+00
1.524615718134395115e+00
1.288042258981188182e+00
2.911826717130717057e+00
9.538905169315943233e-01
1.899045386065755903e+00
1.048666457022159992e+00
2.479924395778598800e+00
1.902934356925255477e+00
1.254199499465510126e+00
2.743076204124089479e+00
1.399774353618805645e+00
2.323862352113424734e+00
2.507888652074225622e+00
1.791043113618527860e+00
1.236617336785734267e+00
1.471232418177709445e+00
2.006979976720375092e+00
1.533458406872528768e+00
2.201950988674781229e+00
1.893787135961493728e+00
1.087347375982068209e+00
2.443012886272260431e+00
1.954174704650491368e+00
1.872365214440732561e+00
1.139246070948761735e+00
1.977671124761991583e+00
2.118461850350820797e+00
2.039704088966025175e+00
1.191505681651812365e+00
1.590988713436775281e+00
1.495079397373028085e+00
1.018280888565952225e+00
1.254284722221413295e+00
2.308356085602298435e+00
1.765248334069921210e+00
1.133728671593193571e+00
1.069680998094535207e+00
1.828415043501304460e+00
9.984513448387661860e-01
2.123557158740959849e+00
1.691462524368568809e+00
1.152349000200871609e+00
3.250066996122008778e+00
1.088276493265157852e+00
2.521248361525220805e+00
9.918334863803636159e-01
2.027137885451181898e+00
1.693823382567506419e+00
2.071220924466878888e+00
1.412890231612438985e+00
1.272720398759358273e+00
1.080661972914856328e+00
1.372651986186487427e+00
2.107850949778006910e+00
2.163562746262905900e+00
2.422789473543347505e+00
2.755570752155405589e+00
1.247828778887144940e+00
2.414804412434750969e+00
1.473661479686857012e+00
1.534283191940643443e+00
1.072573074514988845e+00
1.431977810530937534e+00
1.206003415391533773e+00
1.166424392939332533e+00
1.131120207016282464e+00
1.759823285743232990e+00
1.605872160654818304e+00
2.704105501187479277e+00
1.934022535730501202e+00
2.571520714177269795e+00
2.311924769614435160e+00
1.780814522438499470e+00
1.849911959289105123e+00
1.162524400700349902e+00
2.284656778715390413e+00
9.572218224301716205e-01
2.425162224998429039e+00
1.397363384629993321e+00
2.336244574088388593e+00
1.114290904700727225e+00
1.615393603956560176e+00
2.297224420747972840e+00
2.069957991115463969e+00
1.689469143166856480e+00
1.817795232869507949e+00
1.094661967865333096e+00
2.282629492101470259e+00
2.346203481887705777e+00
1.289488571775915693e+00
2.886494804147731852e+00
1.378197431199590151e+00
1.330285875936931594e+00
7.334472759211332349e-01
1.103673886050711150e+00
8.162250570481139889e-01
2.022042868875021604e+00
2.291131050474469522e+00
2.477529513745626577e+00
4.443753485967992134e+00
1.552314406296918081e+00
1.633426515395261402e+00
1.106608387459067533e+00
2.768110208566415764e+00
6.414486238290674214e-01
1.806491416067637967e+00
1.279618542290603012e+00
2.097327237365636421e+00
2.044940650992344899e+00
9.968281754859068533e-01
2.059590268101704869e+00
1.579828383276077330e+00
1.114161631373931982e+00
2.859440496567818624e+00
1.173714160210937996e+00
1.382355153876657639e+00
1.295408876144793719e+00
2.517257766105295058e+00
2.474989596843794271e+00
1.025423469482639183e+00
1.291696449936640789e+00
1.374453478598748113e+00
2.335043409809025583e+00
1.798627579845442748e+00
1.307480739738793973e+00
1.844328920173547770e+00
2.333754159232737546e+00
1.310820641853748469e+00
4.504056330859210533e+00
4.092224689406715576e+00
2.656138866294506240e+00
1.614405634086795605e+00
1.302000228881833088e+00
1.603077730872526585e+00
1.466519618449927842e+00
2.423331586426411999e+00
2.769471566020821562e+00
2.096585078285685189e+00
2.156799645050060388e+00
1.112239893228680110e+00
3.028046984915439666e+00
1.424915424393370378e+00
1.217673907296592306e+00
2.917818003016299677e+00
3.462714933566997111e+00
1.746607484718203596e+00
1.067237488957973657e+00
1.564259243092397611e+00
7.691399008203096965e-01
1.646337788959446602e+00
1.626341514516384867e+00
1.115591785909745282e+00
1.736581737407647541e+00
9.896644273854906526e-01
1.024373687372438946e+00
1.912085826943084932e+00
2.728137535267296965e+00
2.114419661520545279e+00
8.640534982146688137e-01
3.853061415769694076e+00
1.846143166293575444e+00
2.003639151593431755e+00
9.967787292541236965e-01
1.847443086942766266e+00
1.539525783822366156e+00
2.724455799336784168e+00
1.768006731123418662e+00
1.013131791424024319e+00
7.228725653577862120e-01
2.036044187681711026e+00
1.003487360293814135e+00
2.097628424783303025e+00
1.076608217642389009e+00
2.967010782676307912e+00
9.597287275139676499e-01
1.001121157026497954e+00
1.482203920722458657e+00
1.550305605566765665e+00
2.077690517056560271e+00
1.555323325293983983e+00
1.381276341128671037e+00
1.324260441185497017e+00
1.548783545084835289e+00
1.649892191804885888e+00
1.727542936947023877e+00
1.539221353551852634e+00
2.660252224313098157e+00
1.296100777801884929e+00
2.693627180834871737e+00
2.270512490040269782e+00
1.461884842304589371e+00
1.913522419449522172e+00
1.355953033626664750e+00
2.077185854670929643e+00
4.900808659687363900e+00
1.850593811922032872e+00
1.159018965249074551e+00
1.331216885336779177e+00
1.756988264273537492e+00
1.709866250105875007e+00
1.155665709671039210e+00
1.190574505797499461e+00
1.962254861918551807e+00
1.062042428857943532e+00
1.554600431551663497e+00
2.036906572772576585e+00
1.456753326242753888e+00
2.248272908427996430e+00
3.323115967601411924e+00
2.579987707803792940e+00
1.936722852948316254e+00
1.216651166975946996e+00
9.280235945874069081e-01
1.713532540749445721e+00
1.430633630009615631e+00
1.664219885898470919e+00
1.764450277845241555e+00
1.047438660759846929e+00
1.946643540018592855e+00
2.011660149360574579e+00
1.712107296117775235e+00
1.488828476109625099e+00
3.339938566657947749e+00
8.016793655958213138e-01
8.991528132910995286e-01
1.549349421906157431e+00
1.718543500425413040e+00
8.673233694014728101e-01
1.195291199170856800e+00
1.826457884490869432e+00
1.885728642235163344e+00
1.268573320577390362e+00
1.483755916228676197e+00
1.077032731570858548e+00
1.178087152294261530e+00
2.210857805136980492e+00
2.288488500660792457e+00
2.003087082464835245e+00
1.528680408257720336e+00
1.099542929405463942e+00
1.653734444884441768e+00
1.181015592984810292e+00
1.059418941988881757e+00
2.036571969904082291e+00
1.565026294075070767e+00
1.294511359513682347e+00
5.024089974226163768e+00
3.142466057982914229e+00
1.473292793120078992e+00
7.412115891079351648e-01
8.578737316218217890e-01
2.007365603508024954e+00
2.686847511745099393e+00
2.471532695922331158e+00
1.397724695103425674e+00
1.081053250385307196e+00
1.101786259637755006e+00
2.660133580507731299e+00
2.052286799763021641e+00
3.013764500503184340e+00
1.037182503479325169e+00
1.533410001054150928e+00
2.327877587213444954e+00
2.732661574713007191e+00
2.824399956595990968e+00
1.770192226221285026e+00
1.072094555394346616e+00
8.690820103189537127e-01
2.704525318327946959e+00
3.887632944040216199e+00
2.864441620524589727e+00
1.846350351395975586e+00
1.694650762377292841e+00
1.766219374084094795e+00
1.226404523674522240e+00
2.647820083362177002e+00
2.357962855939775171e+00
2.525374392954838676e+00
2.009011117247996747e+00
1.955561783604348181e+00
1.702441034817178345e+00
1.836942327081897863e+00
1.735775327373590082e+00
3.293601249738075332e+00
1.278641092113480537e+00
1.596625089112560181e+00
1.188485926022838202e+00
1.519721714058333006e+00
3.029064887286589958e+00
3.727105429628159161e+00
1.325895414728456956e+00
1.525430765963506907e+00
1.571633404636066045e+00
1.196961904361181439e+00
1.082405047644382501e+00
1.766459304164545996e+00
1.016752885808572371e+00
1.242438972822978105e+00
1.106994253519658411e+00
1.896486586563982613e+00
1.271376452589519257e+00
9.318511358274124134e-01
2.692078291352500763e+00
1.454148756731091341e+00
1.262175704024141920e+00
1.185989991803148902e+00
1.585117036451722417e+00
1.145712317440718664e+00
1.052123394305151782e+00
1.010854196050581466e+00
1.638998680866810664e+00
1.831441283712866852e+00
2.209839989784943892e+00
1.879395741304996648e+00
1.050765818914278116e+00
1.224201580650996712e+00
3.030910079795977818e+00
2.213360560382014786e+00
1.623237922639412023e+00
1.479494639750374096e+00
1.456898197344367318e+00
1.203774221305820902e+00
1.729943368339506016e+00
1.056047812194249369e+00
1.968862428384527963e+00
2.076284886777727490e+00
2.133801891810451767e+00
1.581731090069019574e+00
1.892677733307018606e+00
1.247664995390754150e+00
1.885211070080422768e+00
1.263940862287360023e+00
1.683934102186084525e+00
1.702534990322990271e+00
8.542777740808982223e-01
1.491013259030612881e+00
9.005515050970034352e-01
1.603940028477810475e+00
1.818105126702885599e+00
3.776753412819538358e+00
1.127765238902317391e+00
2.266949281550290518e+00
1.333823881595888716e+00
4.445126092359012127e+00
2.538069645403085772e+00
1.508372482724008590e+00
1.125177982379629960e+00
1.186668477580852699e+00
9.273733476316123880e-01
1.100150365350503590e+00
1.946822387943942578e+00
1.974911293912352983e+00
1.316099368818889559e+00
1.482381626439391642e+00
1.257893271989817041e+00
2.010018355945610402e+00
1.556904291608740776e+00
1.282993346424236458e+00
1.046857417665058909e+00
1.305836280773555291e+00
1.707772936631851479e+00
1.068411842767559072e+00
9.278038392709478943e-01
2.246728824649200984e+00
1.201616500301460277e+00
2.653759727725522932e+00
3.219511708594635646e+00
1.935475354973284601e+00
1.302480699375833550e+00
2.360762280717264350e+00
1.709891752851106173e+00
1.697509486391337363e+00
8.011698356273231347e-01
3.382951154158041263e+00
1.252751073799217130e+00
1.136768629753822202e+00
2.161856701354660792e+00
1.379871646225208526e+00
8.523832990627597805e-01
3.691914475799636719e+00
2.813656375285516376e+00
2.630777397186013555e+00
2.197990255456356401e+00
1.998261748371261692e+00
7.202874682895098468e-01
2.208294278749356465e+00
1.567406300869337299e+00
1.694865854395911642e+00
1.181470452300858787e+00
2.564597200569672886e+00
2.332281599664072669e+00
1.426807317927875074e+00
8.979649620202987403e-01
1.397618865462570747e+00
1.033847921977932849e+00
1.873549437271587736e+00
1.595305266836521518e+00
1.902370677904191343e+00
5.122382875345483200e+00
1.792949865631121797e+00
7.302771660057573166e-01
9.040054397837362643e-01
9.461231149834644638e-01
1.696663236100554695e+00
1.796389951560520171e+00
1.635629837760269378e+00
1.700133871363094684e+00
1.124060461473223915e+00
2.908824526387784992e+00
1.305267789180186044e+00
1.451964599551823998e+00
1.697862854626427387e+00
8.770242135636509007e-01
1.060481865147802072e+00
1.167693327775237488e+00
1.234005341686102764e+00
1.140267223680751396e+00
2.701470553785090267e+00
1.393428747425824676e+00
1.734947049545989328e+00
1.513307028767631790e+00
1.778105769436717498e+00
1.297681708889002250e+00
2.083965210951999492e+00
1.893414538801691860e+00
1.480822854309334691e+00
1.973632243519976459e+00
2.710620096073181440e+00
1.928762089926900236e+00
1.714859683388012535e+00
1.611257642840554949e+00
1.134325267115005254e+00
1.402480015737120667e+00
1.214554927010301544e+00
1.338223579504288274e+00
9.344536817804662832e-01
2.508222298418900209e+00
1.000660775554315318e+00
1.634852129287115208e+00
1.757381260050635108e+00
2.822241936543757657e+00
2.286514038380199398e+00
1.684894832870040382e+00
1.197183001942744074e+00
2.004814784757775303e+00
1.289299330822759826e+00
1.681622584918661900e+00
2.420556125636209366e+00
1.112696128548350982e+00
1.272044073339974046e+00
2.025558386766206809e+00
6.514046884369321111e-01
1.100083051214130636e+00
1.858562639150071139e+00
1.527630808199520462e+00
9.462607098923813131e-01
2.200735793900990611e+00
1.642319329029134245e+00
1.427675385521622875e+00
1.575707226618693113e+00
1.814680097153272609e+00
1.552296434240008960e+00
1.653900330755794235e+00
2.494322369890990210e+00
1.446401175417587615e+00
7.102592310965163414e-01
1.210447226293285272e+00
1.440624860911126737e+00
1.207805100349521155e+00
1.372940658946412151e+00
2.238282985994521912e+00
1.391757521878192350e+00
1.588550685779605676e+00
1.152767053765205052e+00
1.691688732555106656e+00
1.151452277686072057e+00
9.979916759975712148e-01
1.802190433004642323e+00
1.302058161541843395e+00
2.193994919745087646e+00
2.533305925604204312e+00
1.892680062174936229e+00
3.379877649288896446e+00
1.134653971962994889e+00
1.803822651457846593e+00
1.225831125125135479e+00
1.366522056151682207e+00
1.265953351161228202e+00
1.196491073576172903e+00
