2.897091630896538206e+00
7.785773676625855622e-01
1.279026289127403126e+00
8.440102767614361401e-01
2.129171243812089109e+00
1.751393043946211536e+00
1.456031258443633458e+00
1.053729168361668966e+00
2.291830544848809215e+00
1.695670785042578066e+00
8.075446471398611825e-01
4.192651745815089370e+00
2.328484060144996981e+00
1.590111933927674581e+00
2.017944452218165985e+00
1.450532901366227145e+00
1.803743458440777880e+00
3.355913018073483745e+00
6.331493226223661175e-01
1.097794132826708458e+00
1.308157203681586278e+00
1.535382781708674704e+00
1.297902505433100817e+00
2.863483955434812600e+00
2.514223488905106496e+00
1.338470346342165884e+00
1.497355349827751203e+00
1.210120471841963363e+00
1.680298475010860049e+00
1.948217897948349320e+00
7.816878078265478980e-01
9.081326977952338675e-01
1.576396198435883633e+00
2.258177713461247738e+00
2.402439769366314870e+00
1.289529848809334078e+00
1.968711840627070053e+00
1.384198979173668409e+00
1.518707720498384761e+00
1.452287219590599365e+00
1.670888897743104451e+00
1.475237256690288712e+00
1.351204242313623238e+00
1.590049358212370922e+00
2.705410048236153830e+00
1.393930487800608464e+00
1.720455239549442128e+00
1.982876543606400643e+00
1.168311743993154517e+00
1.087408065651869427e+00
1.389492818364602478e+00
2.582074827802232520e+00
2.331094363249390344e+00
1.701070734293792963e+00
8.606734246753123818e-01
4.149045926916616445e+00
1.674183055300336731e+00
1.497159549713481974e+00
1.154600803321829794e+00
2.042768961094520108e+00
1.883600850869389776e+00
5.593519745233254126e-01
1.123548220425605981e+00
1.818459099456217976e+00
2.438097425640075588e+00
8.670592757275357165e-01
1.337017837764299388e+00
2.092084427633838839e+00
1.061444941957859767e+00
1.561455547047380321e+00
1.130566117163910755e+00
1.636478312526268963e+00
8.848637079322017041e-01
2.689995601505800860e+00
1.588616220207532237e+00
2.033902247678699649e+00
2.204274450676385833e+00
7.627924627395025192e-01
1.027231546550516184e+00
1.261288766883332135e+00
2.043774065065335321e+00
1.208019836644792067e+00
2.022659297007842305e+00
1.704679640146114838e+00
2.279875663286056842e+00
1.748503118437689130e+00
1.404758767456315338e+00
1.342535862953647241e+00
2.208487610940070400e+00
2.015979195918195188e+00
9.973010836963822623e-01
1.331504020928369059e+00
9.160104013930667755e-01
2.084590912123462036e+00
1.223836839715035207e+00
1.177434984774386795e+00
3.427684790960660255e+00
1.350897657907691674e+00
1.201025693607755906e+00
1.851278685136302116e+00
1.501760423762707797e+00
1.407311893879228837e+00
2.074559961783898565e+00
8.955050400231548968e-01
1.030085957524415674e+00
1.438543671878411034e+00
1.475625173535266343e+00
2.475673697427597020e+00
1.537728566396393770e+00
1.918202139088176716e+00
2.921982976865421744e+00
2.140952142905947042e+00
1.609631133422264604e+00
1.821250353788937959e+00
2.775680650509605663e+00
1.287194300897052557e+00
1.936903400296848377e+00
1.079964958833379729e+00
1.102256093839475870e+00
8.654138082876393634e-01
1.503173361443119083e+00
2.744557586233493662e+00
2.486126529695606102e+00
2.129892060330881520e+00
1.448660940355166238e+00
1.640862053690925526e+00
9.911563564400082127e-01
3.806688438641484318e+00
1.018631713951631435e+00
8.809032508197769396e-01
9.175399494646897525e-01
2.075566734876458153e+00
1.246696936562955660e+00
1.193223346437993992e+00
1.690452972806750553e+00
1.536158011830812686e+00
1.485464170021427055e+00
1.056417935265546282e+00
2.072840184883112613e+00
1.260222108473548985e+00
1.003131477376939085e+00
1.428885134765413678e+00
2.604963428614003096e+00
2.203033059434457375e+00
1.133505765825908007e+00
3.105976230577099706e+00
1.162823425246069409e+00
2.181031684785949665e+00
1.360697035075396855e+00
1.117137200057148894e+00
9.074735982348894892e-01
1.612563357457578173e+00
1.927831505263964074e+00
3.234262609092275031e+00
1.061219275197177181e+00
1.609784449627151837e+00
1.602780583849119367e+00
1.424901763864655502e+00
2.392772696960418610e+00
1.373179619862640699e+00
2.711600830205544099e+00
8.242678286688803757e-01
1.190622096214391856e+00
1.324499630688493079e+00
2.300028420758625902e+00
1.218988982149734612e+00
3.415523331647955185e+00
1.615057934294504616e+00
2.632071880479489590e+00
1.534794391631187027e+00
1.868427852564968017e+00
1.117316434796871816e+00
2.503113225255912067e+00
1.269046947210841658e+00
1.562153019995401904e+00
1.695221360844197056e+00
3.354162907863481369e+00
1.646708141358153465e+00
2.302113052779147129e+00
1.955278572316220931e+00
2.062496560261825707e+00
1.162421807579126609e+00
8.735522967401833094e-01
2.976836987197904350e+00
1.815183121240522279e+00
1.724428619866716694e+00
1.400633019166705795e+00
2.403986764157526768e+00
1.605571837009452274e+00
1.134118210626607448e+00
2.580575473285235955e+00
1.097072285682524129e+00
2.734374765392689088e+00
1.853422350215062853e+00
1.138301086293367126e+00
1.018651299429039314e+00
1.309205523552836148e+00
1.525171269365813709e+00
2.013369848278757868e+00
1.987800481818730258e+00
1.451868985625798247e+00
1.396253518724624998e+00
2.168946428298040185e+00
1.881458542986595317e+00
2.228702286758022399e+00
1.577425044706991075e+00
1.099574647225780355e+00
2.670578974071653899e+00
1.435748710307931164e+00
1.322547110036912610e+00
1.035061763131169377e+00
1.793893658351049192e+00
1.570075734414184687e+00
1.426303927605779398e+00
3.339559528753164752e+00
1.593345869172258844e+00
1.859928224927711593e+00
2.809505607967690999e+00
9.786622007355195718e-01
1.473278374947258218e+00
1.212535129120928090e+00
1.581120647464210105e+00
3.287705553946709269e+00
1.359100707211241099e+00
1.316537406552382272e+00
3.208531124301127413e+00
2.447477076138892205e+00
1.415957353443540789e+00
1.525513597435605551e+00
1.457254713774763344e+00
2.079184977292948933e+00
2.068118349789563659e+00
2.354640487099200374e+00
4.547636834658690397e+00
2.074696239616564242e+00
7.791702050352090625e-01
1.753273814001606201e+00
1.267042607692910661e+00
2.275439780488426322e+00
1.200814130505224675e+00
2.445710385547521071e+00
1.955011457190044100e+00
1.788181719362550659e+00
1.708229140541884350e+00
1.126782572317712949e+00
1.500576027751170605e+00
1.897627343920421872e+00
2.614307126871807441e+00
1.457808870334197371e+00
1.310170209321180446e+00
1.911155401222947026e+00
1.464404283220356540e+00
9.299174822820737152e-01
8.908826056273573268e-01
1.097166312591393522e+00
2.125033588086417957e+00
1.837315216699065390e+00
1.672752493755597314e+00
7.054466207711029835e-01
9.710241224878397581e-01
1.738297908321860819e+00
1.306176357559642343e+00
1.791740523996660395e+00
1.993166280592210793e+00
1.953118012125893088e+00
2.878659625273222389e+00
3.141289378721177972e+00
1.290641893104840898e+00
1.755390398641159866e+00
9.763078505483985259e-01
1.424653671167516844e+00
1.361167049449180544e+00
1.107425720238411682e+00
2.506027988093600722e+00
1.259951559591022452e+00
8.718237207631077679e-01
1.193064125037283096e+00
1.255769285183778505e+00
1.222185976991449818e+00
1.136264600232180122e+00
3.160658441524107687e+00
1.695037812121589216e+00
1.415604187848611861e+00
1.635808998935499359e+00
8.573518285120010907e-01
1.141054714668005676e+00
8.825960781933999133e-01
1.710556962685799931e+00
1.434105215186946225e+00
1.276306155918460972e+00
1.046943078699832164e+00
1.486926045833104615e+00
1.480003782067027318e+00
1.128768394258886643e+00
1.047283300171425457e+00
8.515074626812779712e-01
9.575989162807780897e-01
1.240794461839279883e+00
3.497846440779915245e+00
1.644324766285102379e+00
1.603749038347462630e+00
1.041172774851712113e+00
1.456975564091229858e+00
1.305513620852149170e+00
1.692935749446897065e+00
2.215329104727985943e+00
1.056606667769934393e+00
3.115483946688082373e+00
2.826642717049065556e+00
1.546585797546165209e+00
3.685981733033567576e+00
7.049778390989945853e-01
1.679008832930159567e+00
1.594884346544186648e+00
3.297640159580138786e+00
1.471482637106195979e+00
1.656855739040732356e+00
1.385141826431889767e+00
2.197365670548785399e+00
8.447004542620208944e-01
2.302841878842242895e+00
1.175846340397295853e+00
2.039226063588735371e+00
1.268721251783957893e+00
2.889844475099772492e+00
1.062318897310292831e+00
2.218983236845129436e+00
1.090131437950173199e+00
1.512794569193546268e+00
1.066062507843153373e+00
1.453951663251809023e+00
3.091876710837021758e+00
1.705280918594688222e+00
1.085083206679438250e+00
8.925775918154063016e-01
1.534640907575033797e+00
2.180996267882989059e+00
2.232939587465662790e+00
8.774110360929880947e-01
1.447045393918394929e+00
3.717131688428409131e+00
2.107220873869011246e+00
1.391063363685905996e+00
1.721438881986729896e+00
2.152978710165917686e+00
2.112602388313173041e+00
1.581901844418097891e+00
1.010354689194903344e+00
3.062053385311844789e+00
1.774334164565688710e+00
2.439198383280232196e+00
1.712289469165165112e+00
1.131051697286423074e+00
1.078550245027534604e+00
1.588136548571151607e+00
2.613618808777415481e+00
2.427853395860011698e+00
2.006805483836925585e+00
1.335274999865539547e+00
1.672532956818882699e+00
3.533026157919829213e+00
1.947670775738721494e+00
2.175931613120634545e+00
2.409202196303311450e+00
7.166128952412925690e-01
1.167969818158075102e+00
4.300008239187401493e+00
3.199044170196679637e+00
1.041093989022864097e+00
1.967199675234740264e+00
2.228181415383413189e+00
1.187208192750543123e+00
1.298297092928229146e+00
1.403051334998852706e+00
2.602132080942529235e+00
2.164620772051052633e+00
1.552072784540417860e+00
1.562156450472796498e+00
1.316864317029647902e+00
8.442858162009613254e-01
2.980171322633197395e+00
2.917223334574814864e+00
1.323907395129946263e+00
1.927853131612949467e+00
2.771379913589487209e+00
1.129120002584830029e+00
1.661926103320244597e+00
9.975439927308953347e-01
2.299994287791303105e+00
1.126888084214932473e+00
1.812187799485061923e+00
2.335683172098395044e+00
2.951776385458765972e+00
2.146508023216683991e+00
1.482760101134121600e+00
5.131081338749451604e+00
2.800458659152882390e+00
2.343478655523816290e+00
1.714919473352372714e+00
2.106159465803834951e+00
2.017907606268520837e+00
2.810622402186675917e+00
1.311983124253985666e+00
1.254193157665344005e+00
2.401998309071130322e+00
2.310878085605109877e+00
1.351256170259759859e+00
1.692540857126646259e+00
1.709503059280647053e+00
1.091880856289048074e+00
1.666761434115051177e+00
1.380659558839921530e+00
1.870421950390751986e+00
2.039716033772521087e+00
2.517653918050837270e+00
9.436321666883955572e-01
2.660602114422493614e+00
2.237445883104532296e+00
1.798950855586732844e+00
1.052894236609355216e+00
1.485177178523902741e+00
1.752134526664273162e+00
2.905284579732642758e+00
1.746646772859998586e+00
2.472472179097907841e+00
1.465153627358277033e+00
2.001323404837778153e+00
1.180883403374761720e+00
1.321792902658989188e+00
8.736507969990026101e-01
1.997256377916262204e+00
1.679537359680372210e+00
1.654669084023258296e+00
1.764222276855837102e+00
9.234683678548559760e-01
1.760921056797000395e+00
1.809162971621411931e+00
1.435903747635625338e+00
3.139246607333207262e+00
3.401242784465607460e+00
2.648850327236817570e+00
1.690446938676666955e+00
1.417546853880710778e+00
1.561492830968784551e+00
4.427791419426850617e+00
1.892209611535437430e+00
1.512870914503050779e+00
1.805135737121993378e+00
1.177002354626415670e+00
1.330901608752914411e+00
8.123437623479703440e-01
2.169752819843756342e+00
1.451278127349517444e+00
9.544246471118845720e-01
1.064614792979688751e+00
1.517570722926555371e+00
1.255683403411192556e+00
3.256332683557189078e+00
1.346699259797141446e+00
5.703129072777468611e-01
1.780471259976833087e+00
1.461612819510289984e+00
1.533337026061554198e+00
1.850133283855973421e+00
3.391308342266261544e+00
1.784602891786612133e+00
2.911019116412210561e+00
8.667944571742073334e-01
1.888389715855035123e+00
1.724419593194096878e+00
1.307915286829768320e+00
1.314829813397113467e+00
2.550237848610294122e+00
1.407270803311839513e+00
1.664913350460128783e+00
1.943225475049882300e+00
1.531439792365214547e+00
1.049528062303366482e+00
2.480550948038180881e+00
1.730952423710367727e+00
1.431687258954780662e+00
2.031923419433112610e+00
9.080033588128471056e-01
1.064995890343097384e+00
2.662057082122960772e+00
2.329583643327524989e+00
1.208514725504981957e+00
1.831894465670116379e+00
7.887622753909775408e-01
7.556750193880669153e-01
2.590013182861677699e+00
1.314022751322096338e+00
2.560674933691179600e+00
8.750540375438367047e-01
1.461086204399384192e+00
9.934437540375243847e-01
2.138466818146500081e+00
1.770388520307796698e+00
1.325487390900357054e+00
1.508106337112226525e+00
1.821362530182508710e+00
1.148861900014171100e+00
4.286045933768815708e+00
1.202837838340407028e+00
2.189277407024390776e+00
1.236541036247047920e+00
1.662313982466908424e+00
1.496989114707952595e+00
1.797748243277659475e+00
1.027770868393582893e+00
2.461849345318191329e+00
1.276790374245161841e+00
2.619899965092809424e+00
1.414523253407988568e+00
1.034488126735891189e+00
2.593250249268072238e+00
3.078842817160594159e+00
1.569829924187752246e+00
3.394599697518366099e+00
1.950148139543508963e+00
9.494725797425679348e-01
1.068738079110736594e+00
1.050917006304984413e+00
1.246731242996138134e+00
1.093997822977641921e+00
2.479324293601219864e+00
1.052683303855407981e+00
1.235269911836889500e+00
2.579956374093195226e+00
1.516301122998595652e+00
1.639126197175751365e+00
1.398138246302152110e+00
2.138454298337693515e+00
3.391344206849900900e+00
1.686199059534888356e+00
2.278161322776605768e+00
1.812399470602805041e+00
3.842383900930411489e+00
1.211886127262217894e+00
1.365560343060766346e+00
3.060292407516263413e+00
1.243478003272377785e+00
2.772022354475707662e+00
1.506445174043738788e+00
3.091447435481880390e+00
1.253294476315792272e+00
1.973054566651800235e+00
2.157559613628919681e+00
1.749553106680904024e+00
1.965549944179326713e+00
2.324401700140535265e+00
1.749823729257876215e+00
1.507373970728952850e+00
1.722400360003950803e+00
1.290623201720339175e+00
1.040017420483430932e+00
2.754392435093430791e+00
2.456414940640653910e+00
1.771064545857802708e+00
1.931847987935341626e+00
1.090384471199892014e+00
1.464783787433759032e+00
3.547712790543934958e+00
1.861176092674909022e+00
1.291667842934245858e+00
1.929157589635044801e+00
1.378481056647970826e+00
1.830483579584874176e+00
1.855806676832528090e+00
1.431995490049463138e+00
2.301563071601874899e+00
6.097646265235429075e-01
1.482307883598705800e+00
2.937213598289231786e+00
1.358380086115056784e+00
1.713271880055580620e+00
1.790088266781191928e+00
1.632367359461428302e+00
2.143722428257254453e+00
1.342931745534811316e+00
3.800074327745793124e+00
1.472587301908713675e+00
3.251982621727675493e+00
1.090635260589756239e+00
1.513074375028667706e+00
2.236074676059168542e+00
1.992780556576073003e+00
7.512329210437924676e-01
1.745811348959722009e+00
2.144071643367757574e+00
1.273225989798958402e+00
2.476602368573975976e+00
1.088207251645620710e+00
2.022404602604142898e+00
1.982809342674048514e+00
1.688544411930486877e+00
3.035871980348756605e+00
1.527587421586199312e+00
2.334319548811493394e+00
1.320957237565884679e+00
1.313902512298477321e+00
1.860513324490052689e+00
1.116251140333445857e+00
1.418761088765767120e+00
1.321252191896776784e+00
1.195618907953379662e+00
1.743153847229411468e+00
1.959844982076239139e+00
2.018867014952367533e+00
1.754373800383589810e+00
9.042460026803038620e-01
1.903739584889361014e+00
2.264020296825119516e+00
9.283834604295783111e-01
8.373449119084636072e-01
2.407833536977190381e+00
1.756282909703855033e+00
1.923597858821554762e+00
1.727308289527016649e+00
1.417850927859251264e+00
2.418642869149671970e+00
1.745407078250684973e+00
1.405755812178242969e+00
6.801400783799826932e-01
1.919986352631795956e+00
1.185444719642767986e+00
1.533948669033560419e+00
1.692332573833014830e+00
3.873380211088785163e+00
1.384685609549656249e+00
1.386062402050141973e+00
1.335565767592612474e+00
2.888157229428649053e+00
1.614421986034426659e+00
2.053492015667148340e+00
2.854792103422202132e+00
3.135519913082506438e+00
3.230732922143736197e+00
1.048810062616666761e+00
2.371436244944021610e+00
1.786446995778873559e+00
7.930439337890713425e-01
2.734711716333758424e+00
3.122583445228233057e+00
2.043573828997584219e+00
1.553330838905905509e+00
2.919729402944585051e+00
1.078173974249781564e+00
5.342397073274178787e-01
2.224810883802767592e+00
1.047232940969220927e+00
2.838075665585333862e+00
2.146025962320949887e+00
1.807992878955724247e+00
2.603895425659902063e+00
1.649978282790230066e+00
1.288387847910865469e+00
1.224214582944409324e+00
2.471735923886025699e+00
1.075721169376555597e+00
1.090567042490570238e+00
1.578753712491322236e+00
1.924361087159363271e+00
2.121058762589289159e+00
1.702977260320737152e+00
1.928813321561972272e+00
3.023213502928854268e+00
1.455001488761906048e+00
2.507296910170172755e+00
9.785703318986294086e-01
1.282369603512695688e+00
2.139333778992000834e+00
1.611630961673787610e+00
2.451493589575663101e+00
1.972557960703292146e+00
1.462140443108693733e+00
2.230257647442479563e+00
1.845424553868666884e+00
2.436888037338170498e+00
1.927511543599686794e+00
1.415689767889707351e+00
1.669745542114806858e+00
2.380948401401077774e+00
8.885596230443456589e-01
2.287136252470372444e+00
4.703071485827528875e+00
1.736278148838259927e+00
9.574214633919978512e-01
9.154029458250241280e-01
1.974134263183739302e+00
8.781685219736754533e-01
9.680885323002251797e-01
2.148501458517400042e+00
1.228051595589028100e+00
1.700801005791827913e+00
1.638759220999214561e+00
1.816846922543845722e+00
1.390371675612388280e+00
1.186005208397186594e+00
1.572958890137310606e+00
1.273306133239285654e+00
1.474541483676835574e+00
3.028025529120561554e+00
2.917328058217728337e+00
1.586812854195932321e+00
1.232183697318618876e+00
2.144257730252198346e+00
1.245425016492389680e+00
4.642345295065595678e+00
8.772959466726318878e-01
1.866119393046189012e+00
2.722356921186056766e+00
2.656723797777831297e+00
3.059515178247707468e+00
1.161176773248324023e+00
1.411351891524789126e+00
9.870443361147488437e-01
1.942469458759598311e+00
1.375467771728411615e+00
2.337799132101142874e+00
1.367415954382431131e+00
1.826071023983345532e+00
2.075500599828915327e+00
9.672966384268715245e-01
1.707248709911218132e+00
1.317711676453513059e+00
1.448801778551751074e+00
1.840870426637276625e+00
3.440032503969086441e+00
2.129536220919991063e+00
1.100801666644454002e+00
4.096011507979261168e+00
1.772963696165580805e+00
1.532373501229863377e+00
1.857037080943821250e+00
2.155516721538047076e+00
1.375174884949631471e+00
2.050204239601013612e+00
2.007269047724311140e+00
4.428574888601345627e+00
1.309959928717528976e+00
4.945210230114761352e+00
1.141123287252846286e+00
2.361522042172342850e+00
1.839276555317660433e+00
1.398881683950689903e+00
1.312171924728817940e+00
2.101947463241805369e+00
3.332952965040618221e+00
3.153684985019546083e+00
1.608082584450877484e+00
1.132702488824977483e+00
1.670301435925418243e+00
1.978828573738669050e+00
1.393131819321159259e+00
1.755918121444030033e+00
2.007163808658074533e+00
1.415531533727258040e+00
1.602895157392728587e+00
1.423867811968343444e+00
1.247590036582412409e+00
1.716216743525438959e+00
8.639219823003712051e-01
1.729466989177391278e+00
2.252646609781755682e+00
1.311114511466672683e+00
2.543627327789525161e+00
2.963554874841583864e+00
1.531122055572057938e+00
1.043797208793302955e+00
1.763043620127394018e+00
8.652417259593285781e-01
1.538404237825525156e+00
1.170093348697705871e+00
1.407566861211522191e+00
1.480096310699674511e+00
1.986497302719907321e+00
3.078813796149239668e+00
6.186104708874578861e+00
1.464593897703473147e+00
2.660240173934026231e+00
1.868728465687365503e+00
1.210337216733187837e+00
2.015649680647937370e+00
3.371685397506579918e+00
2.060338987051228532e+00
2.762404035584584694e+00
1.523592331312563219e+00
1.520925419855829963e+00
4.183037412305726122e+00
2.908743321295180095e+00
2.354568902639498251e+00
1.606277516487042645e+00
1.496824861087671321e+00
2.039960293609627939e+00
1.434055704205307924e+00
1.060051354422286707e+00
2.715123902095201380e+00
1.169672224662620552e+00
3.615079546102167640e+00
2.083667349800963464e+00
1.919764081797953770e+00
1.443818600021595344e+00
2.479123571637920076e+00
1.415025058080292331e+00
2.437993965646799044e+00
1.281978530619291456e+00
1.485549626131880796e+00
1.611361428631558068e+00
2.298386229853542684e+00
1.521017991011060611e+00
1.379362372962690930e+00
1.852891774616420184e+00
1.408901806852968841e+00
1.112924286927864381e+00
1.735745143626344023e+00
1.794543782602001203e+00
1.327157773247775507e+00
1.445309173943911674e+00
1.189485748259319076e+00
1.866190293765151331e+00
1.366668536541173040e+00
2.639637738000163214e+00
8.649881612729247715e-01
2.718156285639615533e+00
2.779170835485967217e+00
2.994739808547834059e+00
1.521024256254935869e+00
1.530142765494656221e+00
1.188490553978969633e+00
2.178750537411700439e+00
2.896055431411441727e+00
1.978307073117885118e+00
8.150771630750274221e-01
1.861872184805977382e+00
1.205527671535402856e+00
1.074827864196790772e+00
1.761497588027252981e+00
1.059497027189170160e+00
5.241804297171136717e+00
1.134121870114279673e+00
1.210379363832814192e+00
6.743246315214984632e-01
2.371606902045484855e+00
1.890218729948535126e+00
6.746768723730824924e-01
1.023071671544129257e+00
1.474030128560715358e+00
1.697644378276644606e+00
1.956923016235660340e+00
2.485469657631024454e+00
1.046282346791516105e+00
1.475142989049146980e+00
3.109443461685244436e+00
3.598308738072929280e+00
1.479910560581555012e+00
1.144643039852554001e+00
1.436602663195513552e+00
2.529972120880658260e+00
2.706168936778129641e+00
1.337038433487625078e+00
1.595961053047233902e+00
1.031022346141110102e+00
1.862712239328666586e+00
1.651251437314698478e+00
9.956943810634824032e-01
1.723358744788165531e+00
1.572981849897541418e+00
1.490851347369009927e+00
1.564973788704240754e+00
1.163456113540693337e+00
5.223540321312537316e+00
1.752252869237502342e+00
1.468564483202968285e+00
1.131291974269111655e+00
2.161969064546083175e+00
1.321135345482204126e+00
1.555648304562504913e+00
1.006003257731572509e+00
1.459195853507312624e+00
1.393138564777629318e+00
1.970539334602438020e+00
1.159855635010533792e+00
1.632141480749402573e+00
1.483759022556123242e+00
1.347747444489712398e+00
2.000786009740930460e+00
1.824940719009674250e+00
1.598972735305101311e+00
1.633743461234586913e+00
1.308001876462362878e+00
1.555620164728592769e+00
3.164138911937119492e+00
3.633427297949505697e+00
1.624922366115719941e+00
1.214249434278946271e+00
8.990132124649370393e-01
1.883854424802045679e+00
1.368768775805103921e+00
1.568164084220863064e+00
1.398619678574748004e+00
2.152342419882135260e+00
2.395663594666220586e+00
1.677163140572875077e+00
2.249873722685621136e+00
2.722778307567864431e+00
1.535962248930465401e+00
3.583977278599655314e+00
2.250100417102534944e+00
1.106304180988417096e+00
2.578579497000269782e+00
1.391060356928723429e+00
1.426464128534842946e+00
1.096754642628188225e+00
2.100200217772834499e+00
1.836467267894577038e+00
1.421994387675914462e+00
1.646633386721265024e+00
1.757577135631347209e+00
8.941679929526660242e-01
1.902376173309029861e+00
1.587081458075052520e+00
2.923083203465532076e+00
1.326285649370411379e+00
2.813401685289093290e+00
1.481647127210014458e+00
1.616523802061182291e+00
1.008475987762557091e+00
1.907092263851936531e+00
2.017031793213628799e+00
1.109087425481198430e+00
1.392212937030108399e+00
1.262169823299584603e+00
9.636031635707376086e-01
2.646961189206792131e+00
1.415471910773931974e+00
1.402911181466138801e+00
2.009295478475655372e+00
2.583422287117262961e+00
1.654351606718552414e+00
4.326561506104189547e+00
2.771308296209325839e+00
2.175090213638074310e+00
1.064747182577619355e+00
2.184799067396067773e+00
1.894288349510673708e+00
1.424364552353734936e+00
2.836343861630213237e+00
1.684612671515056448e+00
1.132114046796815376e+00
2.371692790993853883e+00
9.577138186013882670e-01
2.254321614200684998e+00
1.200339643832638137e+00
2.375907188691792182e+00
1.062393125480355360e+00
3.383612243127714692e+00
2.912444531737848674e+00
1.598758645845722581e+00
1.394733052176246879e+00
2.721624165671929330e+00
1.640379408639077496e+00
2.114893403543451456e+00
1.226541561334046460e+00
1.391086243776449960e+00
9.382916167597175061e-01
1.341939871976660870e+00
1.149035085707448722e+00
2.572457297354864281e+00
1.625281865149540650e+00
1.817338242433220952e+00
1.777265700645183966e+00
3.199195060498569276e+00
1.441201848472861036e+00
2.491183558335893444e+00
8.953687439950784865e-01
2.572255214320746664e+00
1.224566582526091851e+00
9.452475567321341199e-01
1.134282520833165497e+00
1.119711257044685437e+00
1.115109792285910340e+00
1.219047982237994265e+00
1.580986269922556753e+00
2.134806298808674452e+00
2.469591613336211910e+00
2.349707676079401342e+00
1.484124947196173272e+00
2.047345041979860003e+00
3.697586686320556204e+00
2.352738029143311760e+00
1.592516541076256731e+00
1.449520919992806745e+00
1.184276969957177572e+00
9.672631889217733203e-01
2.086655828116329658e+00
1.270733210552567938e+00
2.344076640773649078e+00
2.402158755060906259e+00
1.162673645111222509e+00
