3.553419650552368303e+00
1.544405133546579156e+00
1.471135098074828784e+00
4.504630268221563760e+00
2.712516891214403092e+00
4.084824239161758186e+00
5.259912693049502153e+00
5.453510723507347002e+00
6.978711792735877495e+00
4.653849909403165341e+00
2.969635410594261060e+00
5.198289632300120644e+00
1.077270012105774111e+00
7.423945838591903268e+00
2.613890007511421310e+00
2.761499290335950985e+00
5.623951387912273781e+00
8.064427470078098237e-01
2.671648003470841637e+00
2.505696467246265602e+00
2.157476465643171526e+00
4.455681974488315156e+00
4.342140553399479685e+00
3.891489839902291692e+00
1.871253622379947634e+00
9.382244330740951099e+00
3.763132839913321259e+00
1.959509497379909426e+00
1.897473918605440790e+00
1.877604738748453350e+00
4.942545154941945462e+00
1.282004659828083426e+00
3.610300659354620301e+00
5.677113505212185274e+00
4.113797964359548587e+00
1.734239827811628665e+00
2.521837771017605867e+00
4.107633225943517097e+00
1.458003561820598648e+00
1.558469938337225580e+00
2.274912465622082269e+00
2.876063084642523915e+00
1.127589644626493692e+00
1.312393894322276156e+00
1.831791044757945741e+00
5.547015690001881438e+00
1.949952070287454653e+00
2.509065061840090483e+00
3.067675328403011825e+00
1.031969422712788020e+00
4.108801495110829372e+00
6.553102520555582622e+00
9.912897488186205308e+00
2.675507118107860904e+00
9.593788150969338346e+00
1.546949868280496077e+00
2.672868153543067837e+00
1.920340946061171783e+00
1.734620153627422834e+00
3.242518809583697870e+00
1.276599242531641476e+00
2.748801148080937118e+00
5.590526808577685358e+00
5.837919783386952943e+00
4.811105008352207335e+00
3.920245140046744847e+00
2.527690066071146546e+00
2.308081549123828680e+00
2.389142181334153570e+00
1.070790076214343856e+00
1.695068008770029611e+00
1.226868793519080736e+00
9.735201777647185528e-01
2.442622163114489542e+00
1.758371560438346082e+00
4.967535578892673165e+00
1.101991668711963968e+00
3.303633834466976893e+00
2.454147419689836518e+00
7.371543653534881280e+00
4.646009092369473237e+00
5.283165460368368649e+00
1.374727053170688551e+00
1.612010198507522807e+00
2.930210927491800010e+00
1.240547524903680809e+00
3.191326400821983267e+00
1.044793730968542711e+01
3.329171926773580648e+00
6.118021466906611749e+00
1.150168764678773714e+00
2.576184379353714693e+00
3.017483770852091851e+00
4.580742248300675890e+00
9.889665457105778490e-01
9.096799323310901242e-01
3.263063138460516210e+00
1.379175649644372115e+00
2.262749327783375453e+00
3.026240568053772062e+00
2.482093567765411013e+00
2.302223779015832417e+00
1.511665696402403780e+00
1.338250929273959056e+00
2.970302067945848279e+00
8.048942831261703290e+00
4.441396266079117083e+00
9.671000608766176398e+00
5.291854937558769123e+00
2.204554983102994914e+00
3.872359268246740260e+00
3.827177623925543504e+00
2.466235727362815489e+00
7.480141337045033367e+00
1.241089530345505398e+00
1.021695530839732413e+00
1.492200596420529823e+00
1.197874200246502596e+00
7.626396019294992001e-01
6.733745879475215190e+00
3.149755659516773942e+00
2.533185208967605018e+00
4.570165785656990387e+00
2.182634798755433980e+00
2.422663504876071183e+00
9.844942516632269047e+00
4.788849453871990569e+00
2.592521651832537355e+00
5.463920416998162999e+00
1.368763570841975419e+00
5.002231658426147476e+00
2.619208017429633273e+00
2.562603150914020134e+00
5.865762456187684215e+00
5.390708695983092547e+00
6.251969189664721149e+00
3.209724713368307114e+00
3.211281589810877968e+00
3.236317064584686598e+00
4.006666654674720718e+00
1.279809448876170874e+00
5.113802912220445585e+00
9.597410708876440433e-01
5.078587939989342992e+00
1.721763901487929349e+00
2.955618206664237579e+00
2.346423873145450756e+00
2.873446890292921108e+00
2.282139922882530758e+00
2.978213057762524762e+00
2.470002111267062261e+00
1.215135267105245997e+00
2.298432347339927961e+00
1.861387131600624301e+00
2.973293404853598165e+00
1.389998870569870038e+00
2.688750473182381029e+00
1.947877716650121993e+00
2.141828058175007765e+00
6.362951561818817048e+00
3.408640181459476448e+00
2.219068730710020976e+00
4.298118187310209670e+00
2.954797960648606558e+00
3.825333346449802274e+00
2.457379305330987584e+00
1.507226432837939889e+00
6.036561823135079052e+00
3.360118202419491773e+00
1.651189235728553140e+00
2.942003575523640890e+00
1.614737883430815257e+00
7.493598205674834922e+00
2.049387433209202580e+00
5.251385756648160097e+00
2.316521741551646141e+00
1.841987198050516916e+00
3.399893040354692086e+00
2.179982927384185309e+00
4.044962377202561576e+00
3.347011042029174543e+00
2.355320292960952688e+00
7.372721944146821471e+00
1.297660525769002327e+01
1.249174852184583173e+01
1.194676935368231829e+00
2.765761750576622102e+00
1.896163144756791930e+00
2.400299874269139266e+00
7.860050989842651603e+00
2.515295183736158346e+00
2.468336819405394955e+00
3.579652301898637923e+00
2.408996895558669138e+00
4.108550818517566761e+00
3.459457043492711215e+00
3.510384924722669719e+00
5.071363435984529211e+00
7.155015928720101392e+00
4.984556584611863350e+00
6.728164148404040645e+00
1.582961517911513516e+00
2.046074696579105456e+00
5.694860121346836834e+00
1.647545745336798539e+00
2.297196565309127969e+00
3.292179778419720204e+00
2.653027169593586088e+00
8.688481460419120950e+00
3.697995916320644838e+00
1.941751093430545971e+00
2.463126847227275817e+00
4.611865826497507648e+00
1.785455457702877613e+00
4.871478505808338966e+00
4.835026959442232375e+00
1.786747828282037709e+00
1.652976227731764336e+00
9.532129919687589714e-01
4.447261381473229136e+00
3.937165006765810382e+00
2.022015073089669990e+00
2.252029514000242205e+00
5.635678873161395153e+00
1.014289059874659449e+00
1.930978871646281680e+00
1.079906640478036861e+00
8.062282514229950792e+00
2.350857223637647042e+00
2.566517887464042413e+00
1.218224766448915419e+00
8.069409095255238640e+00
4.003629564062990198e+00
8.993292586320414728e+00
4.575011388187651740e+00
2.538868819641130425e+00
2.690878619547600881e+00
3.530039063527302012e+00
2.634555148453349371e+00
6.719659435765942490e+00
5.050310229358568215e+00
9.364082617171654022e-01
1.783891977710320598e+00
5.150368793343302443e+00
1.827626778799578133e+00
1.016344682383762965e+00
2.198965217211696910e+00
1.132941966036468129e+00
1.317086622802862816e+00
1.739755835590717670e+00
2.131310896988125148e+00
1.204440450475638302e+00
1.240471837092844920e+00
1.159904016660675774e+00
9.022499140189275124e+00
8.954711081931802097e-01
4.063523904360240913e+00
6.424193468940909701e-01
8.530125168476344610e-01
1.648632307685940379e+00
2.783354432061480477e+00
3.246219318677288523e+00
1.251749858957001971e+00
3.980505991494216023e+00
1.058555898848311250e+00
4.221635805353468385e+00
7.250534040666114954e+00
2.468814675775789613e+00
2.925835291711278874e+00
1.265394689890674496e+00
1.312312907981006083e+00
1.696918059440444493e+00
2.775930143831840002e+00
4.447568963549510812e+00
1.238681829105778620e+00
3.812292154979038283e+00
2.969112772028816405e+00
1.727777627535952210e+00
2.375118618365887446e+00
2.937055232438211760e+00
4.355029647218977118e+00
1.761484718431731489e+00
1.589465713815703340e+00
1.075692230068579835e+00
4.855115620695354295e+00
2.467883106144140637e+00
2.522257894851052562e+00
2.282036925066754041e+00
9.970104521940944764e+00
2.893275586177991077e+00
3.808405957164806566e+00
2.500220642929626980e+00
2.036782292875835232e+00
3.025804863275374679e+00
1.394180823157807225e+00
3.673104158747599435e+00
4.800943909199734350e+00
1.598172116467815762e+00
2.093175722829266228e+00
2.658092618603424384e+00
2.138410040284316249e+00
2.390292060791137541e+00
3.145335798807868954e+00
3.847691727954353880e+00
7.916144848941721435e+00
2.152902877085944855e+00
8.360425367922028617e-01
4.718052839935559462e+00
1.367072945740340328e+00
2.206117150027721685e+00
1.007425988605837874e+00
4.613974894949497418e+00
2.839741387189037791e+00
5.568579511207139454e+00
8.287511520008553623e-01
2.974330455212862656e+00
4.666677817292889330e+00
3.068486536617847094e+00
1.494381144398634342e+00
2.678956065642199125e+00
2.945089527539036300e+00
2.696013828415634528e+00
1.209888348867414143e+00
3.050740184863717452e+00
4.699295017082563142e+00
3.491589836218969900e+00
3.819154700934280999e+00
2.464641648636019422e+00
4.371637670909029438e+00
1.990780808868655383e+00
3.041468583597732867e+00
1.442309565519558801e+00
1.968497105088856225e+00
8.935253290628067946e-01
3.725340916195726049e+00
7.614496683869197646e+00
4.738096463829363003e+00
3.568089298865145587e+00
4.510252357129209244e+00
2.019289833584352767e+00
1.166571821318889945e+01
3.165315941425294266e+00
5.618410187771904596e+00
1.201496289282024854e+01
2.569856335294963934e+00
2.526147560766473621e+00
1.380753019260426129e+01
2.673344788572540320e+00
1.627943461112839385e+00
3.892598224451705669e+00
2.919135748623514104e+00
2.403755206930228816e+00
6.941748511182329828e+00
4.502427404714075543e+00
1.358420242638420206e+00
2.920509694041705906e+00
3.002938576334738929e+00
2.724733365646163641e+00
1.592939019696226532e+00
8.541903520556912710e+00
5.325649031853690651e+00
1.656101393779181308e+00
1.314159482936663847e+00
3.757954674543400042e+00
2.295419533165360182e+00
6.201187676355725209e+00
1.596702525455003130e+00
3.385267681739655643e+00
8.490566824348335651e-01
3.678477994928393446e+00
1.469816138079713452e+00
9.529613193865775767e-01
1.897638483774032325e+00
1.289339861778301621e+00
4.378668112755852881e+00
3.625810633417752893e+00
2.313426688048644930e+00
1.295193268322074598e+00
1.524048836163809373e+00
7.077858570105198588e+00
2.135258411051350169e+00
2.399971842239059683e+00
4.103311146025344414e+00
2.942124413672574601e+00
1.930019804994796306e+00
1.570132100504226802e+00
2.141854905308182122e+00
1.508345154375306585e+01
1.058750999462501952e+00
1.434916644704338218e+00
4.720480497752513216e+00
3.219434595603951177e+00
1.823742188744011949e+00
9.529648216379761339e-01
1.704932148403609293e+00
1.829054390593641832e+00
1.632403611353293371e+00
2.173796894878852193e+00
1.413589080440496470e+00
4.538998777855667299e+00
6.164025995914136580e+00
3.091561115356137091e+00
2.664098866895876050e+00
8.342123909216590860e+00
3.653452170821738676e+00
2.505033206858469086e+00
1.891581867154956464e+00
7.114393538958271535e+00
6.587739626844132168e+00
6.512756060549704351e+00
3.313973103451364643e+00
2.679506872226248060e+00
1.847311151176989519e+00
1.341216598355226663e+00
2.805648697294417016e+00
3.658360578904618965e+00
1.787406617540036935e+00
4.951224632393874003e+00
2.874207379978714449e+00
1.281849106817343875e+00
1.621928861399036803e+00
2.956580266539036828e+00
2.042531012960877135e+00
1.602400044377853217e+00
1.470007283643911311e+00
2.325154591022215556e+00
4.056430896833110644e+00
2.821409320276833554e+00
3.577141388647132825e+00
2.571585035234256633e+00
7.807934565059194698e-01
3.789240383966969272e+00
3.629801660068270763e+00
5.805765296485900784e+00
4.994650547868136670e+00
2.602762503414373096e+00
4.096606101448213799e+00
1.723058960269800322e+00
3.228323990318471726e+00
1.063273356965732397e+01
1.609011197660441095e+00
2.855021036923686140e+00
6.125895075278942947e+00
1.356952458754786539e+00
3.331424445614269647e+00
5.311551900890270517e+00
4.188090318058096173e+00
2.439034353260761012e+00
3.467923606005970161e+00
1.897104657800263272e+00
2.158757762901408750e+00
3.687571122721960304e+00
3.761401247747154564e+00
2.933767586923424542e+00
8.804391769526676015e-01
1.930439139918944225e+00
1.267778324033242754e+00
6.518121942434665250e+00
3.826006016113468355e+00
1.019173943223678158e+00
4.913293071332526019e+00
2.694016946914086219e+00
2.872253339565145502e+00
4.919233295798250971e+00
2.833675499234971529e+00
4.644062074833199105e+00
1.374409852658363240e+00
2.552065869768184392e+00
2.836674040948621300e+00
1.680771934173780568e+00
3.033546919610014658e+00
1.792600620161016067e+00
5.340219469822726772e+00
6.625045920531994703e+00
3.645195230359407290e+00
2.141067342938808071e+00
1.204106103437664110e+00
4.831763189092181499e+00
2.279954890724977812e+00
2.817200325920712789e+00
9.548030537883956947e-01
4.406924353834582142e+00
1.532891257288280018e+00
2.477442721268885428e+00
1.620568632531708575e+00
4.539428087337507911e+00
2.188245070278711957e+00
2.286296109213990846e+00
2.113845251522906921e+00
2.320960962527383487e+00
2.176690500478829726e+00
2.458615341165401258e+00
8.245162820078668631e+00
1.867578189230396868e+00
4.096741918909824420e+00
1.777921784795779558e+00
1.264803332836327954e+00
2.996180061896492663e+00
1.760079852130279843e+00
2.753014181817849959e+00
5.488181808805865813e+00
2.877704098990432335e+00
3.982397713990892374e+00
1.350059728796236591e+00
2.618597231574207207e+00
1.886094266098234939e+00
1.888177076610430882e+00
1.508020745170129295e+00
1.448303646174553316e+00
1.619274767985659391e+00
1.841420763605231770e+00
1.066126816311875336e+00
2.836374665250806171e+00
1.847646090801957852e+00
3.977166917182467287e+00
1.569902635890064291e+00
2.381372004322351188e+00
6.244025497795662183e+00
3.099560594200794217e+00
3.837419002461428086e+00
2.201017065310757914e+00
2.432788849555513000e+00
2.966984285235880314e+00
2.394968683395542364e+00
1.460553312536571058e+00
2.162476832743913224e+00
4.898126398697638884e+00
6.873193580263879277e+00
2.211273898129879623e+00
6.258858948638157393e+00
3.461087795916024668e+00
5.277841454171364077e+00
2.819329916326575702e+00
2.496081116703425806e+00
3.374698531839065208e+00
2.032984028374597241e+00
2.822896958808406076e+00
1.044485596482751744e+00
1.225123141948787575e+00
4.779161102016375118e+00
6.468251105901551945e+00
2.713979972553354880e+00
1.456978276451907028e+00
1.605126256074490554e+00
2.224682158091440876e+00
3.834349659651930864e+00
3.438509819853401872e+00
3.195098103082109287e+00
2.347931708042584109e+00
1.036286724799659220e+00
2.484399847814117379e+00
1.952864428316473111e+00
2.813550905626553966e+00
2.675231858491929682e+00
1.586710816089704768e+00
1.537319446849119142e+00
1.525890405789920967e+00
1.893676716100056057e+00
2.265384173085890129e+00
1.698505208088077589e+00
3.003255839869098054e+00
3.133595317926661128e+00
3.616795851620152824e+00
2.515101725320741721e+00
1.870899780729151418e+00
6.825972489186387548e+00
2.925245935062513070e+00
1.320269262763487284e+01
3.463415974935005526e+00
3.414237390085974155e+00
2.855513547435703625e+00
3.641343633474112718e+00
5.624091028481837284e+00
7.498031765647574787e+00
6.713471964784355484e-01
1.606996629317472269e+01
1.939286586799892298e+00
2.189737592538173683e+00
1.805381934490817519e+00
6.102406266852656858e-01
3.807200415348307221e+00
2.235586852812739167e+00
3.130242364684625134e+00
5.138420818383276689e+00
2.777108077208037429e+00
2.264582725540502661e+00
5.580759483404173160e+00
8.368913853657401702e+00
6.231590903749224530e+00
2.209541454629351698e+00
2.806244445112064057e+00
1.576159688840147233e+00
3.246136632726604354e+00
2.117078880930369778e+00
3.578306136698189199e+00
3.457703332916545413e+00
1.762100114555944064e+00
2.914823136990352115e+00
2.871056034631233711e+00
5.188518772463667439e+00
4.883672510887599572e+00
1.776864474036295771e+00
1.140622552668827172e+00
7.202550227159533192e-01
1.353537374494391266e+00
3.711286980668841107e+00
6.510489245571361216e+00
8.446835512892245657e-01
1.685130260696696247e+00
4.598374245293263662e+00
8.002890755148220903e-01
1.257111481642831263e+00
7.320626333762038085e-01
1.629410646808484353e+00
2.429052474947170470e+00
2.830255877559162414e+00
2.052326972633117474e+00
2.294135289668633337e+00
1.002936381749036654e+00
3.932837246305908252e+00
2.717459225788130706e+00
1.077593387884103526e+00
1.091522377337997840e+00
3.729736149504041087e+00
2.454925356693160143e+00
1.741169322215435855e+00
3.206574081138427790e+00
2.590657367995690130e+00
6.458286401596103232e+00
1.947424139820730149e+00
1.810384158361155515e+00
3.942107978692737991e+00
2.246674835194653497e+00
4.464428266310457083e+00
4.374036526552248283e+00
4.783883414588399496e+00
2.397945637388076978e+00
3.083626437761845196e+00
1.441853356302005063e+00
1.820543160053600396e+00
2.494765500936680702e+00
2.991364252164298687e+00
2.332912054365205545e+00
3.218278985541302539e+00
2.318691227918634912e+00
4.796646132041911592e+00
8.924232484375628216e-01
4.741913437907968820e+00
1.311156725951173385e+00
5.378012717486672756e+00
1.830823240548674624e+00
1.445057654360368149e+00
7.051196783635714560e+00
1.341690227543925751e+00
1.365564016848249240e+00
1.412653877329032470e+00
4.734496307779789248e+00
3.792893396838684428e+00
2.300528550574049369e+00
2.353292250400885077e+00
1.213189779772293519e+01
3.633467392362040638e+00
1.411577907442856494e+00
2.064995450283398259e+00
1.365014867967199397e+00
2.073827518465127362e+00
1.272318392665041875e+00
2.832119406317258559e+00
2.077357662281655415e+00
1.612363136904122696e+00
2.273536232370874544e+00
3.251495813119707812e+00
1.980116920452907658e+00
3.091961303569779940e+00
6.110177111458681143e-01
5.113157941666793604e+00
2.841839243580119856e+00
1.382173231530880120e+00
4.099336683836646067e+00
1.678679780614831474e+00
2.703335802527044862e+00
4.600102842256151625e+00
3.634840777030490244e+00
2.352567199540184006e+00
2.463794095462152001e+00
2.885494770669084552e+00
6.369601090859609016e+00
3.539165228152411302e+00
5.620825872222926733e+00
6.038620398325650562e+00
6.340158983118175939e+00
2.425288960579504938e+00
5.827184967570791407e+00
1.349730658216931545e+01
6.381501725777644296e+00
3.345891567736432037e+00
4.886928236790058833e+00
3.233979854537849086e+00
8.548205315168404539e-01
3.263680593679203046e+00
2.800412244219943947e+00
1.349998442155773803e+00
1.653934961383837665e+00
1.264175132257074230e+00
1.200369165066213384e+00
1.311486813816028052e+00
6.109750969904856888e+00
3.681977968500317111e+00
2.616975241208488345e+00
1.095104433394770149e+00
2.752065916996691453e+00
2.000161263202338002e+00
7.138034356698651273e+00
2.911554893707741343e+00
2.252123181373165028e+00
1.691046236424277094e+00
3.510345220396516197e+00
1.286033949606197213e+00
2.928602306495287966e+00
4.927949956931040099e+00
4.158025118521556429e+00
5.076901517022380794e+00
8.874346921525846366e-01
4.065235099807804175e+00
1.076323258929055893e+00
1.544729443058207696e+00
1.247024374918823009e+00
4.706150600039844534e+00
2.192495247080179066e+00
5.645291717464188785e+00
1.135403005802092746e+00
4.303463403552599154e+00
3.446137684531841661e+00
5.277418208653841702e+00
5.067735019867919632e+00
1.331148004400306029e+01
1.422638655544901987e+00
4.614328460481892158e+00
6.715663193023353017e+00
2.068047047269053529e+00
1.132577110872212245e+00
1.447888262560641959e+00
1.222332428738820376e+01
2.411988557334276084e+00
3.563489824239014503e+00
2.748390308824441242e+00
1.975229401398822304e+00
1.793010653349158989e+00
1.561423878180522085e+00
2.408526025833628292e+00
5.537374259276006683e+00
4.333740969958432387e+00
4.207921697734873234e+00
6.612816816281109844e+00
1.311587801000182907e+00
2.606609515692090540e+00
1.101512752788555094e+00
4.564130457284540476e+00
5.019760863307626941e+00
1.739730621873300853e+00
1.757421399877886259e+00
1.805668097083552581e+00
2.692269828811353793e+00
1.848541720756298412e+00
8.535239935599870265e+00
4.831487634059138614e+00
2.128073226855265787e+00
7.183008390191432113e-01
1.546110215377894725e+00
2.078302096933958509e+00
8.658717013553308917e+00
1.239237340237336671e+00
2.025764328333167441e+00
5.660400533149830160e+00
2.866964160108640414e+00
3.977689510602961054e+00
1.863636591167072032e+00
5.168049521458978113e+00
2.203068291406188539e+00
3.534063487144133653e+00
3.467346567996143492e+00
2.630767336927855027e+00
2.093530886129111312e+00
3.245171004013824856e+00
3.942195628003240859e+00
6.163421272761373082e+00
8.493912699375520958e+00
6.367576731022924541e+00
7.502372839011313133e+00
4.191603853778214095e+00
2.366793248152136542e+00
5.178097501259203206e+00
4.215014806199484099e+00
5.637587890583720673e-01
6.260320808790633684e+00
3.839723252304957146e+00
2.283944714213029137e+00
3.076927899442736702e+00
6.429838371539169373e+00
1.184026238464017888e+00
2.803034207704810488e+00
4.922161349987035805e+00
1.346653908995215421e+00
2.815917811521809533e+00
1.565498526879883556e+00
9.288174756264003795e-01
2.354043029985238622e+00
1.570807255940910085e+00
9.298744640313536536e-01
2.401871610013303293e+00
2.007920968094742076e+00
1.786693988869326954e+00
5.364875724207903041e+00
3.823544484039323343e+00
1.217928334812179658e+00
1.951153219563710906e+00
2.375608077179531819e+00
2.915074163634781446e+00
2.263167350008107981e+00
1.995404559300044456e+00
8.510716679738228319e-01
4.436671403020406856e+00
1.334311706552281818e+00
1.218685024785297832e+00
3.510232458219326723e+00
1.436276374368891773e+00
4.931489563459554026e-01
4.493136588475045379e+00
1.418228925983237243e+00
3.438589004579927888e+00
2.159066176164653683e+00
1.850570105548637434e+00
3.977324327392446790e+00
2.650547206356723695e+00
2.512891318366938354e+00
1.787030488230488379e+00
7.692275268779906305e+00
4.083088450598401309e+00
1.843640354438452533e+00
1.576368147949923859e+00
3.465275366747228691e+00
3.273681165961554562e+00
2.088561000912193322e+00
7.004097900854329595e+00
1.842988330882065373e+00
5.389791222120716263e+00
4.287850328323336235e+00
3.450412428751624461e+00
3.084890949833828611e+00
3.026320220413298845e+00
4.120268587722025089e+00
2.161810505894537382e+00
2.040948340990515142e+00
3.358295976187148035e+00
2.130442453045273243e+00
7.700539358675171364e+00
2.719324751720886724e+00
1.057015102976341048e+01
1.269255909588004716e+00
1.874284049597761515e+00
1.215763238652735501e+00
1.408714246796878955e+00
9.427525616439046630e+00
2.564699947686032377e+00
1.091035346091764779e+00
1.422510005106212505e+00
2.331085072736767572e+00
1.262237923928376970e+00
4.263884358523329254e+00
7.679366769112326851e-01
1.450667971263102984e+00
1.633889562382838001e+00
1.820805008987160578e+00
2.390916218064253140e+00
1.253175183676808135e+00
1.040310845640922821e+01
5.998910127238634260e+00
3.196461755348849021e+00
2.105051937387942385e+00
1.980416381307738005e+00
1.426625739570924623e+01
7.396407539166292011e+00
3.149199231458783999e+00
1.027857931836869687e+00
7.871907396044001137e-01
2.564255136178806627e+00
6.101084346038796902e+00
7.868923357256601747e+00
6.657908565034637016e-01
3.502176027763403532e+00
9.223306758645332337e+00
2.694601613297120224e+00
1.937931179391246816e+00
1.324809118567556565e+00
6.245004082015500835e+00
1.238057191731189111e+00
1.438284613850584703e+00
1.757892449239282007e+00
3.443016806593228285e+00
1.903743548927080420e+00
3.341214022907413206e+00
1.987919402573881555e+00
1.990075175280261455e+00
3.917423838451778995e+00
7.407183849922507335e+00
1.303119439141003921e+00
1.292496227157605038e+00
1.309178170268779251e+00
2.947152169040264447e+00
1.254882566947975508e+00
1.900219308269008422e+00
3.555197487521168487e+00
2.240974769796411969e+00
3.289744977543792803e+00
3.875470195287885833e+00
2.261155574196608065e+00
3.251777681428130062e+00
2.003954602491383241e+00
3.908271612870705347e+00
2.191080442447476795e+00
4.533699688327097910e+00
1.080523776271712810e+00
9.576008051162001600e-01
9.272325837845716290e-01
3.214729103072708760e+00
6.117122281648255999e+00
1.893367437714361667e+00
4.120598594521430513e+00
1.687196106483070501e+00
3.110015543854478537e+00
1.761034892080332037e+00
1.999480203191017047e+00
1.618137875207811271e+00
8.790305840400395310e-01
1.306282036105181898e+00
2.110576091566970902e+00
2.005057467445508834e+00
3.162511742579192209e+00
1.934207530212618042e+00
4.313731656037107953e+00
1.741112592045567453e+00
3.447189272170428254e+00
3.919713212816191117e+00
3.236757446131349081e+00
1.276968691408122858e+00
2.071943756233047829e+00
1.676263562353633274e+00
1.819032297723436553e+00
3.432549191794830978e+00
4.954267313013091645e+00
7.685128023269902631e-01
3.316156596976980619e+00
1.717010967266859867e+00
1.626171269616395687e+00
2.761386006600037302e+00
4.614534443049543633e+00
2.091364390649849359e+00
5.789043487430694412e+00
2.724929152397180587e+00
2.698269023145974721e+00
1.531943382544084686e+00
6.631928486388527055e+00
2.949375644344518488e+00
2.556296251699521793e+00
1.665255983032153386e+00
4.099672183074555498e+00
1.822281493999758473e+00
2.830666883028738035e+00
2.565406008644969038e+00
1.287720636382594819e+00
4.453264308544043537e+00
1.573576340273397989e+00
3.125600667339536010e+00
3.930756631039498128e+00
1.009855171648151195e+00
1.943976660563713565e+01
1.013014367275497651e+00
1.734101774965539855e+00
5.255483356504895731e+00
1.628254996921876252e+00
4.425520869215824327e+00
1.234355401852979872e+00
7.323974738434248621e+00
1.318522748404570732e+00
3.737631771970676642e+00
5.026979681755301854e+00
4.056381043181938928e+00
1.734956567816350770e+00
2.902538156244138801e+00
1.149129156817060737e+00
1.074366925106552850e+00
2.066706928530092746e+00
1.821841857092491912e+00
3.155331401179046757e+00
6.840520912310497970e+00
2.795893036897183492e+00
5.685135597464152646e+00
7.445022743455815828e+00
2.792575169770990406e+00
2.929578590028809604e+00
