1.699486308205983010e+00
1.502506549836932992e+00
1.615240531693108883e+00
1.508034755410826877e+00
2.105180069889805772e+00
1.778401471466957373e+00
1.434635896444995673e+00
1.711917293497148052e+00
1.754020882500650247e+00
1.322162506879302590e+00
1.299542148278447273e+00
1.818845329147051437e+00
1.601178249589285674e+00
1.797036973300885299e+00
1.312570961442598438e+00
1.914688032036421905e+00
1.137501048092756761e+00
1.315424797621825848e+00
1.914774696018317846e+00
1.277716722173291686e+00
1.851193836296460171e+00
1.573156516717271858e+00
1.597454180669926282e+00
1.628952255095036161e+00
1.738426559908085034e+00
1.775329748676453434e+00
1.754681582521619321e+00
1.812710345251155264e+00
1.796195439118053239e+00
1.816626231029431660e+00
1.551103887473166187e+00
1.539295523460260551e+00
1.724261464700953095e+00
1.673661652099358577e+00
1.725946880913953541e+00
1.604274340625642337e+00
1.198422160535074443e+00
1.910896905445305771e+00
1.769196573582156651e+00
1.608660534813199039e+00
1.568847947467999937e+00
1.632035757884528149e+00
1.737176373172014232e+00
1.409663461736157419e+00
1.596969304398635270e+00
1.396520595696242539e+00
1.805774849823456485e+00
1.619384788218768190e+00
1.528697211553460944e+00
2.255588174186154760e+00
1.362696433406227703e+00
2.041969922206254395e+00
1.303864255491125501e+00
1.503099784113142823e+00
1.439640254852754930e+00
1.527733197553435174e+00
1.536093555902849017e+00
1.430482096706926276e+00
1.856917571278358992e+00
1.350576600473736066e+00
1.374619575196826649e+00
1.644980556589962672e+00
1.278631324864917040e+00
2.032164320414629355e+00
1.531864265559735427e+00
1.899845844359812075e+00
1.737319988226613710e+00
1.761992827551722485e+00
1.225081019527411552e+00
1.792719687069124879e+00
1.615974460563070592e+00
1.578325963737122528e+00
1.208325712020359433e+00
1.368633939927643040e+00
1.216269390957139374e+00
1.281722236080792943e+00
1.480990389086923820e+00
1.685442335854631546e+00
1.687480506130194291e+00
1.220100961645874227e+00
2.080315247772752674e+00
1.251777585793398151e+00
1.599678921367998496e+00
1.439770366067295360e+00
1.495532916537930079e+00
1.417693020834682960e+00
1.373812872141362940e+00
1.588684929444468485e+00
1.284336809984189420e+00
1.820191760357078081e+00
1.294931615389348201e+00
1.862710842704538461e+00
1.422929359017673923e+00
1.720401333801664601e+00
1.510474430471661744e+00
1.420229395185327759e+00
2.182227347865296263e+00
1.375421277205893134e+00
1.843778254912590953e+00
1.769757349662677059e+00
1.879165055208916302e+00
1.762893265588533875e+00
1.769502633376441203e+00
1.473454743835086012e+00
1.303516947739294274e+00
1.390346319030825395e+00
1.695460140970082019e+00
1.825746508206942842e+00
1.718526594283725117e+00
1.221395957518782494e+00
1.610768472447809074e+00
1.763878424658624544e+00
1.664680507371263829e+00
1.761306115294847263e+00
1.575910939321695015e+00
1.755620532165392156e+00
1.685964225805756556e+00
1.648582193560830023e+00
1.299075257281997686e+00
1.749000590775399377e+00
2.287819687697027149e+00
1.955219720123223981e+00
1.908653703396289147e+00
2.349669415102276115e+00
1.839529593056328238e+00
2.177772664291773630e+00
1.254507386082250653e+00
1.654766475783454815e+00
2.179070121346879496e+00
1.653659704211004389e+00
1.403450242724338715e+00
1.353944538866293623e+00
1.576924583358489507e+00
1.891328747789981835e+00
1.748953315967304301e+00
1.917253266742462214e+00
1.348422027727097960e+00
1.592818197130896340e+00
1.452245834688188131e+00
1.466006148850691693e+00
1.517204082929636266e+00
1.442671185021858760e+00
1.487968641124292946e+00
1.522426774233499369e+00
1.453138582912398391e+00
1.746812972174577983e+00
1.525715518261500758e+00
1.059163639453506223e+00
1.491620847096675639e+00
1.698216456005802177e+00
1.414960467787294895e+00
1.409268001567874906e+00
1.454667985361261628e+00
1.515211104402759856e+00
1.546942312616462756e+00
1.194526614708511181e+00
1.739763463942237021e+00
1.376731953547301712e+00
1.594447326029154066e+00
1.576785687702446204e+00
1.562912181508230969e+00
1.245838428223827732e+00
1.449831620965320811e+00
1.340371550460211836e+00
1.931330339902769255e+00
1.408289788691864164e+00
1.485910698455036316e+00
1.446651798636847230e+00
1.220674317170430623e+00
1.612226237990539213e+00
1.669017504107348060e+00
1.739694934954238770e+00
2.155127551599661739e+00
1.561137987782929004e+00
1.790620714882130038e+00
1.628346710199825464e+00
1.541091531403269377e+00
1.384443455199784179e+00
1.389644313148301835e+00
1.393344029100670678e+00
1.366771321149747642e+00
1.501840047959979385e+00
1.883016473813319047e+00
1.367353753785701898e+00
1.715353939410911188e+00
1.696384950280874770e+00
1.730428541778533225e+00
1.533060531172774077e+00
1.592470698211747138e+00
1.385535831298242426e+00
1.605326715285661621e+00
1.670071490925157276e+00
1.471359965955364446e+00
1.404799374002330792e+00
1.620921857696981050e+00
1.228329853947852879e+00
1.471031859658324059e+00
1.509226939680690771e+00
1.276956274470710584e+00
1.805152075473693385e+00
1.710470377129317265e+00
1.486194178980606573e+00
1.724087167784451813e+00
1.752056394752071089e+00
1.349387274406927517e+00
1.716111095804423003e+00
1.770987248193126362e+00
1.428896020781073917e+00
1.088414014449585299e+00
1.412900507207579981e+00
1.945477868714625913e+00
1.482018514803379983e+00
1.389005079924282127e+00
1.616557634537940213e+00
1.898428302289611347e+00
1.469568914487118461e+00
1.545923996543551171e+00
1.994576632870030730e+00
1.735343719831772935e+00
1.573521579739006082e+00
1.001892517201103283e+00
1.707897812684977090e+00
1.363469024147881292e+00
1.628561954847358662e+00
1.600438676378791891e+00
2.235866757278994310e+00
1.488483296611672557e+00
1.539989377604548126e+00
1.483425810983342030e+00
1.293028089606064635e+00
1.492194003600287866e+00
1.353027801273699149e+00
1.315533511784729770e+00
1.601862641823356581e+00
1.483579118304190647e+00
1.921875505085252289e+00
1.693452658961006607e+00
1.676300248810967730e+00
1.753448378388031692e+00
2.370899131089446055e+00
1.508203791918142134e+00
1.615903530215859529e+00
1.679536062529884965e+00
1.925038597294359555e+00
1.773893221428848532e+00
1.639725429277367086e+00
1.313948515804292727e+00
1.886117927497287461e+00
1.624072678501499611e+00
1.540962185492393832e+00
1.694309956870155176e+00
1.492801256071259575e+00
1.632226082000417078e+00
1.449447423131652091e+00
1.259607945085334801e+00
1.305755172647613982e+00
1.626973835318660910e+00
2.098879419503784760e+00
1.665130720724648627e+00
1.282512414640678111e+00
1.483983760465183988e+00
1.416456727298327056e+00
1.641095428068637618e+00
1.854989041682312712e+00
1.214689926157656030e+00
2.064244325544374981e+00
1.531964300673341883e+00
1.884681313311575179e+00
1.215089580154502746e+00
1.171022384105490755e+00
1.514090093531031522e+00
1.463918900265299694e+00
2.137206471647782990e+00
1.384880780187384808e+00
1.743430294735220487e+00
9.170315892794835833e-01
1.528121587527008440e+00
1.134281113313910794e+00
1.037532728710843788e+00
1.808939356519080555e+00
1.230250521212249648e+00
1.901382467675862609e+00
1.254903184775927993e+00
2.059161852713081498e+00
1.483757738558268313e+00
1.223922809483074081e+00
1.476089430461143603e+00
1.896277736856026852e+00
1.675255181094261747e+00
1.395271688652743425e+00
1.882479303652571323e+00
1.191539192651185575e+00
2.200680666918177320e+00
1.824169908824402109e+00
1.841304052949170655e+00
1.379210048312024428e+00
1.582013161010701108e+00
1.446610943246657399e+00
1.802325009325420169e+00
2.055512477369263014e+00
1.782267341577506548e+00
1.667965862650091946e+00
1.695493341790127229e+00
1.413089886810523499e+00
1.722924012802085514e+00
1.349305642014259288e+00
1.047160202457681821e+00
1.022710532542824735e+00
1.523822006335508572e+00
1.780444329063682440e+00
1.435691304618712083e+00
1.448414355864259928e+00
1.388815303362284981e+00
1.221073322607818090e+00
1.325047896390425084e+00
1.535872960640362717e+00
1.394071284012587508e+00
1.648535029282835795e+00
1.346140937906663781e+00
1.390867779745771138e+00
2.192422882829662800e+00
1.614639899961813452e+00
1.619817736233359229e+00
1.555271491141169138e+00
1.528253592768535007e+00
1.848824927809893159e+00
1.559128166322344189e+00
1.061418485061178529e+00
2.202235128796429908e+00
1.469751186825130729e+00
1.745128929703867460e+00
2.002807337971909352e+00
1.564182904732544843e+00
1.717067978287343033e+00
1.538440727616773307e+00
1.834736247622327010e+00
1.605111538785095826e+00
1.855693274262033787e+00
1.955158997305592949e+00
1.442591195986949959e+00
1.552876397681187903e+00
1.591306740885622295e+00
1.680656608574275346e+00
1.469430689140874602e+00
1.653871692133217275e+00
1.536925793726558354e+00
1.473058558978943555e+00
1.392819981320200462e+00
1.503313727484123730e+00
1.460358246864784215e+00
1.260577653158072131e+00
1.446822281270159216e+00
1.845583907607270424e+00
1.358401784224508191e+00
1.665581295690828911e+00
1.618984998910227402e+00
1.695826405499893719e+00
1.459114651678101504e+00
1.749148453332530107e+00
1.259680128012455880e+00
2.123262309193807429e+00
1.922015947020195625e+00
1.794795373119237869e+00
1.398474524456323920e+00
1.433252825020492560e+00
2.179059523298026324e+00
1.454430364772213657e+00
1.190829740426138539e+00
1.990261458288601126e+00
2.051440233990585504e+00
1.657702576990872867e+00
1.748269578595984530e+00
1.465024631762033236e+00
1.581850334868030394e+00
1.500886413437376721e+00
1.325004508631213440e+00
1.453148898619499141e+00
1.686569223931214445e+00
1.510984792789558551e+00
1.482381586531604789e+00
1.966468296661143089e+00
1.254400562210863157e+00
1.754951094303676573e+00
1.711670934383910048e+00
1.362630986799171495e+00
1.550133386743548503e+00
1.761473559557122481e+00
1.554501083893152780e+00
1.640272144262216347e+00
1.306342641561837103e+00
1.131140947645923767e+00
9.958272007191494302e-01
1.654708844667215573e+00
1.402666740230199993e+00
1.737828536228301246e+00
1.478652524076636388e+00
1.431583157480167179e+00
1.530874264697157372e+00
2.024887073845899277e+00
1.439612949457563573e+00
1.682028971088624481e+00
1.733649271364767985e+00
1.274945694178183153e+00
1.494101061351535975e+00
2.046939052597820830e+00
1.407271457396716663e+00
1.542056276580734853e+00
1.496891766078981334e+00
1.628361898085270987e+00
1.532281071820966512e+00
1.660845468165081495e+00
1.444603185663576594e+00
1.652986189327996680e+00
1.725890425524376548e+00
1.425926144115421179e+00
1.868115394177780608e+00
1.421920795443116114e+00
1.724234701241978085e+00
1.515443750721085392e+00
1.477275891334034696e+00
1.201799853426780640e+00
1.226183420117658907e+00
1.610701263634351399e+00
1.247267664916279051e+00
1.446821892723235692e+00
1.890514628050567580e+00
1.239036256517640044e+00
1.465212384132208001e+00
1.294855139064305272e+00
1.424106669317907858e+00
1.653168161425769167e+00
1.542204397077523659e+00
1.445784785864305810e+00
2.143870249461304667e+00
1.382828735500665651e+00
1.629365380063495516e+00
1.896217507128500790e+00
1.406621167648322235e+00
1.420871056881898076e+00
1.348336822497433696e+00
1.617375845820384850e+00
1.194664500937348661e+00
1.483911555747720046e+00
1.456555567619183034e+00
1.567041012394135846e+00
1.602244106012365554e+00
1.625004507526410791e+00
1.926456900334493350e+00
1.948363701369076217e+00
1.351387871690396647e+00
1.332429845119006195e+00
1.812472665610986855e+00
1.386757594023238838e+00
1.498333692014754304e+00
1.291215921532796740e+00
1.276510113830387372e+00
1.462097910392507139e+00
1.400136049713382125e+00
1.485602448995235969e+00
1.521267618741048322e+00
1.729963548102230853e+00
1.700452029121753306e+00
1.547128910147331338e+00
1.070341217182076088e+00
1.567453011874995639e+00
1.452445105071163978e+00
1.228343023055530780e+00
1.148774618193689978e+00
1.242252920987761744e+00
1.620537870501588928e+00
2.090343214039052100e+00
1.581430124133405890e+00
2.093136668155203051e+00
1.478278704532434817e+00
1.092077354635645481e+00
1.877798157465618845e+00
1.477625300892213556e+00
1.604972476533322201e+00
1.825798939473319393e+00
1.421979670400347118e+00
1.651956971211307579e+00
1.845909357088626912e+00
1.463590747749731635e+00
2.034789531404554097e+00
1.606009626531790024e+00
1.478030191817476746e+00
1.365692931282401767e+00
1.611208782685602747e+00
1.780016374738592644e+00
1.279471197454890019e+00
1.602206092260555881e+00
1.673802206916451096e+00
1.361143571851002987e+00
2.082241336717764568e+00
2.085792095450013761e+00
1.927420370867226618e+00
1.506393594203391029e+00
1.502510153740060472e+00
1.712929052152980303e+00
1.482011791301975911e+00
1.602384852890945677e+00
2.064027836647396086e+00
1.356367561583996739e+00
1.455723554419955601e+00
1.437557538024136106e+00
1.266915704735340320e+00
1.489341355518153831e+00
2.019643728872928090e+00
1.140149692046225960e+00
1.576726584645846918e+00
1.967353020369920769e+00
1.571226825000404004e+00
1.864398349764297302e+00
1.403262973843552475e+00
1.596910363950507561e+00
1.716087191599807049e+00
1.640523166248200937e+00
1.757999203212585959e+00
1.557402528598468949e+00
1.608552290837298449e+00
1.762082634047744900e+00
1.904608825257530835e+00
1.561308425600381522e+00
1.761512428124751617e+00
1.396666154161357198e+00
1.505860523888083335e+00
1.566800536921861386e+00
1.323187390992209389e+00
1.587911555068668878e+00
1.911064889988151494e+00
1.445739480985938519e+00
1.323916107087457661e+00
1.547114818987757712e+00
1.368290578504893551e+00
1.408418926168524044e+00
1.699252060948908793e+00
1.577015785621552535e+00
1.296974783098605588e+00
1.506115465449804347e+00
1.901568804535857860e+00
1.546140889000714669e+00
1.762754543528655349e+00
1.378068737769161167e+00
1.576114058275875252e+00
1.442758715132940406e+00
1.578295494539082577e+00
1.598942892387186454e+00
1.663424905160005851e+00
1.350326732268448682e+00
1.720608657689122856e+00
1.752368118994052537e+00
1.251722284706599631e+00
1.442331469462327931e+00
1.627857607961392672e+00
2.077138072825353898e+00
1.594920038182351618e+00
1.577224563271735880e+00
1.397556845360546252e+00
1.645954860207978765e+00
2.049868751066594719e+00
1.861947123539848814e+00
1.073117246232904609e+00
2.006260887120078884e+00
1.670495111708196756e+00
1.312529842877594000e+00
1.216167389444169133e+00
1.351931493603049761e+00
1.733534008985481822e+00
1.755506969399869499e+00
1.421128170000653501e+00
1.376527959463716533e+00
2.177887366260546909e+00
1.283137257973421486e+00
1.599745417302662620e+00
1.217936121131476090e+00
1.587083220964736752e+00
1.561391298445218290e+00
1.645344060880620241e+00
1.237531227881861984e+00
1.844881600236633945e+00
1.648681934549885542e+00
1.045107295173486772e+00
1.143855460453818029e+00
1.715550392993514528e+00
1.457688025135227772e+00
1.445836193176710305e+00
1.527187838608996762e+00
1.835367155386236071e+00
1.899812743701033924e+00
2.205822541216910793e+00
1.615145411400960240e+00
1.537079650714109347e+00
1.681086822056505170e+00
2.001012173331988109e+00
1.414725107036447049e+00
1.606157473821940185e+00
1.732015065794577646e+00
1.425008088282124552e+00
1.320299073762100095e+00
1.691916140426937831e+00
1.671114974721838786e+00
1.275126443550192779e+00
2.186267376494891224e+00
1.476470616446657003e+00
1.080861199315461763e+00
9.863029967358991623e-01
1.392195926396925465e+00
1.788986361006834613e+00
1.626722097235884901e+00
1.743859319634833538e+00
1.907057366353557271e+00
1.373504930151613124e+00
1.344567202447934484e+00
1.696382705931806401e+00
1.497535670107551509e+00
1.146888441036218786e+00
1.650907437950118073e+00
1.666820471056869701e+00
1.626741081784680576e+00
1.299627959031635083e+00
1.536381363051611215e+00
1.402575802462614929e+00
1.524646736270719449e+00
1.778815098330522204e+00
1.336279746549332570e+00
1.340811377196576837e+00
1.444446515376606843e+00
1.455715125659454934e+00
1.413030276149282338e+00
1.700212231183958478e+00
1.445132375866314600e+00
2.365670541428086082e+00
1.181059733324175021e+00
1.886815808431530073e+00
1.237873492024675892e+00
1.674420812182509710e+00
1.507097888010612730e+00
1.679889652243576226e+00
1.672710325182052982e+00
1.812938007109474503e+00
1.606943205403569941e+00
1.520095297296452985e+00
1.815246876039130042e+00
1.801971051511044086e+00
1.213858677551393539e+00
1.516824390947673518e+00
1.487637792236244927e+00
1.806895907462566786e+00
1.608251867827492854e+00
1.726767734354851092e+00
1.552690545284325152e+00
1.721739621729384329e+00
1.273060541662460077e+00
1.309340081234774411e+00
1.572852591146840506e+00
1.908866343325836379e+00
2.068343145321877241e+00
1.384861981315730795e+00
1.969497817527803951e+00
1.902795351270119673e+00
1.687499465288631040e+00
1.578270734329216385e+00
1.781830611990974145e+00
1.538654378792885469e+00
1.354862404952291710e+00
1.824682009499055457e+00
2.095114343189482309e+00
1.936936096498381499e+00
1.819193190691557271e+00
1.330639376604049406e+00
1.267643519320185153e+00
1.691859229433720468e+00
1.157113437339478468e+00
1.507089811558709025e+00
1.796934951191946794e+00
1.500514103776101393e+00
1.419245786445053392e+00
1.520306033979807570e+00
1.271949276848303834e+00
1.798504519509282806e+00
1.686460164753326829e+00
1.697538354681090489e+00
1.981774424231909304e+00
2.060064708234719433e+00
1.595337028165886739e+00
2.176322673840208388e+00
1.322265957908102196e+00
1.490821528468111890e+00
1.812207987345272109e+00
1.398543758105716073e+00
1.585699158601530989e+00
1.614253672315663746e+00
1.593193008129941024e+00
1.277565531276939392e+00
1.535086353108475965e+00
1.316300525670869082e+00
1.504003108873870120e+00
1.613843993813647737e+00
2.123132640312151320e+00
1.561375151023628671e+00
1.712490060839706230e+00
1.567639527596716542e+00
1.994904581812184663e+00
1.604796815558286571e+00
1.702309359001163980e+00
1.667968683334109414e+00
1.841021176733077747e+00
1.645953700182106294e+00
1.997132764704373287e+00
1.334967016352261782e+00
1.849774799050313279e+00
1.849616891245479344e+00
1.674292628831595575e+00
1.182455057717248348e+00
1.768421093899766872e+00
1.563358377474357574e+00
1.595797769327536697e+00
1.967103892536006926e+00
1.861624168958593506e+00
1.331507103346088794e+00
1.431246553318371584e+00
1.090285907848657532e+00
1.735878552367989602e+00
1.839825582715004293e+00
1.776625898794054415e+00
1.511578173487247989e+00
1.384857026311759443e+00
2.064941804542514969e+00
1.665030060111133192e+00
1.464089248412846489e+00
1.487632087862953867e+00
1.461160320129534895e+00
1.283241390626498335e+00
1.748999776603983980e+00
1.568487389362652085e+00
1.766674188382837407e+00
1.764669655885291899e+00
1.595595137398616803e+00
1.228768342473895325e+00
1.392808553534014004e+00
1.600330352008479284e+00
1.607070253686943451e+00
1.706283920570559109e+00
1.881952789258932945e+00
1.884682702618673211e+00
1.716760125101309375e+00
1.626442962873389630e+00
1.310031761570723763e+00
1.351292924007672758e+00
1.264981932361247896e+00
1.578748208608650394e+00
1.546770108970060953e+00
1.418294454635162349e+00
2.061106124078612378e+00
1.498849400485957606e+00
1.630009268948417134e+00
2.213810266242276725e+00
1.333288832089606135e+00
1.533202271153766283e+00
1.768961966205323755e+00
1.438995418544156912e+00
1.568093839764792108e+00
1.505354240141380417e+00
1.445171837462936093e+00
1.654086863326420742e+00
1.635075392962598961e+00
1.729633891586102257e+00
1.560710410543167503e+00
1.325778713173408008e+00
1.696401486719961493e+00
1.569937040009303786e+00
1.064837632970571546e+00
1.703725363122616798e+00
1.675186116415942728e+00
1.644717984223721174e+00
1.801508043585357655e+00
1.779359712680397054e+00
1.977920100290301075e+00
1.991572218797477811e+00
1.924982789216619139e+00
1.667006890764149318e+00
1.499275136406134967e+00
1.286017726195891386e+00
1.427283793221282293e+00
2.021407409014222445e+00
1.153433123671701255e+00
1.815311722859702659e+00
1.655052892905314765e+00
1.449803196149677786e+00
2.057249759390803234e+00
1.632765064215928374e+00
1.803820217713324237e+00
1.753528223656165563e+00
1.247961081171995446e+00
1.602412043219189286e+00
1.269361359815232015e+00
1.666543547543206216e+00
1.953121994817422324e+00
1.454854641179863517e+00
1.306600110437957873e+00
1.542680178194350438e+00
1.756066280871074747e+00
1.842077444731347047e+00
2.106834507906750531e+00
1.468802817924497184e+00
1.514799284829197346e+00
2.080601116025146524e+00
1.575185160618085556e+00
1.618571567448220838e+00
1.660192837683900580e+00
1.294907425572518811e+00
1.315121169293639536e+00
1.743370164153406510e+00
1.223032658463887978e+00
1.837577482933797413e+00
1.360942273438178862e+00
1.239354398403190061e+00
1.598058828615570581e+00
1.862499724337693507e+00
1.114736768336840322e+00
1.607265366173195265e+00
1.276139003667917660e+00
2.153954400581853612e+00
1.874535029283994181e+00
1.485793379579559259e+00
1.517331289081495616e+00
1.721457938916528096e+00
1.805895817171387252e+00
1.868110422099112933e+00
1.860553233061667644e+00
1.392854793962162274e+00
1.691604646656980959e+00
1.395993722232414358e+00
1.577950550739209534e+00
1.179810628817645313e+00
1.812640489822582524e+00
1.301231401838551349e+00
1.466710366067615068e+00
1.364184564001358124e+00
1.547317670821687585e+00
1.778502262052573002e+00
1.541982387142030175e+00
1.830081239804719484e+00
1.960477076072641767e+00
1.708572125504514094e+00
1.921203707891831147e+00
1.579978770812612288e+00
1.431438805667790026e+00
1.805362046711295854e+00
1.420527629936964242e+00
1.415606500190306205e+00
1.915322408297130741e+00
1.312019550953934965e+00
1.114214576867022855e+00
2.225331385085889124e+00
1.379129064020024442e+00
1.351280825715921674e+00
1.498006463818572609e+00
1.369547922527998729e+00
1.202216065673578971e+00
1.806309449177112114e+00
1.544930656768342070e+00
1.498475518030197851e+00
1.255582793424993904e+00
2.151497153440923515e+00
1.788685142902018299e+00
1.877982816420786571e+00
1.273805683052115167e+00
2.109536072124230888e+00
1.837225899704458598e+00
2.187361828820341358e+00
1.426109271853059912e+00
1.496912053216640892e+00
1.075199534141269453e+00
1.331566255282839339e+00
1.028638891833674629e+00
1.621059793372794600e+00
1.618650419826721532e+00
1.671726978422917398e+00
1.836064720262375216e+00
1.185253810323713797e+00
1.213540606647717457e+00
1.226175290061542578e+00
1.759269166133284212e+00
1.907982558143666907e+00
1.942590316845730136e+00
1.760648529287741404e+00
1.519891470978363301e+00
1.165396491586940142e+00
1.565777646195251949e+00
1.815008902642479605e+00
1.821500151719662286e+00
1.184998708104835208e+00
1.842941656832695063e+00
1.672105598113962088e+00
1.789837372345461253e+00
1.502249937910543398e+00
1.313898159993236447e+00
1.380229935432382815e+00
1.124266491033642623e+00
1.514437449798772262e+00
1.503829723137497298e+00
1.434978325699925561e+00
1.889531072737287154e+00
1.733696880613169400e+00
1.940849850583031833e+00
1.457011842447717642e+00
1.253066367347561716e+00
1.385648429078492949e+00
1.588086609628034163e+00
1.541687865208260177e+00
1.632970231959303131e+00
1.365863093043675258e+00
1.412640136018034509e+00
1.637737747361156737e+00
1.164286198496386815e+00
1.581104485155110817e+00
1.797157543644920752e+00
1.393846427820485623e+00
1.663548646241608919e+00
1.860780525583718870e+00
1.383096977044726117e+00
1.637336337819232934e+00
1.425627757288455033e+00
1.321614674089372166e+00
1.752577621586448142e+00
2.056148800109922181e+00
1.583504492535502628e+00
1.916208356095820298e+00
1.584255922474955280e+00
1.707839125724373242e+00
1.759646066209252790e+00
1.750417027975882833e+00
1.394501262473311298e+00
1.992354518324709112e+00
1.320275606142399472e+00
1.779267014302901906e+00
1.879296353523561391e+00
1.303049009187200680e+00
1.762548626658769990e+00
1.541881540991827837e+00
1.496827121666897131e+00
1.459935620363322473e+00
1.787905568534772671e+00
1.996315041539285406e+00
1.528765926120484009e+00
1.189379937555162359e+00
1.548982654378014301e+00
1.467239509513647899e+00
1.558858978471094225e+00
1.609066184948019895e+00
1.510511515774167313e+00
1.278444072166076140e+00
1.454313845657931425e+00
1.431308256050278782e+00
1.755875851577281432e+00
1.432657497784364020e+00
1.538058107159220977e+00
1.150323719811687573e+00
1.556394546228731413e+00
1.726726936491786990e+00
1.563991727143557053e+00
1.351844170446159676e+00
1.822716081839297120e+00
1.738601505328766894e+00
1.810275088804582877e+00
1.766949719144309094e+00
1.329519440095346505e+00
1.637271883589825450e+00
1.420812018000487509e+00
1.439654779879850244e+00
1.579108357233955484e+00
1.600558243979938400e+00
1.203123869700022386e+00
1.587061038111879929e+00
1.986378043329793064e+00
1.364628176282366212e+00
1.364489755273732952e+00
1.827897718170276464e+00
1.094200049328720947e+00
1.643352753297706581e+00
1.440328803752450204e+00
1.857241900926638545e+00
1.688255852530518908e+00
1.515037402514417320e+00
1.297436868737823934e+00
1.860213461192006257e+00
1.410684882013847341e+00
1.628010039552770127e+00
1.649419101535949617e+00
1.426178089309344754e+00
1.687582680529445822e+00
2.208193157101205895e+00
1.758742542758027882e+00
1.294706901855052106e+00
1.236784960433024549e+00
1.821385438342309371e+00
1.321374772025413202e+00
1.498926767468070853e+00
1.187774688181403082e+00
