1.516611871883872809e+00
1.309183001699778970e+00
1.645472661986522089e+00
1.627569348061937982e+00
1.355221905939418381e+00
1.510518407038984323e+00
1.332930326282418365e+00
1.367931822491819327e+00
1.055683381757133610e+00
1.246337112546370696e+00
1.441242809402350389e+00
1.493995302764737465e+00
1.519304602866129006e+00
1.482925214665189673e+00
1.946130913537814200e+00
1.565927983823910408e+00
2.071106508440507810e+00
1.202599679957674805e+00
1.319651555624048456e+00
1.033865390969177955e+00
1.604756844227318346e+00
1.525062131746368843e+00
1.447852112001359437e+00
1.113326776285874731e+00
2.785606468665061008e+00
1.560587777380463059e+00
1.159734602873734977e+00
2.312275248597340127e+00
1.374692485241427287e+00
2.025984463224520304e+00
9.562079687075932810e-01
1.556345278146171962e+00
1.276042189317293740e+00
1.265601528566433931e+00
1.447290656159365696e+00
1.096248550330991334e+00
1.424898606789662736e+00
1.626594955613117621e+00
1.784486349461526400e+00
1.315242024100806040e+00
1.791141614240333357e+00
1.532248400480513251e+00
1.396212329026722987e+00
1.542256448655972001e+00
1.567792843941830272e+00
1.049878142760982680e+00
1.271794743142520279e+00
1.538555959929240657e+00
1.813156036086038370e+00
1.453612668091730287e+00
1.554269767469905528e+00
1.497979431865311906e+00
1.024327284588316234e+00
1.391213937612760576e+00
9.732959746262160872e-01
1.288224524306189611e+00
1.754624344281351389e+00
1.309767192666816404e+00
1.949102726980646239e+00
1.348449049697848068e+00
9.436285726289890263e-01
9.712327383770362754e-01
1.700587601784493863e+00
1.135644783790696666e+00
1.562717521671666665e+00
1.599686478072859908e+00
1.479540952246370500e+00
1.233612798669945221e+00
1.253300813996073293e+00
1.400116484179654952e+00
1.640660049690882305e+00
1.539221770228617281e+00
1.091139545065308969e+00
1.294832975592881130e+00
1.312356511349251686e+00
1.397879093732579792e+00
1.123643037731528294e+00
1.556649473952897100e+00
1.799069667452352972e+00
1.379164240068496250e+00
1.207378452983655537e+00
1.240774491300007165e+00
1.119225567348451467e+00
1.223873349839501357e+00
1.101664052351546852e+00
1.753855071207133243e+00
8.852075511500353544e-01
1.205611134147010821e+00
1.517184990720244375e+00
1.570654150804306592e+00
1.891093160707818743e+00
2.069020438051440536e+00
1.484931652007447811e+00
1.713683639571955242e+00
1.480999621205578265e+00
1.643826759690981687e+00
1.135927727432278989e+00
1.915630475276912215e+00
1.431695981815340080e+00
1.166526929188960837e+00
1.494427059893653986e+00
1.289706727315136359e+00
1.505347042276792058e+00
1.260198509018705781e+00
1.307125259322018396e+00
2.388239539022529723e+00
1.080014818866434467e+00
1.931609405371508936e+00
1.255261226020186749e+00
1.670240580129578101e+00
1.324994283843394349e+00
1.666723907260836635e+00
1.098570811112256074e+00
1.209356027038243075e+00
1.707404523027681309e+00
1.602480914568136905e+00
1.293504642060774090e+00
1.433118900775659288e+00
1.234661797984810683e+00
1.345980918509154023e+00
1.981568889880644946e+00
1.572332743244533981e+00
1.423569755681098448e+00
1.141500289279780311e+00
1.603876026033615787e+00
1.309930647385275870e+00
1.100022176564486420e+00
1.297770889227736646e+00
1.723934245088676320e+00
1.242866543067894902e+00
1.071697012923953141e+00
1.253681636099339691e+00
1.313719388719577941e+00
1.634060093682550674e+00
1.219977431627009334e+00
1.329080445381427333e+00
1.412187823280139698e+00
2.119023964274061811e+00
1.566067857066631541e+00
1.429122457605930929e+00
1.065428841337461519e+00
1.565143421611332020e+00
1.231104857368398475e+00
2.018739413046611642e+00
1.215679854845529650e+00
1.609055676606388374e+00
1.997761150343060566e+00
1.434183458765315944e+00
1.762707064548856062e+00
1.346240516338705229e+00
1.539821990485223946e+00
1.228036085163709545e+00
1.576428107670963863e+00
1.290341676413190530e+00
1.032147447079806879e+00
1.879499275028451599e+00
1.074755453767416435e+00
1.651350110656137238e+00
1.513983440104552658e+00
1.434991108488152367e+00
1.416655303768839858e+00
1.480091196725858316e+00
1.437693034731896358e+00
1.083365859182921165e+00
1.463071834227984702e+00
1.785794786540986445e+00
1.813069626314351313e+00
1.533855158315208023e+00
1.889526900549615585e+00
1.576751161947836488e+00
1.351865318648853620e+00
1.302314854220186557e+00
1.580239327793480753e+00
1.044023427830732320e+00
1.693365528023772049e+00
1.200130548323809832e+00
1.382793662589333117e+00
1.405967773512505792e+00
1.395972632615579911e+00
1.436453946184804931e+00
1.582095519613397228e+00
1.482587443615487999e+00
1.266611988560438773e+00
1.446777783328514255e+00
1.324256564476341991e+00
1.161558884891837895e+00
1.709958582893876367e+00
1.475895452514423223e+00
1.711817668200825038e+00
1.268527625641135970e+00
1.358718345869254218e+00
1.890210144518210233e+00
1.323753998724614744e+00
1.610323878942011344e+00
1.875007350716265897e+00
1.555846074981005689e+00
1.343739943659952640e+00
1.490955739527288992e+00
1.794620598768782660e+00
1.401424429734164923e+00
1.357232975753690507e+00
1.404252830312243905e+00
1.529407249894804588e+00
1.648589821805943378e+00
1.320143736026686998e+00
1.658007968142941380e+00
1.324296837010394912e+00
1.322325902550151477e+00
1.563318797478277400e+00
1.709136754614690057e+00
1.148952982275042611e+00
1.222827264776473966e+00
1.217774560882737278e+00
1.578957635871022669e+00
1.270887738538358569e+00
1.580556568906247961e+00
2.116619735033705485e+00
1.423463270938678082e+00
1.282948017485892045e+00
1.327501638158463670e+00
1.662829859629189500e+00
1.336743966769803338e+00
1.474710004680382935e+00
1.865016200566260052e+00
1.713827701449954111e+00
1.312378821412012453e+00
1.391032371315245486e+00
1.474337881263166672e+00
1.311776272379031161e+00
1.952814015554323435e+00
1.548868748271037932e+00
1.825371526608906780e+00
1.353942385092778977e+00
1.510622474815280114e+00
1.287049898217214272e+00
1.027858488520549729e+00
1.502884663299069778e+00
1.228751907748140804e+00
1.157431385804116530e+00
1.277222112754995864e+00
1.598705995365909516e+00
1.422829077427343547e+00
1.467879554562884215e+00
1.772183417200896560e+00
1.879487612236230065e+00
1.173741529368031333e+00
1.645990631062361764e+00
1.570307341907000831e+00
1.637192930435551919e+00
1.619586181214975884e+00
1.602156285216217446e+00
1.034598572399199501e+00
1.402619750976155544e+00
1.087591990538531617e+00
1.551119917213558574e+00
1.347170146174664795e+00
1.036813315930053880e+00
1.702135013626735027e+00
1.223498167858853458e+00
1.710409747543003345e+00
1.565003145279632690e+00
1.970398477553933159e+00
1.364267339651553890e+00
1.454956764922578083e+00
1.337636325002119930e+00
1.273818741187753512e+00
1.073027393359890613e+00
1.254888524392625326e+00
1.231793215432821942e+00
1.290126630768380966e+00
2.005541585265257609e+00
1.289056382817126423e+00
1.383994265580886784e+00
1.522173001391687430e+00
1.617102453467321732e+00
1.579345402063440096e+00
1.197411701552417718e+00
1.355255408517310522e+00
1.155628614387933739e+00
1.433340595901127834e+00
1.351209441595071059e+00
1.956935402478843677e+00
1.303329759286412148e+00
1.585726143412290234e+00
1.010011442161968365e+00
1.197653578605373026e+00
1.434360910137348677e+00
1.636173530603475923e+00
2.044245824932456657e+00
1.467707986159545230e+00
1.330777280262699369e+00
1.676780255923658203e+00
1.223003835945013718e+00
1.395870163730291713e+00
1.379169049193927021e+00
1.442237373541674250e+00
1.281008813694594073e+00
1.110746465903637015e+00
1.186901826173476060e+00
1.429229468597636776e+00
1.614457629132729943e+00
1.615282288587918780e+00
1.328435742606592251e+00
1.294513329138782254e+00
1.328837654595599549e+00
1.192919951370840392e+00
1.282510481863794238e+00
2.137604571819383903e+00
1.401936496599264892e+00
1.353460986278829603e+00
1.531015217459658073e+00
1.200095219424460069e+00
1.185125445213767170e+00
1.227246044036595318e+00
1.292770673159856498e+00
1.364014227865591788e+00
1.951153159900202549e+00
1.786483786708583210e+00
1.244788894115742561e+00
1.659409187053636936e+00
1.968722902875271741e+00
1.697485175398094182e+00
1.252190341426856923e+00
1.394499524864882378e+00
1.631394271089346093e+00
1.442019287407008132e+00
1.681482109937193714e+00
1.055924795113782899e+00
1.790776626918463288e+00
1.780739458397816666e+00
1.362482376021517450e+00
1.397250716662166381e+00
1.042037475718646133e+00
1.533930615927161734e+00
1.613222561411597367e+00
1.020395391645130712e+00
1.515209657718082026e+00
1.325918949334428332e+00
1.432954382004784311e+00
1.598197869882361122e+00
1.399348950839909289e+00
1.802791071644449072e+00
1.797318162301522637e+00
1.496103470566042093e+00
1.742025580484900305e+00
1.761092818585068498e+00
2.031507635982856996e+00
1.236102402872620853e+00
1.531355875997984617e+00
1.183697269724870882e+00
1.251902232881139110e+00
1.461372661532111872e+00
1.524520336143773580e+00
1.834812365081433860e+00
1.323078873749488515e+00
1.174012897600848815e+00
1.472306018496661872e+00
1.544986339717297597e+00
1.417277954857615985e+00
1.368783487013078393e+00
1.640547719083823131e+00
1.699395187070187996e+00
1.678028206316873217e+00
1.397914032869708389e+00
1.084050105327893920e+00
1.204839748891256113e+00
1.397201096418605237e+00
1.545107712967145330e+00
1.572840995156691069e+00
1.844511503778769823e+00
1.619114857402222052e+00
1.438936004066340590e+00
1.379070904751951598e+00
1.248227858486082198e+00
1.073437424995195677e+00
1.048700434165032114e+00
1.945303830845982906e+00
1.549969570302916599e+00
1.607807431465050119e+00
1.370192069646770427e+00
1.512183734405045499e+00
1.300667852662237944e+00
1.606123348247983973e+00
1.321278981345811010e+00
1.410750773609994901e+00
1.474419702883219774e+00
1.162551095119856770e+00
1.283921412657861749e+00
1.357596734577406483e+00
1.431221085690805861e+00
1.339871715285278375e+00
1.680338797902846570e+00
1.115734677297226085e+00
1.280377190834862455e+00
9.701832968365600163e-01
1.460078680250279426e+00
1.441762972976004420e+00
9.558204690168510265e-01
1.394625666585684209e+00
1.414986782787442721e+00
1.620820614097439938e+00
1.590330577261520162e+00
1.000252533034386104e+00
1.979616816573551707e+00
1.217272952841564893e+00
1.606395307326526911e+00
1.451684784612776724e+00
1.334640877976848383e+00
1.670081375571383031e+00
1.259872710324472678e+00
1.262309243752596899e+00
1.622274174485958786e+00
1.220631369383372578e+00
1.878974063631593472e+00
1.610596743746572690e+00
1.629064308640711944e+00
1.947211279560452368e+00
1.287363551796220085e+00
1.616980812770310694e+00
1.204971066953097969e+00
1.787852478214030372e+00
1.400552728707651573e+00
1.218683086612297739e+00
1.288704455279139571e+00
1.280286642129656149e+00
1.289990679541123342e+00
1.350582889267137654e+00
1.481674951647383276e+00
1.669387631057215549e+00
1.438031965351060260e+00
1.250551320468524574e+00
1.134825194126460657e+00
1.749239156786804417e+00
1.468255341263483782e+00
1.492978203307659735e+00
1.411870696356897215e+00
1.394957887128518648e+00
1.660351852840612041e+00
1.193663009084396487e+00
1.393852629931358278e+00
1.940074846237613615e+00
1.863612363091267543e+00
1.961467069226432880e+00
1.831227294029789565e+00
1.770318732677566897e+00
1.507590681902522434e+00
1.689590430693360679e+00
1.583412023000152713e+00
1.534118998955166013e+00
1.474305559369991858e+00
1.134565210400468205e+00
1.324903784299034104e+00
1.605208380903448973e+00
1.762186124775089846e+00
1.750018831372305073e+00
2.294938712723117114e+00
1.292360939648185436e+00
9.841550338635567385e-01
1.818191895538950442e+00
1.831381825829097698e+00
1.477848360511784698e+00
1.980801655796721850e+00
1.707634971701532889e+00
1.226812692657468951e+00
1.798263829858116836e+00
1.210731979786211499e+00
1.906012184906389129e+00
1.192168865118033771e+00
1.313657056970027659e+00
1.325777930552062278e+00
1.493109401279702153e+00
1.464789073975604872e+00
1.146165769455582017e+00
1.050301636542677608e+00
1.847525288126962373e+00
1.104285921286073835e+00
1.565291519633906114e+00
1.727624799216759266e+00
1.397184597832395347e+00
1.877655741557867852e+00
1.537192789337801235e+00
1.997680433174933601e+00
1.723936813005672475e+00
1.435978074222351575e+00
1.346408335091677788e+00
1.186722432094142299e+00
1.261475588005608106e+00
1.423058789181471218e+00
1.162400991342645185e+00
1.458718899961040760e+00
1.659752849544354314e+00
1.004377075462539848e+00
1.989611032685418612e+00
1.221667807747886414e+00
1.227693301310956775e+00
1.699814955499394431e+00
1.810751664572143760e+00
1.369371253910154573e+00
1.399627930865358527e+00
2.082817161724746402e+00
1.842469393219144713e+00
1.640500474643190154e+00
1.134482789282942550e+00
1.714475001061851023e+00
1.376130220822402883e+00
1.578561981366779055e+00
1.532666748896570175e+00
1.132218543525619792e+00
1.637245464576679632e+00
1.218251119930504389e+00
1.830283723274519936e+00
1.310912886230842345e+00
1.589287763904300155e+00
1.371049582848817616e+00
1.445610065542218381e+00
1.229044400174352347e+00
1.537452762181588550e+00
1.292339094197609173e+00
1.314238594886623979e+00
1.153565931483605311e+00
1.050172730445492197e+00
1.326511179870387469e+00
1.421516575401717830e+00
1.319519805858413442e+00
1.447066433631547966e+00
1.446044748062802032e+00
2.022482554676728661e+00
1.482554547889239238e+00
1.533933075822491388e+00
1.234624246693002414e+00
1.373543128959616277e+00
1.363128481364911382e+00
1.468293587800144628e+00
1.573058021376755988e+00
1.509220397866311680e+00
1.826062483548921422e+00
1.545738301203068099e+00
1.366749922883336632e+00
1.255374131106643310e+00
1.295179307026094184e+00
1.083249476227233554e+00
1.506431823033456130e+00
1.567729085480616291e+00
9.779280834664022537e-01
1.441485613286946021e+00
1.474493867439017780e+00
1.217695619346259139e+00
1.506784639695223138e+00
9.782138258099987160e-01
1.190044282469526093e+00
1.714077128516938719e+00
2.021583305093348493e+00
1.378274496418891548e+00
1.717020625591333616e+00
1.212595721482127242e+00
1.018374092807139197e+00
1.452148631864915718e+00
1.161185107693387453e+00
1.250271537075363870e+00
1.286794175916169403e+00
1.301110588125594436e+00
1.162802827321138377e+00
1.264100692817480276e+00
1.701114065583359647e+00
1.607317381604204121e+00
1.729115252870224939e+00
1.436045119877256804e+00
1.922579626942955811e+00
1.071774476050767033e+00
1.659073517913490114e+00
1.411471574535317686e+00
1.366250862844300862e+00
1.454630078408457816e+00
1.726581512946481656e+00
1.194353353087096004e+00
1.344533353099093054e+00
1.408302276832675171e+00
1.536738886997939701e+00
1.472731296175615601e+00
1.389701447964764247e+00
1.730763697360653275e+00
1.807728020115046741e+00
1.400012191412501439e+00
1.272503540808851197e+00
1.307669964764721415e+00
1.408613900111253869e+00
2.041593643039193662e+00
1.942469837513047137e+00
1.219982190238370290e+00
1.793472622501059321e+00
1.428123183667823870e+00
1.655517095669914118e+00
1.537007031868271367e+00
1.166442148938867218e+00
1.349956845808441219e+00
1.960900772567904848e+00
1.394977584653045888e+00
1.395269234415334125e+00
1.713832090936354691e+00
1.492949684073465511e+00
1.364640494707075158e+00
1.780853820441297808e+00
1.493889511199202991e+00
1.249671370474488619e+00
1.295941253352714151e+00
1.520954269141862047e+00
1.362264521423262709e+00
1.246924401876103872e+00
1.742183612242647728e+00
1.492806520771315704e+00
1.374817040175585703e+00
1.219599691401787700e+00
1.259114483225749481e+00
1.576807610485990940e+00
1.249967063562561709e+00
1.490192069256578655e+00
1.155067904229609699e+00
1.204493461209307004e+00
1.486608345127443442e+00
1.369755755723317314e+00
1.395357363829840658e+00
1.517943457391148998e+00
1.227855920447243676e+00
1.304594798646962817e+00
1.091191026914076989e+00
1.531308632460127273e+00
1.068175685608906189e+00
1.745045346543567133e+00
1.140371083709399880e+00
1.358591444454911867e+00
1.457073582942236545e+00
1.652444416906827973e+00
1.327245611992759144e+00
1.752626875849953469e+00
1.974134322793545282e+00
1.091674010631940694e+00
1.316313256640326612e+00
1.412829429012798732e+00
1.271906201760506727e+00
1.033600254992640410e+00
1.435511441024416301e+00
1.541667636187845414e+00
1.251076551897815747e+00
9.116738561675830077e-01
1.459649058022738588e+00
1.684216791162386651e+00
1.746681699397317766e+00
1.508121828982365464e+00
1.646586402140552519e+00
1.681444215325410552e+00
1.936382145009090339e+00
1.260401448249144574e+00
1.636386013820074092e+00
1.548606949894601348e+00
1.654939910460161423e+00
1.273090926675554346e+00
1.098623986828586307e+00
1.360875976034591872e+00
1.400556518947814633e+00
1.141624121807029546e+00
1.307689466114649868e+00
1.518235239011522131e+00
1.723360938972196887e+00
1.240877817081564860e+00
1.510259324386675317e+00
1.095305565811129256e+00
1.480533950839864721e+00
1.479760365173874659e+00
1.587431645028650307e+00
1.851618011854035073e+00
1.330711834240431157e+00
1.574112395570984591e+00
1.711882397630169361e+00
1.745827210265572305e+00
1.710040271249037902e+00
1.397181557803896190e+00
1.297548294069332364e+00
2.132358912715542232e+00
1.593125038707870145e+00
1.569530529359992377e+00
1.533361898388145184e+00
1.258002870608059043e+00
1.215608477510498719e+00
1.284538021024700383e+00
1.364479585849399879e+00
1.319015790406647737e+00
1.467582199039960233e+00
1.463167762035500585e+00
1.154693027329315447e+00
1.173767079750512865e+00
1.421951128803550235e+00
1.160185934530671981e+00
1.438101100722423364e+00
1.400575722730228456e+00
2.060821117973234529e+00
1.374839133334395225e+00
1.234998794704514902e+00
1.849486315117085500e+00
1.531492368609762567e+00
1.156995836254113508e+00
1.884092277213104127e+00
1.209819232970093861e+00
1.659050824442731775e+00
1.827095615049627808e+00
1.379564424975246784e+00
1.062950862441232047e+00
1.173413502887783011e+00
1.604163731095955336e+00
1.347789019380302822e+00
1.648636599968169802e+00
1.708715944312064972e+00
1.391045609862515020e+00
1.296718695764104146e+00
1.365389421925978786e+00
1.316966004290604175e+00
1.285302037150014787e+00
1.660857240277775482e+00
1.227430350699280526e+00
1.279452700861242409e+00
1.598374345130880947e+00
1.401129138978826072e+00
2.317389762001753173e+00
1.656211209720406918e+00
1.340501221873957594e+00
1.794129541529707605e+00
1.455102538797347744e+00
2.071340317898987315e+00
1.580529120465014925e+00
1.165458772037766044e+00
1.072667935051837995e+00
1.110257692409824637e+00
1.558940788358895491e+00
1.146648883585410950e+00
1.211985956382388929e+00
1.523404315765934713e+00
1.766721649328713228e+00
1.730511562199963604e+00
1.480799474423947659e+00
1.602514016895766558e+00
1.608025557267672712e+00
1.307236059030727926e+00
1.454953408784298574e+00
1.499464395348335533e+00
1.185094635170871102e+00
1.523016430142494659e+00
1.170645512884322059e+00
1.878175611471022854e+00
1.577671381564033304e+00
1.335685731872662041e+00
1.729389633300710161e+00
1.396096954018525960e+00
1.203523006592686295e+00
1.897062714032086594e+00
1.563077158191339189e+00
1.446031528262782695e+00
1.322539244203054576e+00
1.864044646543182360e+00
1.691002519952026661e+00
1.427501059369497449e+00
1.551439779807684438e+00
1.516250781373714718e+00
1.243355546495543917e+00
1.109555411319294027e+00
1.311465764205488105e+00
1.421782137086574638e+00
8.831647765940061623e-01
1.217542026573066538e+00
1.757382067464040354e+00
1.406093123623377794e+00
1.177243125218170094e+00
1.284248502176364548e+00
1.593388757032244474e+00
1.291231311359978484e+00
1.495859234879086674e+00
1.755433113488412467e+00
2.526004505837691205e+00
1.830141171416655110e+00
1.382877897359329644e+00
1.502552680868984858e+00
2.076653671566316639e+00
1.654838970389290953e+00
1.332747738873299781e+00
1.441657437030237521e+00
1.576812369848963113e+00
1.799730647976718778e+00
1.208346026518130722e+00
1.434571328671859769e+00
1.532448648259085111e+00
9.769685000863812530e-01
1.503352279189112961e+00
1.785186044561263508e+00
1.431578750492803698e+00
1.087027309336598968e+00
1.550016119905424317e+00
1.647662148981992258e+00
1.231608277782531014e+00
1.444773965915033598e+00
1.306211500555171323e+00
1.319038677540855131e+00
1.594731063066346932e+00
1.930490611377950527e+00
1.392220982917609318e+00
1.607896401700367628e+00
1.088957358641628348e+00
1.289780079685580949e+00
1.356558115666129272e+00
1.347032346061318053e+00
1.667109182738728990e+00
1.219677816250184232e+00
1.603049289102304931e+00
1.466028904065670435e+00
1.403307545060804573e+00
1.287116049759111425e+00
8.988276546369791120e-01
1.225138937393708716e+00
2.014110373052190095e+00
1.834356595748279695e+00
1.172244549560841564e+00
1.067008288736405852e+00
1.239212772037301624e+00
1.089808768718549370e+00
1.132068752093519093e+00
1.523119244722972665e+00
1.251066233692823770e+00
1.774167230283616670e+00
1.656333673649329707e+00
1.690518874785729153e+00
1.169275139991268198e+00
1.407664896823057177e+00
1.948534547175835074e+00
1.452087101580027850e+00
1.148435776251591323e+00
1.361408462530032448e+00
1.545783826400734862e+00
1.623807236235611295e+00
1.407452636547712022e+00
1.211017925899049663e+00
1.325798867946766713e+00
1.969033495762952723e+00
1.407509400032455726e+00
1.061013041307313332e+00
1.510110556563681428e+00
1.360438361794341855e+00
1.321835890979021544e+00
1.514112859521322907e+00
1.689457850904991787e+00
1.248135418746145087e+00
1.455762132366767103e+00
1.732215243593757670e+00
1.491278561247597612e+00
1.026062943785352344e+00
1.422554336903719463e+00
1.455306901148607501e+00
1.258113089783395422e+00
1.383671313804986536e+00
1.249284033570867480e+00
2.086732017753854862e+00
1.352262660433833696e+00
1.140764886390742472e+00
1.281111880790207325e+00
1.370742673517849841e+00
2.105789423071849242e+00
1.053923178391544813e+00
1.401437492127292517e+00
2.060930232452847122e+00
1.707454113378680249e+00
1.167328049668157730e+00
1.094855952344451655e+00
1.387036185734676463e+00
1.309653014402300863e+00
1.555077509499633415e+00
1.843388748872596183e+00
1.218981729050893303e+00
1.125502980424152977e+00
1.481053520269187684e+00
1.722052794749615590e+00
1.529479314804005341e+00
1.570434997966397184e+00
1.414559012791015036e+00
1.712432520049264051e+00
1.689916252457315915e+00
1.313229389614293252e+00
1.259481855034582543e+00
1.302114230981667120e+00
1.277106712447063863e+00
1.573705670145772118e+00
1.571701621103356539e+00
1.488434798787952484e+00
1.755608581047138905e+00
1.328808538844450160e+00
1.974376837729987288e+00
1.753102387681363394e+00
1.407748401047755449e+00
1.408956993201042396e+00
1.227316364722149000e+00
1.317938942805184643e+00
1.539804156885666409e+00
1.341929085598474014e+00
1.555674903867339864e+00
1.320378683490706972e+00
1.730436616802976335e+00
1.296226250098798660e+00
1.133393923453680951e+00
1.151725449982326621e+00
1.842383105770478258e+00
1.425691313842382124e+00
1.661536673291560628e+00
1.752011400429917654e+00
1.697427086920828776e+00
1.261663970795330103e+00
1.707813448427732084e+00
1.330632189476358196e+00
1.614563301978026111e+00
1.468713453364504540e+00
1.577845010737884746e+00
1.448056431368589525e+00
1.687621243445243779e+00
1.257079014750216217e+00
2.020422644087430442e+00
1.371287697113723336e+00
1.426737977417442460e+00
1.386262761707005797e+00
1.611108552670461158e+00
1.643500848684918525e+00
1.185491383427960344e+00
1.034700570287676147e+00
1.401184127471296836e+00
1.068518762849438364e+00
1.411874775047919028e+00
1.421567306717984591e+00
1.339044561106202291e+00
1.444676228368172666e+00
1.225856676949832691e+00
1.173316298083761700e+00
1.049395379753022661e+00
1.534572573466519874e+00
1.687094966284206743e+00
1.729928343217897568e+00
1.396154497223715207e+00
1.364403712213053677e+00
1.545575378224801844e+00
1.562979907652326306e+00
1.370298765049390743e+00
1.584998758000667474e+00
1.435679189847516302e+00
1.309903202754858498e+00
1.137436164029165919e+00
1.607752581174887840e+00
1.277215424830629775e+00
1.297344057526512939e+00
1.283591092041856507e+00
2.084261855257824703e+00
1.419210421295933999e+00
1.631078153455751023e+00
1.692981358945949477e+00
1.363993157535119183e+00
1.438667368391330470e+00
1.376681201189659420e+00
1.893925141182377203e+00
1.118051698666293836e+00
1.556730031526046387e+00
1.458489333427192003e+00
1.353989316053263670e+00
1.746781956368728572e+00
1.414776065220323620e+00
1.893473323645292972e+00
1.460987654510529588e+00
1.370065764739730962e+00
1.601862062527924069e+00
1.338967184734666693e+00
1.310487007164867324e+00
1.502415742750669692e+00
1.593483345966350884e+00
1.419128738926710431e+00
1.027388019441554778e+00
1.331771221568834429e+00
1.875040231624918174e+00
1.255747584849545850e+00
1.441321245248929239e+00
1.477222853143680403e+00
1.550760378860318589e+00
1.427627262677422681e+00
1.547230584582414137e+00
1.397860770912883632e+00
1.584246041436129682e+00
1.328942580008482643e+00
1.049253997547894945e+00
1.466266753128796507e+00
9.820913831266419036e-01
1.731723033939863932e+00
1.509451847531735780e+00
1.314168674383146440e+00
1.487526458267447671e+00
1.479367156059707034e+00
1.236107803477346945e+00
1.269271831874746459e+00
1.797418438418256770e+00
1.595976396745235393e+00
1.503455562198078077e+00
1.364183087791998261e+00
