8.719509416608146879e-02
1.280544446405448844e-01
4.460577208575326053e-02
9.045915194022922934e-02
9.306961995755608230e-02
6.650831205782317679e-02
9.165087558574618043e-02
3.948179664829824104e-02
5.046668161874130060e-02
1.009753802070080808e-01
1.581140506510054777e-01
9.667091069730919528e-02
7.399476577485379625e-02
1.226892108972384987e-01
7.210745102050174216e-02
8.687434438164280681e-02
7.967054742001852818e-02
4.415357484697689933e-02
9.372397531661967596e-02
3.051274114292057069e-02
7.563241956416180689e-02
6.605445372855976716e-02
4.020951034953401670e-02
4.979437011594292639e-02
1.141759409210202497e-01
1.220896258766604042e-01
6.955027662406430833e-02
8.971112348641262224e-02
7.144932654897839797e-02
7.635637122052478520e-02
8.677188367081298259e-02
6.429141533408323783e-02
4.635553254632290149e-02
1.142966037718561867e-01
8.529344480396440498e-02
1.252729566808920003e-01
8.033241286744824405e-02
8.015076816807743809e-02
6.762434012718594734e-02
2.797478996959517836e-02
8.806487481157700137e-02
5.265147987998967244e-02
6.348841457661931476e-02
5.702756733580419818e-02
4.334174914065970496e-02
5.420973218597317789e-02
1.610079617843688804e-01
8.457712608128335752e-02
9.557795242008926273e-02
6.009457049353772451e-02
6.842497766367033885e-02
7.209991593853273817e-02
4.890588010643607403e-02
7.440486185578182310e-02
7.256652928181760165e-02
4.448265231998094205e-02
1.164327729511806381e-01
1.206519987345642669e-01
6.089942923150601373e-02
6.541449373036330173e-02
4.903203118341337152e-02
9.174853500159015074e-02
8.208457286412590426e-02
7.095343754942497194e-02
9.343470877362188010e-02
5.648059130291425284e-02
7.843930073527463631e-02
4.549935021757032377e-02
7.144288139036465701e-02
9.107238136866656342e-02
5.257761765418758615e-02
8.922511913405406503e-02
7.079659409907351764e-02
7.322862425603737790e-02
6.868267297426532136e-02
8.443402401879748775e-02
1.064827046765466495e-01
4.924924767654751540e-02
8.752332039515434148e-02
5.077539583166564702e-02
6.841653222260149492e-02
7.932021868220708039e-02
7.832421121582541779e-02
7.846069694060169020e-02
8.088230314105124275e-02
9.633570516323350374e-02
5.834867549842019663e-02
8.151830601075919780e-02
1.262503582638433153e-01
9.688629776505494617e-02
6.048459733096704649e-02
4.479087031247267620e-02
5.386798092348749761e-02
4.412942602054095026e-02
4.971802264212739353e-02
7.539653688843132862e-02
4.751432750892604917e-02
8.011400218007390384e-02
8.429963343816983257e-02
1.001104136153472685e-01
9.090383886666127122e-02
5.822275882244584699e-02
1.010239410878000788e-01
8.151920670713853900e-02
8.252942571334830058e-02
1.003803135423953219e-01
4.696107905393294424e-02
7.784245467341560643e-02
4.765129087655943507e-02
8.264468360604562691e-02
4.373141019601266277e-02
7.444399399019285823e-02
6.645824546147201251e-02
7.140318808191040145e-02
8.433859506407616335e-02
7.534511730422810416e-02
5.791166435115445432e-02
7.576839585065762994e-02
1.111736386191671949e-01
1.098596709369889651e-01
7.784100829807817645e-02
6.114384178558399802e-02
5.276540558041296208e-02
1.005751400697759701e-01
9.022531574579736868e-02
1.538730753304748677e-01
7.225373242333647805e-02
8.194177634749377770e-02
9.169659438401327189e-02
1.032532029726989098e-01
7.241310372483997226e-02
7.660512785887013676e-02
4.718901593215694273e-02
4.857054352513535955e-02
1.134986073444159832e-01
1.007022490587212854e-01
9.233659170441779751e-02
7.429898191979103506e-02
6.522356208402169120e-02
1.312922174063599901e-01
6.827412725221088108e-02
4.370627769814690311e-02
4.895421514014519637e-02
6.903364865966672703e-02
1.185430388072329644e-01
4.221011046613967754e-02
8.141937337335437841e-02
6.275361480546010062e-02
1.009338259541541355e-01
9.620057299393207362e-02
6.498659637859968696e-02
5.002045710002846896e-02
1.079809910446968696e-01
1.052572023722683908e-01
9.254633667545786313e-02
9.083275627796232043e-02
8.187680310892603286e-02
8.621944709719149558e-02
7.762600221496103459e-02
6.386968197936014613e-02
8.473280177440063732e-02
7.188603734036692894e-02
1.069765383117963070e-01
7.459266091756293349e-02
7.565711678131969986e-02
6.860759479908790093e-02
5.315721135317038465e-02
4.521633852291887662e-02
4.534512665374550860e-02
9.679717140778129614e-02
7.325550618903903244e-02
8.758012084643461426e-02
6.298189505491237627e-02
5.849600267206112036e-02
7.836233898315221602e-02
1.265924171023450895e-01
6.858038308765827817e-02
6.793151776230038630e-02
9.056680303869486803e-02
5.872539098245680572e-02
1.057967493250480673e-01
9.739793600035606680e-02
7.500379041100707633e-02
4.957708770949086768e-02
3.956981237739300855e-02
6.868793463199170113e-02
6.537530018044057645e-02
4.802453123142693542e-02
8.974895100171090268e-02
9.033026619322860606e-02
8.392626496574426276e-02
9.024965250833644204e-02
5.589933937679456705e-02
1.148368646464488635e-01
5.626092234782260892e-02
5.683050580277375363e-02
8.193091985021468127e-02
4.192735338676730622e-02
7.195286640999688788e-02
5.732482232054451204e-02
9.143809143963656239e-02
5.252430849307682809e-02
8.343579020431507454e-02
1.114801445818606185e-01
8.521593194074587874e-02
8.407675601980875435e-02
8.351002246255076478e-02
1.203680593609769145e-01
8.386958672041797125e-02
9.040156792041367795e-02
6.878408319764486856e-02
9.228808494190968159e-02
6.614384264121485335e-02
4.469502905501220730e-02
7.847263965147671660e-02
7.209132509235846586e-02
6.408598251047119276e-02
6.206434035569513563e-02
4.466746410313626736e-02
4.597986554791716474e-02
1.050584658177628472e-01
6.567501429469345398e-02
1.165556785323284550e-01
5.956996037680271916e-02
6.206238907454469239e-02
6.499062424680866756e-02
9.898373538210732125e-02
5.582183564768105483e-02
6.637701786014264804e-02
6.008548630681580238e-02
5.214444299888968543e-02
6.002699362163656238e-02
3.656077168140386968e-02
1.724004101043732640e-01
7.822479474076615702e-02
5.209798548362834514e-02
4.800788960408385736e-02
5.411127809804539002e-02
1.177875984321585801e-01
7.174342250950138666e-02
6.913015454533420756e-02
3.965778929697803129e-02
5.456692782987010437e-02
1.077748129397908122e-01
8.953240373832611898e-02
6.290354882756139798e-02
9.516931521296786989e-02
8.351986429007353385e-02
8.301382925813913238e-02
9.235070592677110946e-02
5.458307225748310759e-02
6.718859065887231030e-02
1.240758498430962614e-01
1.058371123611740183e-01
6.324780874089276639e-02
1.010114574889415806e-01
1.290500712347044110e-01
5.137677605602569697e-02
9.335086585691590444e-02
9.834573807944502200e-02
4.940320073460787581e-02
7.230532533733181888e-02
1.003843161928440891e-01
4.642012459618241604e-02
9.734840884065190658e-02
8.189576251841350352e-02
5.021066359379546679e-02
8.607635809096356172e-02
7.691019257510119111e-02
3.831367072418014053e-02
8.267052078391687320e-02
7.099385835505034326e-02
6.024089853967169728e-02
6.758483521960599594e-02
6.601420894200400735e-02
7.647968456871520604e-02
1.018741930106749349e-01
1.074724877088756164e-01
1.044525411033233181e-01
5.399008746472582637e-02
4.628419795198386588e-02
1.040545976041369336e-01
5.785548521987776693e-02
9.766334050958339064e-02
6.792755470576192223e-02
7.898148893692415184e-02
6.073296875902679109e-02
9.603163408636669618e-02
8.452007855356921673e-02
6.858202916721231612e-02
5.456067228733297442e-02
9.670718730831627530e-02
8.288964064778027441e-02
8.584318702380597244e-02
7.801565928335925382e-02
5.004791261344887499e-02
1.003832078456984300e-01
9.220644484130799401e-02
7.775076459507873627e-02
5.814349627271146737e-02
7.131844080278208764e-02
5.848409478913171172e-02
8.007804851976520200e-02
7.348181350561802661e-02
9.707687636728433433e-02
7.807646645376795091e-02
9.728749501451033899e-02
9.379973041232056441e-02
6.319932168906559899e-02
6.693784465491346702e-02
8.102198895726364647e-02
9.078652419742719304e-02
5.528616383916769988e-02
8.652594338390690032e-02
2.797618131135439987e-02
1.034647584599763387e-01
5.724218706501082304e-02
9.069711302723501567e-02
8.794477515816728763e-02
1.045437916750496798e-01
7.384769586625439253e-02
1.761003875503935612e-01
7.460928165482974550e-02
6.336228765345773561e-02
7.363952188419223277e-02
5.540063821559043644e-02
9.502012479226486230e-02
4.575328879859860698e-02
1.020887066625547346e-01
7.069066110105901024e-02
7.282282106794543686e-02
9.720549687550809892e-02
5.482761834175358534e-02
8.189248911041904777e-02
6.647525650734809055e-02
8.602329781741120673e-02
8.021452721688690501e-02
1.082912186138339644e-01
7.841761083644437080e-02
6.090098997553075599e-02
6.883631316398562683e-02
7.130229994895373458e-02
1.061070974806370831e-01
9.415008365424226700e-02
1.354794063144420802e-01
4.679217869568924604e-02
4.575256928368437448e-02
8.273931812112603201e-02
8.792902672114248641e-02
9.862471299894068344e-02
8.882863056776919841e-02
8.363041447601099465e-02
9.019478804040408082e-02
3.922304432015283338e-02
6.146270350873627580e-02
4.426048270704301818e-02
1.111661646442362733e-01
8.038289419635809285e-02
6.462205038686658076e-02
2.700039273692255923e-02
6.396173922504333476e-02
7.446938838880501343e-02
9.108069941442366313e-02
7.157982900704008833e-02
7.543934227499750345e-02
7.577736414312019608e-02
5.538444537681289082e-02
5.441235936879156021e-02
6.844475692208659701e-02
9.437405920528682546e-02
6.664149268270497251e-02
1.017274608976657807e-01
1.234376538782040039e-01
3.835786559197439105e-02
7.942489517561109047e-02
9.634196606996957291e-02
5.599243685975594659e-02
7.742942191827721643e-02
6.897991240513454136e-02
6.566341638594977437e-02
8.806676207831659609e-02
5.892918460218330573e-02
7.293810353853681649e-02
9.074846726547400322e-02
1.603235218131379702e-01
4.326766294500856980e-02
8.026067682495481581e-02
4.147537140717444393e-02
8.434740286485539751e-02
7.814814983650428259e-02
3.920919636844078654e-02
8.801196662778462687e-02
5.985547839020854272e-02
9.002809047362972383e-02
4.506320439463942090e-02
4.867705449410237445e-02
5.562789948396542478e-02
7.612750081330356411e-02
1.372748709617168106e-01
6.847301646244133289e-02
8.857121588093658238e-02
7.425323124882549086e-02
1.631586961239613331e-01
3.029734663419066804e-02
5.825693839938243801e-02
9.927158104590759480e-02
1.396172160364486936e-01
1.255874302357273264e-01
9.492036175719920088e-02
8.847613145534204138e-02
8.886896748109120170e-02
6.227273223629955362e-02
1.347522870010987028e-01
7.171969911931323771e-02
1.508358962936693637e-01
1.369789440842441308e-01
1.054586627757292533e-01
5.552973438743669804e-02
9.574927510941400044e-02
1.583211913328670950e-01
7.923036936936277141e-02
9.469616993199064803e-02
8.274512726106361682e-02
1.179330517972868725e-01
8.342632467904774474e-02
8.879137225329170047e-02
8.734715362161611651e-02
8.769871695343972595e-02
1.391966052259681619e-01
5.854215382466630008e-02
8.268432473112731496e-02
8.232336672156860546e-02
7.830254302709171998e-02
5.264403509192277369e-02
1.003559418066010539e-01
1.020990770286708121e-01
8.565867987838171604e-02
7.942094632140635213e-02
8.360107662732103873e-02
6.267840658465897996e-02
8.246378967358256040e-02
6.892020240397225828e-02
8.178975070572691575e-02
5.767603075468212548e-02
1.361578560316467068e-01
7.885809145266721443e-02
3.834123770685547716e-02
6.439384401669283331e-02
8.731248397462927635e-02
6.310072300531910372e-02
2.640017394046930907e-02
1.399253611196654701e-01
8.046511734299355290e-02
5.604215159137258817e-02
6.407209164274260682e-02
4.838237410577819059e-02
4.684622953190122757e-02
6.365526405023044787e-02
1.223391725765060750e-01
5.096400384099195047e-02
8.847256329004410391e-02
1.043819955703576274e-01
7.002066294760142529e-02
1.076420623725677234e-01
3.927464578324059430e-02
3.043690249558610172e-02
1.372634345061439498e-01
6.539796749177791135e-02
5.323698461878668964e-02
1.022075897337557382e-01
2.043783445437597629e-02
5.343777815349583238e-02
1.324224807888124966e-01
7.779256387476465862e-02
1.089619116284289008e-01
9.258055681483208510e-02
4.797806148376049934e-02
5.987504772970195233e-02
6.810657200202969996e-02
9.609915796096815677e-02
5.506764521132467144e-02
4.377147995478489900e-02
6.261788886631042272e-02
9.482950956016039656e-02
7.220940479456422478e-02
1.067981547690488447e-01
7.002228424568193721e-02
8.700292305873690013e-02
1.178312612930779713e-01
9.479266566540635319e-02
4.779239830146871787e-02
7.339595601357327970e-02
1.008652875067768545e-01
1.013320624952473437e-01
9.105505773131987446e-02
9.337962556293021021e-02
5.113613789000929361e-02
1.106266743657888796e-01
6.547472707046153584e-02
6.300016053486315326e-02
1.070586267723345336e-01
7.414631558382875354e-02
3.350348645129531261e-02
1.211357055031925395e-01
9.585198665764840809e-02
5.472776444139861723e-02
1.197245561342804437e-01
8.730470510181141675e-02
8.279804254613064296e-02
5.715730731315338958e-02
6.608667259622551249e-02
8.978079159670115938e-02
6.159178855570363043e-02
5.394883411017715319e-02
1.002135796567594495e-01
8.470946552710531541e-02
7.530157389942664092e-02
3.848656868977655410e-02
8.067070335029169481e-02
7.372267723393323424e-02
6.140042127794451132e-02
1.285931755512180474e-01
7.470190382501928905e-02
5.339284094677610587e-02
5.464969452150077178e-02
7.861576807885602147e-02
7.308450263927022961e-02
1.052357710747394426e-01
1.036588169487760308e-01
1.019924302377642478e-01
7.306155751822242250e-02
1.046397038486469727e-01
7.830841354824673306e-02
1.178110253817595959e-01
5.521382596599931636e-02
5.850453474055214431e-02
9.415896924891596631e-02
9.128102211462491011e-02
9.050249585068438629e-02
9.011742940716320482e-02
7.397703100508688789e-02
1.233691485153527861e-01
5.529198855042454647e-02
9.461437681178416770e-02
6.725961770128827122e-02
7.098416137931735925e-02
5.813532388302767445e-02
6.333085432831844774e-02
8.470638735563874866e-02
3.313338349930393389e-02
7.600284913976952661e-02
5.308339496284119469e-02
4.004854632326834696e-02
8.762986239094490426e-02
5.876401914338383325e-02
1.206839476470302208e-01
7.040844781611589609e-02
5.595299906261397282e-02
9.667199274363275086e-02
1.052056671675847405e-01
6.871346201409049559e-02
5.581820900000926400e-02
9.863683548058706230e-02
4.017023030200597700e-02
6.286927542374032285e-02
4.563151832532374996e-02
1.118919235392224071e-01
6.786526874307335921e-02
7.575140125732450491e-02
6.355211631031304487e-02
7.758499157144800595e-02
3.670528696957053166e-02
8.627471347605564223e-02
7.972361115953210953e-02
4.998722347973200836e-02
5.168900467264791326e-02
7.554893237014356777e-02
1.124553493822593175e-01
5.289498879899244554e-02
1.323285691237772455e-01
6.782033051055595674e-02
7.212298972872935310e-02
7.328579806711293942e-02
9.250206990764234249e-02
7.770113318088837928e-02
9.503141542756864124e-02
5.994278228574507345e-02
9.421551040179795833e-02
4.196442410582375271e-02
3.475660926915649651e-02
3.554478055198156961e-02
9.292306186138393764e-02
8.539598635347753208e-02
1.137447630296297418e-01
9.356887315134186645e-02
6.866262857052128632e-02
1.040728430985403546e-01
7.576496087893860865e-02
8.137976695162348062e-02
9.983905816467233962e-02
4.196282189238037530e-02
7.637936671098691233e-02
6.662055072171141346e-02
6.774315371260836161e-02
7.142013566452308504e-02
7.175592192502905364e-02
8.790358916549535773e-02
7.838656985162202606e-02
9.084975709021259060e-02
6.969694464787139221e-02
6.983409789643332810e-02
8.127829851527705596e-02
9.588590844844441241e-02
7.157812140974337267e-02
9.610422218078473744e-02
7.326747434371162770e-02
8.654985618235776224e-02
7.408908569748838546e-02
1.066212900515174644e-01
9.174710247596029600e-02
9.427602118888259164e-02
5.100400698910393521e-02
7.886541863665727514e-02
9.416169748398926787e-02
5.688888750213727530e-02
6.726544342498555484e-02
1.053785588364366393e-01
9.867161104234192792e-02
9.491185825200980364e-02
8.020508884691891771e-02
5.566638880342741208e-02
9.822848032936491725e-02
5.530791386499225859e-02
4.589735700903864457e-02
2.362569479031500011e-02
1.039000356976172434e-01
6.282629472680305305e-02
8.413954301444831474e-02
8.058913101671565105e-02
7.531604440928506283e-02
5.055470674496391481e-02
9.504241990086891023e-02
7.445618950304558337e-02
4.357782807274750841e-02
5.345864914073182594e-02
1.233990741434877886e-01
8.438874233844488593e-02
6.015872566252812581e-02
6.011534371881072092e-02
5.667765407706672892e-02
5.047755095056465774e-02
7.475291739145328851e-02
1.044033210412121243e-01
1.186918718789476968e-01
1.275715881925523210e-01
8.133960389016781090e-02
9.222420454810353885e-02
6.620237745309354160e-02
7.881241049551707123e-02
5.317936336719587126e-02
7.338814361864794134e-02
5.338817670902327311e-02
6.999653493122280634e-02
9.683229396069803485e-02
9.741158220107475063e-02
8.182215887139566990e-02
9.320913402318502239e-02
5.887089272986293503e-02
7.573001075396582071e-02
1.034766821036408047e-01
8.156515401780493890e-02
1.823091446128490833e-01
6.561155659858670941e-02
7.599046365794201452e-02
1.082213233856884199e-01
7.575415065625559774e-02
5.746811626233402220e-02
6.395971387081095250e-02
6.481125942043472477e-02
8.194002479136357209e-02
8.232470895146633272e-02
1.280461427666100549e-01
3.714998546315272099e-02
8.111615532981865384e-02
8.049583339393676096e-02
5.791177181359637161e-02
6.573133429341976308e-02
8.179184388231749980e-02
9.014680238558400727e-02
8.047172246560319042e-02
1.223173395745032477e-01
7.678063496048072312e-02
7.891761030994558224e-02
8.325124776627683409e-02
7.423844137862384285e-02
8.370266976150816940e-02
6.410990201268493283e-02
1.008049399354814246e-01
7.544240425829938645e-02
8.601167557655980955e-02
1.468168490740177357e-01
1.109051204913276550e-01
6.058395891276021489e-02
6.767746966474680326e-02
6.743845690838842777e-02
5.304438722507719833e-02
5.569717670335218307e-02
6.031291690647632570e-02
9.679638218660920057e-02
8.353321156444629136e-02
5.211508974069844341e-02
1.005017583314908730e-01
8.544611427175571872e-02
1.244982360483771339e-01
3.308924793229415379e-02
7.899470022399326941e-02
4.181570813069435122e-02
5.107863133430531194e-02
3.670617401340266900e-02
4.992264272320034307e-02
5.895794227752956806e-02
8.552301981190113533e-02
9.044114167922884251e-02
5.339453133534368540e-02
6.683128261575897733e-02
7.496049640356924892e-02
9.151491271360875923e-02
4.937357487511653126e-02
1.114862054126754126e-01
5.113057346041478129e-02
5.515084891478305718e-02
7.049282748098940898e-02
4.328745663526394061e-02
7.635491863655526068e-02
8.420147021778059959e-02
6.054388246706100124e-02
5.301706554625974094e-02
7.997041102486182607e-02
1.475860842066220591e-01
7.856945161389865262e-02
7.706169008452802560e-02
5.263716220874150448e-02
7.212166433816899480e-02
5.151295606067160526e-02
4.177177664608833219e-02
8.802061675576124122e-02
9.315476288941960947e-02
1.184748120267486438e-01
1.000713474346539011e-01
5.596378704098030343e-02
9.759797950841786474e-02
9.131413408414387756e-02
3.932202098928420930e-02
1.095321152841957496e-01
1.183613635127311325e-01
1.094789941191411514e-01
1.621946932201401570e-01
5.219822294189434275e-02
6.296548877276460232e-02
8.698556334550300306e-02
7.621980670713468520e-02
8.078117912122596833e-02
8.185784641229343350e-02
1.674172892646698663e-01
6.341709898536117274e-02
1.215071074021209646e-01
6.291910509787283778e-02
7.528031617305816492e-02
8.114451447452419863e-02
7.024503140950455471e-02
7.753226568278172304e-02
6.317417683533806116e-02
7.423297636264480914e-02
8.129684529417988137e-02
6.970897817499237259e-02
6.074794472407487461e-02
9.847220265975351050e-02
9.988560589646430787e-02
7.085961293094336644e-02
1.060192737095770610e-01
1.002473277289675085e-01
9.016628525877196099e-02
1.055673062269621709e-01
6.161593409083010453e-02
6.938622401281147045e-02
7.311603307523163731e-02
1.069211667471393623e-01
5.949068585453756025e-02
4.382405802524485389e-02
4.926950967723710273e-02
5.042074544950121695e-02
7.430193201499007971e-02
5.788039138354498375e-02
5.658287155606799013e-02
9.318660439305176402e-02
8.558181467414220644e-02
8.933244467288065094e-02
1.053525621090415226e-01
3.506958470306532905e-02
9.227265028119931156e-02
7.467605161787899126e-02
8.287063839661182318e-02
7.985381516202519347e-02
9.987986287325237300e-02
7.862548479627533282e-02
8.231546487694703373e-02
5.734873122834772963e-02
9.263400852215425418e-02
8.581621571648051505e-02
6.181821827943896619e-02
4.814021627676115522e-02
4.021692533280050996e-02
6.401327608552323523e-02
6.739254577089398568e-02
5.565917173728080619e-02
9.729842947044090029e-02
8.233926806642427598e-02
6.278670412301162740e-02
5.483054959879328505e-02
7.895994614455069394e-02
8.150864998215887058e-02
7.954896014025059081e-02
6.687885861451103864e-02
1.182799366039597871e-01
8.182596081332765836e-02
8.811059735891620115e-02
5.885392031370689087e-02
3.675565477917379364e-02
6.250333666244785313e-02
3.283616613080816982e-02
6.951741696955833494e-02
1.057492989383275184e-01
8.125328091032546496e-02
7.011970072420568856e-02
1.156578956637570460e-01
6.047163864743529404e-02
1.289919000587080034e-01
1.010672496206963117e-01
6.685916638932119793e-02
8.359013650464670875e-02
1.081354994130722391e-01
8.042595866431948015e-02
7.907999487898555169e-02
8.384062221237126300e-02
4.919777677249900089e-02
5.593603008299267987e-02
7.028082886932991713e-02
8.234976781262035028e-02
6.478816522077150697e-02
5.886816302292606495e-02
5.203208895187193261e-02
4.571812122697531400e-02
8.261299201868822772e-02
7.588490233276498631e-02
8.803125076128191784e-02
6.222322141775906562e-02
1.034017692976317015e-01
7.873173954355384974e-02
7.396891987052174600e-02
6.136076164611781181e-02
5.450362168093009219e-02
7.777853972353626633e-02
9.663338642122105970e-02
6.255903657305837695e-02
5.458404857836132024e-02
9.337330683969788381e-02
1.096459494679508789e-01
9.337512481594960334e-02
5.031175081381164538e-02
8.506591722537193423e-02
7.257104240491915603e-02
5.236913552067054556e-02
6.335870877678537183e-02
1.171653232718211229e-01
9.063862728281521508e-02
1.127072426949864425e-01
1.298601870290774229e-01
3.666243118435824622e-02
1.090512853678934496e-01
6.416269450507264271e-02
6.752966666111109850e-02
8.283049980886289521e-02
6.241162564383465061e-02
6.714107184454970456e-02
8.521314280631343829e-02
7.274027607088552616e-02
1.326405587653785578e-01
1.267309948799921482e-01
9.240483550819268699e-02
8.369477449530486612e-02
7.828653981057100142e-02
6.448268443432736419e-02
1.144653295151720346e-01
7.813297013974605798e-02
9.001883370946418828e-02
1.146023260647933140e-01
1.140775847673998755e-01
6.339938071412117016e-02
6.441012164940433660e-02
8.643317348535661804e-02
7.143470685264961817e-02
7.913241477055994733e-02
7.939376024962044309e-02
5.645954232048463334e-02
9.387886211798537883e-02
4.655561340257462905e-02
1.106234637449479696e-01
3.141726375140146965e-02
7.291962011457198134e-02
6.349730117230109605e-02
6.503458856929045240e-02
1.761163729399304878e-01
7.267856941591081810e-02
7.837036638347512352e-02
9.221312850049316612e-02
7.587967279309357216e-02
3.817339880395292928e-02
8.821082346465945745e-02
6.302701830959377138e-02
5.389075508957436728e-02
8.364698882586402151e-02
4.859385372413563969e-02
6.906775384183119759e-02
6.119914909580371348e-02
8.426251478788859828e-02
8.124968435829660329e-02
1.157052594409217205e-01
6.419120245559691018e-02
6.118501297239884590e-02
6.882493999951412589e-02
9.317279676864179128e-02
1.111185500134449361e-01
1.044636068300077297e-01
6.402853221129013728e-02
1.302215070645698081e-01
7.789319006259205758e-02
1.149245774896710537e-01
5.824079242732194822e-02
9.338997417167667348e-02
9.220617855023048592e-02
8.868694063885616818e-02
9.473866545461921695e-02
1.279610338113479351e-01
3.240642747790826311e-02
9.010174091102705896e-02
8.045175187113087767e-02
9.794174050845622093e-02
4.176461534953829907e-02
1.362751692623401234e-01
7.134878698673394193e-02
5.105635349653679655e-02
9.437308123253373981e-02
8.359408125476718021e-02
7.043658575343876571e-02
9.871784655409622522e-02
1.059561092898882728e-01
8.206651812414822444e-02
8.416131470785245816e-02
7.083665053931069433e-02
7.586604081847783676e-02
9.718133048211251290e-02
9.047284935291115271e-02
1.423329448549339737e-01
9.728639119810951474e-02
4.514777094297987847e-02
1.008903562412137439e-01
1.065856243264322600e-01
5.336330180548240487e-02
4.665989963726729917e-02
1.066457156560563085e-01
1.068838992892352652e-01
7.633192679976837092e-02
5.900591336979653379e-02
5.342909073426501537e-02
8.318401500799812998e-02
7.989276814321569220e-02
7.118788764635687605e-02
3.140274513048292582e-02
7.755194481758781455e-02
5.533640385046321997e-02
5.310118195190562801e-02
6.861294142834122034e-02
7.858390325648938191e-02
9.021097838803948665e-02
1.179674437811816662e-01
9.149534696579701698e-02
3.648594877984046719e-02
5.952440712794083988e-02
1.105776424071961139e-01
1.003922445316541290e-01
7.085927338338827985e-02
7.647415727442714861e-02
8.322663385444768747e-02
7.917535781236195724e-02
1.118203350110237027e-01
4.578091744960419845e-02
1.296137168134629258e-01
5.337279968785826889e-02
8.084573157497534912e-02
6.605994099855000412e-02
