1.483111366428545574e+00
1.811775130887136376e+00
1.673244626159198001e+00
1.425409842092337342e+00
1.844257521416110990e+00
1.518568576043441087e+00
1.688417703007623727e+00
1.411830644823727665e+00
1.554510883157719014e+00
1.521476932544008509e+00
1.514006776904659013e+00
1.488714936290808311e+00
1.512764548823676503e+00
1.226307116432695299e+00
1.796297373590475033e+00
1.234763353773584704e+00
2.055378642765761654e+00
1.394970813674895727e+00
1.506433338824532786e+00
1.599502028099548667e+00
1.462910878014073823e+00
1.446977768768006323e+00
1.179407866635473701e+00
1.696268743929732148e+00
1.624632596355911174e+00
1.138320651149593798e+00
1.401423832616169873e+00
2.039471011545535006e+00
1.424712593733416632e+00
1.567329251197547624e+00
1.610254751396450024e+00
1.585665673606043491e+00
1.478741752306405921e+00
1.155550990513869003e+00
1.799887071009783401e+00
1.303700301222231905e+00
1.484999355415254740e+00
2.267601951188827680e+00
1.870504545456203482e+00
1.244105941640503143e+00
1.597167897993345687e+00
1.440711414260147594e+00
1.336254028453679688e+00
1.439530109543478931e+00
1.646533028410692268e+00
1.698628632038456709e+00
1.322108549136328692e+00
1.377864909668918392e+00
1.685914776712429397e+00
1.460904086464703600e+00
1.376167221128558493e+00
1.589565404954318861e+00
2.079051536301816050e+00
1.651575054821784017e+00
1.110708981710498255e+00
1.543901904335887254e+00
1.551623935451943881e+00
1.783603918536049493e+00
1.619019242787148372e+00
1.774610008148678197e+00
1.359467455798877733e+00
1.253341995347754478e+00
1.679560671167100949e+00
1.314215980469651157e+00
1.494397318193545932e+00
1.440050667886910274e+00
1.655324245105786352e+00
1.123493742513273608e+00
1.884498367463232071e+00
1.434646072542180129e+00
2.246603611337511186e+00
1.619001329865332961e+00
1.817158483768055000e+00
1.563413356560453771e+00
1.887948756980095233e+00
1.775720763996541773e+00
1.521198374791134622e+00
1.398631220029940669e+00
1.118592021986159812e+00
1.108298959235411996e+00
1.488569150452990764e+00
1.355375480115112774e+00
1.386548085031427124e+00
1.089056214710407922e+00
1.755906454030620401e+00
1.651834190484025688e+00
1.427447365105810384e+00
1.286990078675797511e+00
1.555029516498046771e+00
1.077580279639323235e+00
1.291163739305373648e+00
1.294539445524389709e+00
1.654716144839619485e+00
1.607402332302819481e+00
1.393886906464830933e+00
1.583109949364452929e+00
1.145928867567216569e+00
1.549003112433766427e+00
1.691459425441423470e+00
1.647386449001895237e+00
2.061636770703723975e+00
1.316080453503152281e+00
1.846788819766865597e+00
1.854238111654706644e+00
1.389244204756096002e+00
1.618500095038818198e+00
1.351956003016496988e+00
1.486357629087240895e+00
1.590544457574289527e+00
1.602583741801798523e+00
1.911735776530576914e+00
1.722409750504197534e+00
1.156068451135065622e+00
1.759251097930869978e+00
1.257631441511045223e+00
1.461070266036826881e+00
1.972377920597271572e+00
1.490372403925655842e+00
1.583431918217129475e+00
1.973845859428550398e+00
1.773149601170813439e+00
1.550241722557317514e+00
1.132592531429332583e+00
1.262765241029968122e+00
1.635427801989207230e+00
1.012796567966146588e+00
1.834391305904387703e+00
1.342495867367227147e+00
1.254626927875220455e+00
1.643905690622377902e+00
2.069358541866826329e+00
1.498800686917370673e+00
1.643318653710540200e+00
1.872709947358993876e+00
1.463956010151030496e+00
1.451264212256375030e+00
1.017507566397812369e+00
1.432086044297412375e+00
1.574967318211996758e+00
1.292351850965373750e+00
1.581210653036140279e+00
1.342213113919613399e+00
1.762342377070528654e+00
1.334895251124288862e+00
1.920384948840344608e+00
1.404960485079157717e+00
1.082144617559620769e+00
1.735846174964052802e+00
1.978407071073352119e+00
1.700058305361701549e+00
1.474399123171244552e+00
1.242140994047432390e+00
1.846803225860707220e+00
1.268097332652571962e+00
1.630507918765048414e+00
1.243554264096229378e+00
1.407463072050024300e+00
1.401421316457039046e+00
1.371312934310668918e+00
1.497155802945709713e+00
1.543416152362095950e+00
1.037882557823101903e+00
1.235886217896573935e+00
1.455002041894962739e+00
1.595420170060275034e+00
2.003059149203750167e+00
1.844749777100133548e+00
1.422654484037243927e+00
1.583779350123684093e+00
1.790468158052632708e+00
1.519644133829978205e+00
1.816233018156548473e+00
1.292146130921216329e+00
1.319882317464958321e+00
1.325560578046566906e+00
1.519818640851398728e+00
1.806868408962301498e+00
1.303485480829264853e+00
2.078965250212795546e+00
1.116124334521669148e+00
1.670356176131551296e+00
1.469113450371509755e+00
1.503643576733975973e+00
1.799854661829846103e+00
1.627612616064785467e+00
1.881344732736680347e+00
1.753815520164410335e+00
1.551002225606365137e+00
1.508660236020341827e+00
1.741219419889279418e+00
1.329249426216046359e+00
1.358894376879064447e+00
1.417633138805999726e+00
1.816465050146968574e+00
1.582004706035595953e+00
1.495912758041070711e+00
1.430953185219316248e+00
1.440172093269139975e+00
1.192237559478126707e+00
1.681941781692674720e+00
1.564703619735374529e+00
1.629380613226862451e+00
1.701452426493667902e+00
1.527893843093053983e+00
1.661777368153514178e+00
1.564856640208933003e+00
1.630560323296446956e+00
2.186932374883056251e+00
1.207179639064849264e+00
1.099005863083822865e+00
1.148037341237968079e+00
1.533354025593895997e+00
1.866113319213242416e+00
1.919190069522092923e+00
1.089142347349188356e+00
1.319622205107388480e+00
1.621178954219957058e+00
1.605460122113487653e+00
1.851672706552265346e+00
1.445021306075794376e+00
1.271783329286974240e+00
1.669858457876833846e+00
1.393851027595414793e+00
1.905036639142093202e+00
1.217273254821172879e+00
1.486201702524388990e+00
1.307718496058391189e+00
1.147437959232866955e+00
1.404273638052013329e+00
1.464595703017306461e+00
1.663733158282398206e+00
1.629393422932779556e+00
1.084774928264973459e+00
1.532140124558024397e+00
1.515859299333422117e+00
1.396313225436063288e+00
1.642963071375936890e+00
1.611878791890549500e+00
1.174125683812638377e+00
1.497550705781008462e+00
1.314604299268125498e+00
1.552864054009393868e+00
1.311083339422666860e+00
1.330091030436997945e+00
1.501616237482257254e+00
1.504944484797854365e+00
1.399659646478848218e+00
1.305886358150288862e+00
1.441926002600457002e+00
1.576065031087806823e+00
1.867981447797004479e+00
1.250418727533278984e+00
1.432038937932241796e+00
1.401609485848296144e+00
1.255846497227962377e+00
1.460629934464291013e+00
1.428281007414903714e+00
1.549597349028497328e+00
1.676853092166256776e+00
1.231137653747412575e+00
1.496345924737240152e+00
1.323392782657184297e+00
1.346269770635943663e+00
1.653460214701010678e+00
1.105086108244604848e+00
1.744631710989465345e+00
1.539164191154735128e+00
1.337230224801244649e+00
1.653507822697250162e+00
1.195070986020368320e+00
2.252106894411300519e+00
1.872337108196975519e+00
1.748729879733013526e+00
1.493152577961424754e+00
1.087726083976505942e+00
1.473038799375206764e+00
1.467974468828005641e+00
1.583248515021487002e+00
1.198451890527240327e+00
1.404155881138789530e+00
1.567212387326497813e+00
1.703514668899671847e+00
1.208425530913407986e+00
1.904640887828684459e+00
1.148926043045412460e+00
1.807777635152025386e+00
1.611381158562557703e+00
1.210279516771973096e+00
1.259134043589442031e+00
1.424888611348047007e+00
1.483600893072867244e+00
1.571200209428776695e+00
1.550970683096372094e+00
1.421394120500659497e+00
1.427495824898370680e+00
1.287780438076042699e+00
1.370002032380422508e+00
1.362066930470928305e+00
1.479853347442246614e+00
1.343907964536223076e+00
1.492400819345234497e+00
1.553944331520810573e+00
1.205736740386805561e+00
1.572740595298084187e+00
1.469611785611103949e+00
1.909100828993371968e+00
1.333859015590842079e+00
1.474017898219956990e+00
1.538747584096428422e+00
1.548439888509111961e+00
1.062773854872971269e+00
1.471812955582900706e+00
1.288319605711193416e+00
2.001123879776320447e+00
9.620433031911411748e-01
1.520968016150573421e+00
1.813549295345623369e+00
1.516634266286918553e+00
1.136867026095409017e+00
1.483145058785730441e+00
1.301818984606547991e+00
1.677982447872377270e+00
1.397530824297851249e+00
1.541114191689679558e+00
1.176141146618036259e+00
1.751459560625879597e+00
1.795156418587990688e+00
1.675357891563563184e+00
1.018044403340060633e+00
1.778515729859923233e+00
2.179318286522827552e+00
1.222246497331176629e+00
2.002130120822180004e+00
1.278464025129716797e+00
1.454538789891200112e+00
1.812028965315553686e+00
1.461826382829891857e+00
1.668396259087140177e+00
1.306496415680414414e+00
1.363729787193491694e+00
1.412291925666540493e+00
1.450911232600145651e+00
1.423942184430822655e+00
1.678598084977441784e+00
1.179347729398781741e+00
1.747528850050013016e+00
2.017137390009886122e+00
1.402984911412758828e+00
1.782177304586104682e+00
1.429965917719252522e+00
1.255294902243190958e+00
1.476539138525987394e+00
1.360109321798888438e+00
1.296910268036137737e+00
1.696006866249027079e+00
1.493374203932768873e+00
1.776471759711355514e+00
1.591080299068227344e+00
1.415514244039461467e+00
2.113147817887170543e+00
1.475172087870332938e+00
1.817695402290880002e+00
1.831995116859146844e+00
1.299873619436775263e+00
1.432410119510606483e+00
1.205584348763498959e+00
1.606760686082924883e+00
1.967609012858338113e+00
1.270331688282509752e+00
1.389033450159595340e+00
1.326782524711404010e+00
1.161349959512998797e+00
1.354794194666432583e+00
1.005616632152534384e+00
1.267270634701007648e+00
1.473651117610762284e+00
1.750983685272674117e+00
1.948633389911982094e+00
1.361853945343814765e+00
1.418888034938925014e+00
2.080025855378281996e+00
1.455571729283671845e+00
1.515499312665736120e+00
1.119169166839888208e+00
1.247506460708376563e+00
1.358909823146530860e+00
1.771648067440364072e+00
1.589020477728759762e+00
1.896043654825025015e+00
9.962619386378717135e-01
1.817996470603653991e+00
1.222954884492873262e+00
1.473042993845909310e+00
1.466805592866308405e+00
1.420160126412762791e+00
1.520461497332479039e+00
1.362064635244558231e+00
1.265382009265521912e+00
1.430459993586321366e+00
1.659233902553334250e+00
1.059442698617412582e+00
1.446048087637470614e+00
1.709054298396269322e+00
1.258611083498325511e+00
1.820772888985271898e+00
1.644423766926028208e+00
1.673114641695852001e+00
1.276115181381288100e+00
9.630944884008605378e-01
1.286365329578982752e+00
1.539562377233035795e+00
1.412079780872526058e+00
1.454749455364675148e+00
1.766067878451304862e+00
1.781045052960628094e+00
1.900138866510751479e+00
1.140483175188530707e+00
1.494533267295557799e+00
1.537109565731426652e+00
1.449167182579685242e+00
1.874975187899895257e+00
1.609053477948437560e+00
1.872913118717089542e+00
1.501362210058808433e+00
1.530032573429417564e+00
1.284547352783761642e+00
1.296230431639112890e+00
1.225103852254002312e+00
1.443773390993131400e+00
1.695156614499264691e+00
1.631633829287271187e+00
1.164632904252739465e+00
1.535518507697701152e+00
1.883508331546042580e+00
1.593461658864936181e+00
1.711497537561559534e+00
1.544698679641058892e+00
1.769668175580308089e+00
1.197762848939390334e+00
1.500871158471599243e+00
1.279141510758764921e+00
1.558465048907571093e+00
1.348693331755313585e+00
1.267569840390889269e+00
1.101764877180221092e+00
1.772511294429728324e+00
1.508811362080756613e+00
1.568637177549595307e+00
1.352942306829605368e+00
1.748938351980987571e+00
1.703758542201596393e+00
1.364426356314667910e+00
1.688561109811627325e+00
1.690832596391562692e+00
1.452660869895561868e+00
1.608483917636485794e+00
1.650903846809476327e+00
1.583013735797352828e+00
1.296180159425801337e+00
1.886544957513070386e+00
1.092284052267971761e+00
1.560485308236596591e+00
1.528079670615547503e+00
1.727573118997725921e+00
1.716062875567720525e+00
1.128602347633101965e+00
1.286036811962937509e+00
1.191751641645698356e+00
1.634853734850869600e+00
1.883217977864578119e+00
1.506263990250373386e+00
1.445233396118852820e+00
1.301396188155704126e+00
1.452106680349966705e+00
1.681256560042599491e+00
1.395902119320199253e+00
1.493883361578683067e+00
1.888879438869737193e+00
1.156728302460717339e+00
1.634333611679531062e+00
1.416756576282321989e+00
1.526767221459224055e+00
1.355073525153724923e+00
1.171819095375767006e+00
1.427381736977968663e+00
1.720978844177648570e+00
1.359139721773507725e+00
1.511795873370008536e+00
2.009675461866232915e+00
1.570239022776854121e+00
1.623912443044709386e+00
1.874231366722574510e+00
1.646188575072161209e+00
9.912806444241165638e-01
1.454633772117247092e+00
1.230801626360979562e+00
1.704199884994910263e+00
1.438832523492158844e+00
1.473119447956580563e+00
1.860311317557071797e+00
1.631808450313807946e+00
1.217040696418832058e+00
1.590704731938481720e+00
1.507822421223265597e+00
1.849669975175501246e+00
1.132788254925229943e+00
1.813571407818284076e+00
1.582002228384852716e+00
1.287475593115497086e+00
1.610771407780755560e+00
1.196729126701508550e+00
1.115310012018911223e+00
1.572181111258070585e+00
1.538103699613402098e+00
1.490798224690233154e+00
1.727326962062007087e+00
1.140033757048384500e+00
1.727557623124200692e+00
1.642451464883819767e+00
1.450006201501406800e+00
1.292102695595575224e+00
1.403379947350685830e+00
1.329808221533933965e+00
1.479300760562958228e+00
1.593648831341660799e+00
1.372814845876184187e+00
1.373748670414537854e+00
1.217377650773805664e+00
1.571332144933542674e+00
1.365970102319923996e+00
1.568070847616695795e+00
1.418531021001737003e+00
1.669714833157672773e+00
1.715832661735742892e+00
1.531402341307427362e+00
1.441079310015318526e+00
1.729734312209135760e+00
1.157560101971932820e+00
1.319867591323647060e+00
1.707577539191373894e+00
1.267939537276755235e+00
1.421414508938106280e+00
1.525605998601043511e+00
1.429939966668494433e+00
1.630286691210513839e+00
1.895912861062388766e+00
1.577709066887175382e+00
1.730020095988068940e+00
1.224336950299440785e+00
1.675271086283019795e+00
1.695742485783848785e+00
1.455156610178472087e+00
1.824509173855161537e+00
1.513192025677221109e+00
1.580263873522921747e+00
1.636167781532651411e+00
1.296471231003768265e+00
1.091515076791060634e+00
1.145015122020851983e+00
1.301523228823782352e+00
1.497037641098607930e+00
1.367485341049163639e+00
1.352055680418839501e+00
1.403798451897070088e+00
1.549145725953648745e+00
1.984746557561276603e+00
1.820872199753107656e+00
1.584534706662868553e+00
1.449722044347566463e+00
1.192001043679276062e+00
1.782952291389011013e+00
1.520321006760168459e+00
1.544846340772648041e+00
1.326273088269497968e+00
1.262531664712665869e+00
1.572052354236282756e+00
1.189536900151792587e+00
1.725160580466566174e+00
1.338889113992917546e+00
1.434238164682217764e+00
1.390588115582313211e+00
1.526614823006372301e+00
1.597745703659491090e+00
1.672343470951364930e+00
1.241277257913280696e+00
1.388132319771290257e+00
1.583233451586766538e+00
1.533119486126022668e+00
1.590669676622953332e+00
1.369889334070375719e+00
1.443780163186861865e+00
1.274721761811476783e+00
1.360089514454290383e+00
1.439892069889219028e+00
1.720407155887202055e+00
1.534643073190010032e+00
1.915619845464855864e+00
1.860755637235823601e+00
1.438595432398411367e+00
1.427020578343954460e+00
1.532528174005725496e+00
1.026380258680565483e+00
1.493855842395384492e+00
1.453458928215328516e+00
1.581466156858893024e+00
1.318329155309818645e+00
1.514522682487434491e+00
1.729601559805165500e+00
1.879876209014939459e+00
1.480655061979347931e+00
1.530416979664390276e+00
1.597413295835668379e+00
1.767954074894718675e+00
1.602527344759056449e+00
1.874660060860950272e+00
1.901660868549068351e+00
2.042450961385332331e+00
1.223034808053175437e+00
1.344412847832739066e+00
1.550511402882950529e+00
1.723579862438007426e+00
1.475229919131528789e+00
1.499508415845596687e+00
1.778585003268064790e+00
1.265969671506907090e+00
1.379987524446801173e+00
1.587276145867338784e+00
1.719651476431991899e+00
1.183799446047721915e+00
1.675167168759710279e+00
1.887348421940134635e+00
1.734579030388553544e+00
1.518064443454043122e+00
1.631280202088470466e+00
1.757480353580432419e+00
1.455068189839314963e+00
1.288073025519343329e+00
1.545374191060805869e+00
1.261301910874666143e+00
1.595232939111499215e+00
1.407786645716462948e+00
1.849037776909300934e+00
1.282405074076973239e+00
9.155327639028583153e-01
1.347298996014383299e+00
1.226396570845551537e+00
1.535143938277591769e+00
1.689583005638628954e+00
1.390789660222745194e+00
1.363682804211921784e+00
1.458398493969400800e+00
1.251429287931137946e+00
1.595072223603041461e+00
1.452414715914315035e+00
1.430198852901946260e+00
1.169545377590806678e+00
1.232880413056008040e+00
1.761675857455972771e+00
1.158080223114021479e+00
1.374894808478304808e+00
1.562702001856062894e+00
1.366771572674884139e+00
1.440860132893875489e+00
1.406493359383045316e+00
1.453258621975120679e+00
1.817114312365289974e+00
1.335157325552533525e+00
1.744918886502782263e+00
1.566641776445950374e+00
1.219916283133244184e+00
1.340320437153451838e+00
1.582792682498282089e+00
1.528151469460453438e+00
1.402267553557589697e+00
1.670784963519672317e+00
1.789963578035371317e+00
1.503971589979756329e+00
1.445733910999353222e+00
1.638354103899149372e+00
1.114750550170460208e+00
1.394394624659602844e+00
1.438699030822232716e+00
1.696876270394609643e+00
1.159449445381740551e+00
1.385169383363580975e+00
1.503485372720356983e+00
1.762556376070415265e+00
1.825094635578186519e+00
1.332624967928362159e+00
1.393839132148822602e+00
1.365361917723012075e+00
1.580956704535612767e+00
1.710513967690989290e+00
1.501237425477338183e+00
1.590548552543333605e+00
1.442347144321890706e+00
1.632722106440053667e+00
1.879343283835778422e+00
1.560233094357490691e+00
1.666814195813469901e+00
1.957940029699001272e+00
1.413085456012766583e+00
1.225280320646523480e+00
1.810964447285850820e+00
1.632362871101142643e+00
1.358124138347953203e+00
7.995941819730824074e-01
1.715053235668100973e+00
1.909339795634732218e+00
1.488040591890898989e+00
1.222269012796119769e+00
1.819595506586967337e+00
1.569702626425737435e+00
1.518974088914172738e+00
1.649284480567258626e+00
1.319219457619903002e+00
1.422332635861561112e+00
1.791704488954625640e+00
1.441629400603552158e+00
2.605116683787743970e+00
1.136295893546875879e+00
1.460246698514671815e+00
1.705935940545762586e+00
1.630956944637733441e+00
1.823254732183351434e+00
1.255063063742482443e+00
1.372857065408550792e+00
1.589231226493296623e+00
1.474234165539264785e+00
1.737663361308772414e+00
1.018510643034412855e+00
1.171474381011256227e+00
1.503635547066233258e+00
2.112463127978809752e+00
1.447924315376591275e+00
1.729779197319631923e+00
1.681064644801158359e+00
1.045922435395362671e+00
1.355104346574109053e+00
1.646651747521763243e+00
1.888043840581270727e+00
1.844020742616892417e+00
1.751487155926555239e+00
1.387911391570954889e+00
1.263119906554301286e+00
1.144578289278500138e+00
1.058655763364175328e+00
1.467996804253060228e+00
1.244427781461560745e+00
1.119798674381184966e+00
1.559153693938059471e+00
2.047956250943041567e+00
1.625031695809445953e+00
1.393237164342351786e+00
1.263944900828774198e+00
1.609414133702113947e+00
1.093964352436620935e+00
1.517886791740542307e+00
1.903032523217486505e+00
1.421162047576721932e+00
1.336365088851970473e+00
1.578643897746539571e+00
1.524677318602106757e+00
1.534712510053732215e+00
1.675912966275796556e+00
1.609195286002613523e+00
1.903297714142424768e+00
1.566612830473459228e+00
1.877479161146226927e+00
1.651153659977978583e+00
1.162031798701636642e+00
1.513542753589249390e+00
1.544734180991978789e+00
1.373939910306156253e+00
1.240596482042099158e+00
1.920189619881273568e+00
1.188446906297958572e+00
2.027697740149923877e+00
1.675894646250007058e+00
1.754307472594325956e+00
1.537624170124476386e+00
2.211354281135119226e+00
1.610654941525738737e+00
1.656537224927634000e+00
1.397343393834858283e+00
1.648652397800403069e+00
1.575145474253698108e+00
1.272868896744385303e+00
1.911942049636903063e+00
1.484342352198691595e+00
1.336682047384484484e+00
1.636781076003947843e+00
1.289749400108824107e+00
1.543852442654406909e+00
1.550314415864754158e+00
1.366396251225654446e+00
1.528151493580333087e+00
1.852961281337881516e+00
1.577245935263644983e+00
1.658749255461982930e+00
1.653421850942202509e+00
1.457566168502873349e+00
1.374480772023397357e+00
1.159795109484350828e+00
1.857874497470401121e+00
1.709325414773787521e+00
1.668042925364424667e+00
1.688074767389459385e+00
1.337640547945787572e+00
1.506251301848647417e+00
1.231342100981399401e+00
1.389078528655773193e+00
1.424825034043095240e+00
1.770315068481394416e+00
1.168741268581279913e+00
1.342983165342038321e+00
1.609572336346908994e+00
1.389307309512267219e+00
1.482768634805384345e+00
1.889797625706149287e+00
1.609621025986823106e+00
1.267447564600645116e+00
1.575979782104824700e+00
1.188615665429867629e+00
1.761346658312855640e+00
1.602669093404613054e+00
1.396358657157074745e+00
1.823594503390278732e+00
1.534056527783349999e+00
1.333049188167708454e+00
1.694376889462663627e+00
1.085788707538045683e+00
1.389382646592861592e+00
1.488053086799078439e+00
1.565960437663204585e+00
1.658020924899513471e+00
1.336591406134510551e+00
1.645172351177204062e+00
1.448164963992986332e+00
1.890158562448186252e+00
1.100760738606910927e+00
1.210999603345522591e+00
1.474025635185977068e+00
1.533175577642036824e+00
1.295684370091454651e+00
1.231112816053178349e+00
1.811322381744441934e+00
1.336216284017546885e+00
1.651074279797680955e+00
1.782264620627579177e+00
1.257560952072553473e+00
1.416838403920722023e+00
1.470432274239973802e+00
1.974904726824463053e+00
1.805247137795511048e+00
1.548250217829340913e+00
1.624611158818077827e+00
1.275140385827519429e+00
1.547472454978446654e+00
1.929699020072495275e+00
1.539874501445605670e+00
1.173497425407421080e+00
1.204305937098054224e+00
1.623711369827245177e+00
1.006960222463248122e+00
1.178721877728351686e+00
1.297362553895110349e+00
1.224154046908263904e+00
1.239242072681536300e+00
1.527784100388302591e+00
1.847206118193275737e+00
1.230871228419821106e+00
1.477961962600249146e+00
1.510009125710477296e+00
1.524333563681399717e+00
1.365628859999344025e+00
1.348319999030459515e+00
1.496640029291101515e+00
2.035125765802465736e+00
2.054192283353074799e+00
1.386554641573801261e+00
1.490223431695483880e+00
1.475023014065125038e+00
1.621894599942688142e+00
1.121084230092493250e+00
1.463099633107563857e+00
1.530435814754185442e+00
1.389461509990819410e+00
1.593634364161455208e+00
1.388287261095918268e+00
1.501146361648671990e+00
1.518909775354849279e+00
1.919982170609425109e+00
1.536185747136729285e+00
1.158155636538580779e+00
1.424747127285192372e+00
1.362508095087186399e+00
1.153457788078306345e+00
1.397511045392612505e+00
1.164486335607937795e+00
1.728174828971298593e+00
1.839750538000761937e+00
1.731737556627818142e+00
1.498894181083423760e+00
1.714524800988597386e+00
1.337118401863413464e+00
1.529684204463262365e+00
1.709609944635441137e+00
1.378301163528363515e+00
8.561563983960779334e-01
2.195177204160060569e+00
1.512695568791600831e+00
1.726668340679371916e+00
1.642318629561952958e+00
1.742619198178389173e+00
1.463504540651747288e+00
1.770817722861893762e+00
1.681737526926017523e+00
1.082058427487400998e+00
1.451578655157635955e+00
1.624178038987523109e+00
1.476578619400293002e+00
1.648209352631557989e+00
1.527915153732064324e+00
1.942649914192197125e+00
1.878574198757373637e+00
1.045279142849617982e+00
1.423034906506993824e+00
1.305572027129615620e+00
1.655603505944881260e+00
1.699257114645998268e+00
1.542598172856997740e+00
1.298972040047745580e+00
1.392221175256246335e+00
1.051244375005708998e+00
1.210131738071054341e+00
1.196806612854186103e+00
1.507961361799591504e+00
1.293634392719331450e+00
1.980440440897902388e+00
1.284398984959969292e+00
1.475816645223403833e+00
1.463341186129459848e+00
1.560324492393835971e+00
1.780332312854797649e+00
1.633460235654144332e+00
1.616899330120566525e+00
1.854003586974761086e+00
1.430096414245574099e+00
1.656974328597651258e+00
1.394760076343552369e+00
1.860977953058311485e+00
1.588372726732686147e+00
1.142834727530537942e+00
1.267836748905589506e+00
1.132603415934235969e+00
1.803940449597648099e+00
1.426783476852757193e+00
1.488125384837127863e+00
1.195302356060638616e+00
1.635101604866740388e+00
1.073174828528466795e+00
1.388475173900488580e+00
1.574672341070757930e+00
1.557676139637526491e+00
1.814098457888192684e+00
1.578775117914516191e+00
1.380731894465000442e+00
1.620392149844769536e+00
1.554978072038878834e+00
1.825043892591854178e+00
1.063230958904815227e+00
9.898867176494335895e-01
9.863309155940712669e-01
1.584379752142389242e+00
1.783985944097899345e+00
1.661364600212537068e+00
1.209749788612626054e+00
1.316954294136149173e+00
1.725065688992045931e+00
1.438014881237980047e+00
1.424436770598222157e+00
1.527331049068498814e+00
1.009058506633993213e+00
1.736572619026497399e+00
1.751702634838403494e+00
1.446628385315681609e+00
1.372870386150825794e+00
1.390873091475522738e+00
1.356784145833979771e+00
1.699589538060984450e+00
1.486100365020618819e+00
1.125311538615334062e+00
1.715002363846181765e+00
1.963907109132047246e+00
1.546259372237760443e+00
1.339308774706295502e+00
1.196480392440074203e+00
1.541152940875121002e+00
1.453386188526389899e+00
