2.081484499497136209e+00
6.054121471464967819e+00
5.185896589858320027e+00
1.944943142775334533e+00
2.281310524439600584e+00
9.553098239208100750e+00
5.821573187533845228e+00
9.587035275233640519e+00
8.235172861626651297e+00
7.009352753660221147e+00
8.454158979639250227e-01
3.405518703844553130e+00
2.184023829774074343e+01
7.987715558004198080e+00
2.227891785053905060e+00
4.169624873000817189e+00
3.028548295023326009e+00
9.456510730487998728e+00
1.019687599872415440e+01
1.805008696665017354e+01
5.173196130406119586e+00
5.435299991869007030e+00
2.492998549872424086e+00
4.773736632396036406e+00
1.996964629130356217e+00
3.228358458499704486e+00
1.379013636396125442e+01
1.100765687485571398e+01
2.737501022510046234e+00
1.987245196785241586e+00
4.483719252291733959e+00
2.266365566713443247e+00
3.529169770378711046e+00
1.166051813385982738e+00
3.838951334493308831e+00
1.684444556835572016e+01
2.675750383453564307e+00
3.462871283722184046e+01
2.554934322249059875e+01
1.619170467456094054e+00
2.788127768026773534e+00
1.070667382873149442e+00
3.597362060717228527e+00
7.681002185622211043e-01
1.795782250111575884e+00
1.786030054910894060e+00
1.573350163545674141e+00
9.569043950001003829e-01
1.024779219481470349e+01
1.124320388819068040e+00
1.383796406415106706e+00
1.231306317753254387e+00
2.227043049290586829e+00
1.690047123073790125e+00
2.951978024994497929e+01
1.501913795197054391e+01
3.401047779088245626e+00
1.626576706912908676e+00
1.099337511167784065e+01
2.153202091172578214e+00
7.132210127005771838e+00
3.216300301164801922e+00
2.223386540973036318e+01
3.377739105456978752e+00
9.643925723169218145e+00
2.554880111196195625e+00
1.306137306762579442e+00
1.889913943902616111e+01
6.288522967783923612e+00
1.955531557618094940e+00
1.973595115708738357e+00
7.055280777340021681e-01
2.563847033218982663e+00
5.250046906782173117e+00
5.837181441698023221e+00
1.200151529693226848e+01
1.125122176922064288e+00
2.591755613232963107e+00
2.581787977421606151e+00
5.781516868893465499e+00
7.588358341054871614e-01
1.129045081097213732e+01
2.186759226994410454e+01
1.699614233422237275e+00
4.476006663327910751e+00
2.161258905309941358e+00
2.105104115120823405e+00
5.831408411487300825e+00
5.369231482859450288e+00
5.682020276441599016e+00
2.447886658684080619e+00
1.331607299032357616e+01
2.414592165174558325e+00
1.746152257378364769e+00
5.395880131914514521e+01
1.572727475613569625e+00
3.160106247552761705e+00
2.462655091364738702e+00
1.271225834546916955e+00
2.062475906161066685e+00
3.795874674814153416e+00
6.959902189555691177e-01
7.833786236575598139e+00
8.240054013095613472e-01
2.931810377264819856e+00
1.317016376176198555e+01
1.730494734252760791e+00
3.837624963516269805e+00
1.939309476100334662e+00
9.272467635112448647e+00
2.916744196427117686e+00
1.427506415098334758e+00
3.230263690249625341e+00
1.825602569449876755e+00
2.286302836291542739e+00
2.223068655481481581e+00
4.057382839573283384e+00
8.328324928556787299e-01
4.174483473004740652e+00
1.766066141629241359e+00
4.226859088427127098e+00
4.548286678788958426e+00
3.045489719792557004e+00
7.239610514327035062e+00
2.581284502250574597e+00
1.990751015514717892e+01
1.685706161214796994e+00
1.799039187144980678e+00
5.255345152810241061e+00
5.552163254254587343e+00
1.782293969700720382e+01
9.012140947396621016e+01
1.207864350756791794e+02
6.461879873650433481e-01
2.697028269532098399e+00
5.058137666834119806e+00
8.792666217135730378e+00
4.677408397612725643e+00
6.983009471566036908e+00
1.928813339376474367e+00
2.012193254848474222e+00
1.849143603015301895e+00
8.094122417243006851e+00
2.242829579576248733e+00
7.398465054738275981e+00
3.667508512228520701e+00
3.330640036492644729e+00
1.969456066189957388e+00
1.775425846077296299e+01
1.349729479073086491e+00
2.574955060961637443e+01
9.960747165266308212e-01
1.754390849199960245e+00
2.881255606351468757e+01
2.842040435244780117e+00
9.906090293598539542e-01
2.532215691275400360e+00
7.680086142544343630e+00
1.851468199798048531e+01
6.773881262744446907e+00
1.457034323645210350e+00
4.459187904088844689e+00
3.996897135999701867e+00
1.217467500457124485e+00
2.624767464367257830e+00
6.387706678135353755e+00
3.719298874096040208e+00
2.031724430827441363e+00
3.485237887724316863e+00
1.082887525540615137e+01
6.120731982398141646e+00
1.220496319099564575e+00
1.086116450005918921e+01
1.780811848659667351e+00
5.365253777393604651e+00
1.338907820407989169e+00
1.685640481499905974e+00
1.874664852890862932e+00
3.528289047438374570e+00
4.828739056921824258e+00
4.186543825391774831e+00
3.500177809032730458e+00
2.634001397396546373e+00
1.288728589091759247e+01
3.837104671847908488e+00
1.384500449226475460e+01
1.617502459205134357e+01
4.697999786277843870e-01
3.955434690705013967e+00
3.327744067716420062e+00
1.871262446938038559e+00
1.009763078675481651e+00
2.141893983685685399e+00
1.438181768347043388e+01
5.006715142238827632e+00
5.832344181682331374e+00
1.322073788343175238e+01
2.687771924063102169e+00
1.042508477731403538e+01
1.003024303313179821e+01
9.726163832320384728e-01
1.406284905205218116e+01
3.232123916595831759e+00
5.876464445429214756e+00
3.749677716425591445e+00
2.198026052015336962e+00
1.603776809349643173e+00
8.452671578803574448e-01
2.684972158130229047e+00
1.938921928080396873e+00
5.190445269487460322e+00
1.653970528235958470e+00
1.904159636975994108e+00
1.233936676906792540e+00
1.989882255423039936e+01
2.853803538222560832e+00
5.029931338106068495e+01
3.157827071649379036e+01
7.065974196523869821e+00
1.136038581170422557e+00
4.100178464859885352e+00
2.157676532368849820e+00
2.009589689663912715e+00
1.281250375280456488e+00
1.367312915301287113e+01
3.567654374887388791e+00
2.621444124962759137e+00
6.341665797831263163e+00
5.713225322211787471e+00
1.689194105578949667e+00
1.583355340204862793e+00
7.574566415444931700e+00
1.437498138912731704e+01
5.703868739156422230e+00
8.210921554109431586e-01
1.501454675863841404e+00
1.047207286878847565e+00
3.842789446721098123e+00
8.705890643778676496e-01
4.193859971161535860e+00
1.926049486388131671e+00
1.172448376168809370e+00
3.210983418762565655e+00
1.871529860260257028e+00
1.607906949330004664e+01
1.846977833409957137e+00
6.601947044927421793e+00
6.371700113447167357e-01
4.062856945843694056e+00
2.693418794622805379e+01
2.008848673578997879e+00
1.292284817928939455e+00
3.279069619305623018e+00
4.647849613847895078e+00
9.791139046250089351e+00
7.939232926719225425e+00
2.574708420647475737e+00
6.763275339258088437e+00
6.060382276166498272e+00
2.333053631516120774e+00
1.660003421214170771e+00
1.908917938394813385e+00
1.871509536382372119e+01
2.759800143288084762e+00
3.006127377670369416e+00
8.521503738854121490e-01
8.766477016852195492e-01
7.561197474689240750e+00
4.973596751820936390e+01
7.166254920071253309e+01
1.518752832172438794e+01
1.771583363252744459e+00
2.055310623285285132e+00
2.987389048689844007e+00
1.559785853327992378e+01
1.545103400931100346e+01
8.117157575022745375e-01
1.548280140743979594e+01
1.170638749577549120e+01
2.827540849786622346e+00
6.333000205525709525e+00
1.080286859920237763e+00
5.620838143989500546e-01
5.800817981230300013e+00
3.774360034181054591e+00
2.578072041753940002e+00
1.541423080478768526e+01
1.244361953731158010e+01
2.823549995012582858e+00
5.602883321346135981e-01
2.955282577097574581e+00
9.796245531418733776e+00
8.538922764142559130e-01
7.677717660150087831e+00
5.139934028114996778e+00
2.263844512435480905e+00
2.469536217855830440e+00
2.183441602152818906e+00
1.109183901009445306e+00
2.968396491476453036e+01
4.631790089654050036e+00
1.936083674677690425e+01
2.283810308381403686e+01
2.843755939976891867e+01
2.386968882936347569e+00
2.495697108941913545e+00
1.492881466245966182e+00
2.371646890888615999e+01
2.647331407218425969e+00
1.257484033147956026e+01
2.834343192565450309e+00
1.366716983698394650e+01
7.803218973253532198e+00
1.055378104568090123e+02
1.413639711481274652e+00
9.962751301267132931e+00
5.186351183997280900e-01
1.781787163116901107e+00
1.399900327041462722e+00
2.553594929603098418e+00
3.230556259372250771e+00
8.484549697264059276e+00
1.189500286468853574e+01
1.640293757739826219e+01
5.030807346943153568e+00
4.159270017978084155e+00
1.078433590470190273e+00
2.141233943235999693e+00
7.465121932257041681e-01
6.483933946270010296e+00
2.785133739737389202e+00
2.869296427199764299e+00
9.222421948844671258e-01
1.020983985941040340e+00
8.343930821543596110e+00
2.046249934432438078e+00
4.234501485199730020e+00
4.815980374069141590e+00
8.403726891933464671e+00
3.380835047879867439e+00
2.497859882067559933e+00
3.767371114852182679e+00
1.121888417511265956e+01
3.578186817377493334e+00
3.583199263763615861e+00
5.404116178801183779e+00
2.210720014937064715e+00
9.841543613586147821e-01
7.769467136119612150e-01
2.212114452891375649e+00
2.708958705802670952e+00
1.713498462781639375e+01
5.190949874892798732e+01
1.587129237172699492e+00
1.004614506175065181e+01
3.835339026395175654e+00
2.346162642914241481e+00
2.017287341291900127e+00
7.453128706003935733e+00
3.373752670661481101e+00
1.816833541092507831e+00
2.393044920149341781e+00
1.378819054056761306e+00
3.537947939736726966e+01
1.312507632463036478e+00
1.434082777659260266e+01
2.578613344570678922e+00
1.910696314209691327e+00
1.728794941627908477e+00
4.195347827881819591e-01
8.957455960328637445e-01
2.672937750980283411e+00
1.569202089026950730e+01
6.111190277527948744e+00
2.541486908847008674e+00
2.581670532870656398e+00
9.038305311483100235e-01
5.129664955514716240e+00
5.650891599827139178e-01
3.482975960636603752e+00
1.098712212963764401e+01
3.867206981151277478e+00
4.672726223205306617e+00
1.579886329973844639e+01
1.554049729083566511e+01
3.170368407744219574e+00
5.502214378768815806e+00
1.104832857578233130e+00
2.913558967206784533e+00
2.245629747772153806e+01
3.313563735695959966e+00
9.120300157023336629e-01
1.193216576403076168e+01
2.591811366440324615e+00
1.539029319649806160e+00
2.862147158185549767e+00
1.244716575743745057e+00
2.484527565359638590e+00
4.838371337727497945e+00
2.695552194107361466e+00
6.673785049492426680e+00
1.538823817309205033e+00
2.333027103278467518e+00
8.322931138050082112e+00
9.268797778206403493e+00
1.768270168182867863e+01
1.816542739682308616e+00
8.727418714688186530e-01
7.027409941833447249e+00
8.663462777032547635e+00
2.384185048396437967e+00
4.200326251082023177e+00
2.982683397284064952e+01
5.957578041960482906e+00
1.141330180996426691e+00
2.805607465722704141e+00
3.228436473547866115e+00
7.167829628406710007e-01
6.169168864997990553e+00
2.948592780135878666e+00
2.610980338088698449e+00
1.489661724338824378e+00
1.924959915491911744e+01
2.515023947306591179e+00
4.109602927811900841e+00
9.967288868011509706e+00
7.968171573072005742e+01
6.307125387967814634e-01
6.603844819950927558e+01
3.138639629809793163e+00
1.494612097950544616e+00
4.278456712768371695e+00
1.610846799877832414e+00
8.639884234961471066e+00
9.443269045351533109e+00
1.755642170817795389e+01
3.748987509347293212e+01
5.699420117929451024e+00
7.519761415746112121e+00
1.685778362526361107e+01
4.196771812787524425e+00
4.381574685436564920e+01
2.886785875302539939e+00
2.799192076022792186e+00
4.799782591553671374e+00
3.372178544960922153e+01
1.533540994717297767e+00
1.365997567641423993e+00
9.240866912487566864e+00
2.106775064418809684e+00
5.942814180901915044e+00
3.473572384760352350e+00
3.748229734887693176e+00
2.822652897686107920e+01
3.864412485714103784e+00
8.610527660456554599e+00
9.443106267642859208e+00
1.721968860085666719e+01
3.021840192658864499e+00
5.130232580663308006e+00
8.397613856721690695e-01
2.105487223082896264e+00
4.865047351455125124e+00
7.131553677284826698e+00
1.129589006397414153e+01
9.916264787505389977e-01
8.289461987945305310e+00
1.212384564453104385e+00
7.888674769143095844e-01
1.087994933229369465e+00
2.056681738780814950e+00
2.426783821684211251e+00
6.246951596399194173e+00
2.282703518184249436e+00
1.248614840816783866e+00
6.812609369311920737e+00
1.540060902541970700e+00
3.060572313105123676e+00
9.196653238354967286e+00
9.656789510205758376e+00
1.047185206709641658e+00
7.817777952595821311e+00
2.227298840944344605e+00
2.436857633711125626e+00
7.694750607174316137e+00
1.879573156043429893e+00
2.284489386521459497e+00
5.084439990266542964e+01
2.181700919662821647e+00
6.793481861462091764e-01
6.228160002245427762e+00
8.439260567308304317e-01
3.113866196962292054e+00
3.881061634807279059e+00
5.685028393269049296e+00
1.438884390164646421e+00
1.330622119701253547e+00
5.934720568989236611e+00
3.025019774671589445e+00
1.625404751450035157e+00
1.106248075171431422e+00
5.498042083060656005e+00
5.409809653560565756e+00
1.918299897028391765e+00
4.172409017307824541e+00
2.535598958163808092e+00
3.203727995095294823e+00
1.217890676285234974e+01
5.922853387894824628e+00
3.313214420455845577e+00
3.332214748620317124e+01
2.614162730551208291e+00
1.133444195602424465e+01
1.260616230753744915e+01
2.188194361784615793e+00
4.396811620827951295e+00
1.892093731689030278e+00
1.932970956745558189e+00
3.557536835976933709e+00
1.238539661544002524e+00
1.872240061247254728e+00
6.782557682274347854e+00
7.884335974610943154e+00
4.901355081139759484e+00
3.594269146524880654e+01
4.537629005102292012e+01
3.066658606240552487e+01
1.281768561643752058e+01
1.881240628599335052e+00
1.482127036388728136e+01
3.708247487722206248e+00
2.534544140144652236e+00
8.219748131815334702e+00
9.271825331661219138e+00
2.590941358473378031e+00
4.016033875340289327e+00
5.612735581258029960e+00
1.243562045799181881e+01
3.375671025606727227e+01
1.287582527165129331e+00
3.723453911395539606e+00
4.141902707493530400e+00
8.517047287794872190e+00
4.396691724755645403e+00
6.031795885809896340e+00
1.072150732340224843e+00
1.741142437236459006e+00
9.615241523648032640e+00
1.713762731933387684e+00
2.279144078603618340e+01
6.807180451348362471e-01
4.954625168503961952e+00
3.560008395251851532e+00
1.424900491134381886e+00
7.830600685059316834e-01
2.743018444845904735e+00
1.521288572468464162e+00
3.142334572518471703e+00
1.084280965075314906e+00
1.472460936915523533e+01
3.940734651705081415e+00
3.392115482172634255e+00
2.890897635664190002e+00
2.523826562854658118e+00
3.002158662247790044e+00
1.349043290288682639e+00
2.684640538656891007e+00
1.226590755231037999e+00
1.142628055541459187e+00
2.973398143248365599e+00
1.140433427348268580e+01
6.220947171878044024e+00
2.116738403470254681e+01
3.785827682618261858e-01
1.007500527675051272e+00
1.227045466776057481e+01
1.797820836612337159e+00
6.421335288263399832e+00
3.063389509751374806e+00
9.324387514391341725e+00
2.000842347172960167e+00
6.578278927612144500e-01
2.905713649216538741e+00
2.535997273888416004e+00
4.777017205684407131e+00
5.263049292101704246e+00
1.000464852451412590e+00
1.873746138860583388e+00
3.006529861982219387e+00
1.685254947112660773e+01
8.566664569010299601e+00
2.274538144923414862e+01
1.574726021487872663e+00
3.159386512742619058e+00
2.765139256303733362e+00
1.331695154064728381e+00
6.457894128766822561e+00
5.500148665500934619e+00
6.215359138588414822e+00
1.344475701124836720e+00
1.236092547941927799e+00
2.284768420008199019e+00
1.032719512741013812e+00
1.874602090662797149e+00
2.032502946135268385e+00
4.859921565231520191e+00
1.215494386758253498e+00
4.347945604975439693e+00
3.626367674902301275e+01
2.156887419465459388e+01
3.491744298718646888e+00
3.466101766414808605e+00
1.116412226616287251e+00
4.234256153490377983e+00
2.773935067723758419e+00
1.039782619592831914e+01
1.032548029845164095e+01
1.577827654377532873e+01
1.063952308995500928e+01
1.661348636441803750e+00
2.389381335318331878e+01
3.664796665497285222e+00
5.800983338095016428e+00
8.074161120624964383e+00
1.929286316727211403e+00
3.161135218433039018e+00
1.737598274413141297e+01
1.539006702608630661e+01
8.075624246803894124e+00
2.314262980613461806e+00
5.605713596843467705e+00
2.368878972795656956e+00
4.300511977227328586e+00
2.568158477256527661e+01
8.160729108495935691e+00
4.009966646146692071e+00
1.450967017996881658e+00
6.130636211664403312e+00
6.324376238055946509e+00
4.690077317834806081e+00
3.622358698373418395e+00
8.357414613400304404e+01
1.004909307063771129e+00
9.416451228565941634e+00
2.852770823342916984e+00
1.634672099574297821e+00
2.748066786519743232e+00
2.191256326657457176e+00
8.068413965649536834e-01
1.254199453406735998e+01
8.829035759440088782e+00
6.938193032343335176e+00
1.365706255921476853e+01
1.686351818829035176e+00
1.021097248128352852e+01
6.628639806939029544e-01
1.184104600552761788e+01
3.115205816164008823e+00
1.251119727627260092e+00
4.828598125239842886e+00
1.571805468220120350e+00
3.668778799029971394e-01
1.911775341694946118e+00
3.210079372784628848e+00
8.514391892953014462e+01
2.147024116301794017e+00
1.682276849165916799e+00
2.897981771753662006e+00
2.325268824441902193e+00
4.811800613323049980e+00
1.641788792128508367e+00
2.518610784864883545e+00
9.563468022465619001e+00
4.979730930646308451e+00
3.438252651000796245e+00
3.787357294436139110e+00
1.152407998283762725e+00
2.419302092618211386e+00
1.380454334019939289e+01
7.765642138383823223e+00
1.551595922236419511e+00
5.020820914483005382e+00
2.157352300307202153e+00
2.007856640367524648e+01
1.332408182557876941e+01
3.348315562531473777e+00
3.346166470407683668e+00
3.253119301713783607e+00
6.403366593058918532e+00
7.792083577142957518e-01
1.822244623322459134e+01
2.868238070648856830e+00
3.684075752067053067e+00
3.001331929863775727e+01
6.347675429119606250e+00
1.037591603984991728e+01
2.627059046444458534e+00
7.374220694026632827e+00
3.370157611597239367e+00
3.632201937390089785e+00
5.972034892397498851e+00
4.716970315186734264e-01
2.704829326123769029e+00
1.535789921476285125e+00
2.798404781057471702e+00
1.670389726697712618e+01
1.154206730468630315e+00
4.528601222943830606e+01
3.347396827640412020e+00
1.768074432212699554e+00
3.896854116598210016e+00
7.050873548633602717e+00
1.583354113719595446e+00
5.723709006160996537e+00
7.110032843412141368e+00
1.548997382329285966e+00
7.697949083403198500e+00
8.982316073704572190e+00
9.355079559750882012e+00
1.262593835585293034e+00
3.938616204204155480e+00
2.830143875034456968e+00
1.156302499383277782e+00
3.119316583250002495e+01
8.742975270019426315e-01
4.621256515710511437e+00
6.344014677150267012e-01
8.340246318145455362e+00
3.233488389638176308e+00
1.755767433969366742e+00
8.453586856646090331e-01
1.023536917381695055e+00
4.567272466876912240e+00
1.255898216911979448e+00
1.076773531028109021e+00
7.202952570110059405e+00
2.719208999049688380e+00
1.927270930531180593e+00
9.660169507490139473e-01
5.176362008759596733e+00
5.328185768007227097e+00
8.775113636853087984e-01
1.483081068293959470e+00
2.020863344294770325e+00
6.833196079960822900e+00
5.537483410645912763e+00
3.631976242845010194e+00
4.606688369472771605e+00
8.050226099180600059e+00
8.255536029297786627e+00
3.281456264724509353e+00
4.520557293940158594e+00
1.638671769000374256e+00
6.277906453775158546e+00
6.621165928702944825e+01
1.571164669843196915e+00
2.954547566342870191e+00
9.568108033733953022e+00
1.379647664507236415e+00
1.876009022158952932e+00
1.628149423817462971e+00
6.017834321326220426e+00
5.404369930201713856e+00
1.928483336400169890e+01
3.477458104832943064e+01
5.960137557252489060e+00
4.269661575313318913e+00
2.087924745632518508e+01
1.378511136360277556e+00
9.067200712941285712e-01
1.235531625381834253e+00
7.102868008906967567e+00
3.174486503275760985e+00
8.960575326708919430e-01
7.186212236030908862e+00
2.037645913162462019e+00
8.901289321879690686e-01
1.844632738927116433e+00
9.122277681853608655e+00
1.864250140291759505e+00
1.124194179763210677e+00
4.571083934540489224e+00
6.354027772478410441e+00
9.358049196994586705e-01
7.392268453046028753e+00
7.641139953853845590e+00
3.789793804252262532e+00
7.527718530499403204e-01
8.633488715776815425e+00
5.955820733450295279e+00
7.607064192687531978e+00
1.993587480829020597e+00
1.956045030852077371e+00
4.826334990253856816e+00
1.212053546970859408e+01
3.345171307915886416e+01
1.718582938919743341e+00
7.728752733943845321e+00
2.117823612744802020e+00
9.534392262155231279e+00
3.913469251164317875e+00
6.235276897393142725e+00
4.176665124205585222e+00
8.745952996224875875e+00
1.250645175538559917e+00
8.172428049413900553e+00
5.767806671199632973e+00
5.679736487155757629e+01
7.039980519502251788e+00
6.159744664317276630e+00
3.122880233771103242e+00
4.681479489046476150e-01
1.283302036098871213e+01
1.008063564254374000e+01
4.539370206092706361e+00
1.192902992986334532e+01
6.759555699123102279e+00
1.894220648211299762e+00
1.513922856660154137e+00
7.103183767332152065e+00
2.780836469341679607e+00
5.846333930969329629e+00
2.019411554202434900e+00
2.401254174550947251e+00
4.303311985418953434e+00
8.622355235168867038e-01
1.023538748262398883e+02
3.287443466405036929e+00
1.280390482766802007e+00
1.097155609952747035e+01
3.240174651428765706e+00
2.137103936410333915e+00
3.769741327708278522e+00
1.206023796763058442e+01
1.309429186168529036e+01
3.946709458108011770e+00
1.158360183427424772e+01
9.126262550191151846e+00
8.063505942223937240e+00
2.744587781297271434e+01
5.809514171062383880e+00
7.722396618030996862e+00
5.785128867332686164e-01
2.537446961422656688e+00
1.976805310335708388e+00
9.065511291392209792e-01
2.421614002351253347e+00
1.462652247156319030e+00
4.303727807971269748e+00
5.114421682315730244e+00
1.745408495782110769e+00
8.668534893341998782e+00
9.836026236394230793e-01
3.409886937065023105e+00
1.485596147873848638e+00
3.065451172752455822e+00
4.948432802911641559e+00
1.218576570118333535e+01
6.272906306511030650e+00
1.494980753480179114e+00
1.070308519740410969e+00
1.788878021012182185e+00
1.162893000025100321e+01
1.635953349030157877e+00
3.322273481431358277e+01
1.776846890947193813e+01
8.726350538652802857e-01
5.893646990824353615e+00
9.416316420165117274e-01
3.554436141886932354e+00
9.867786111468771493e-01
2.240106651085933542e+00
1.251800300715067094e+00
2.054009501356936607e+00
3.457481761403700560e+00
3.696958475545951139e-01
3.049951052307893651e+00
7.553849456826549513e+00
2.579998583073036755e+00
1.945496821180486080e+01
9.160821829407128192e+00
1.100309780165503426e+01
8.926386648127255796e+00
5.867079269206690872e-01
6.539445745239724772e+00
2.239820837800648690e+01
1.958839295908848310e+00
1.400595780199887663e+01
5.068832325742768097e-01
7.151564944747718755e+00
9.437952960867427299e-01
3.666811090901992642e+00
1.202669273409273654e+00
1.506772009414727220e+00
1.426424514722968162e+00
2.957749548743961121e+00
3.043765094587095987e+00
9.942445542975059780e+00
3.448365263978752537e+00
2.515313704865598687e+00
1.105557977455841900e+01
1.390846739413828637e+00
7.111199336397959758e-01
8.435851331575587864e+00
8.667171840193899968e+00
9.159100204743651830e+00
1.094799030830389874e+01
4.996224038546603907e+01
4.551702903932413946e+00
2.750093523867997103e+00
7.310943470961418278e+00
1.258441884239727671e+01
2.260445822794505677e+00
3.111866531428037153e+00
3.126713136900121981e+01
1.875762842816761644e+00
6.579390943301541839e+00
3.810889330537960973e+00
1.484597452316300137e+00
1.163674514142392624e+01
1.050734313926921892e+01
4.614865438045197443e+00
2.426147788234900915e+01
5.093403199992112995e+00
6.156076453614934607e+00
7.469871832050490212e+00
4.526506482150632671e+00
2.650524115411891035e+00
2.704185840842923128e+00
6.983064873736602785e+00
3.079437393382408406e+00
2.975548674970024177e+00
4.170989669783403464e+00
9.762395197755131537e-01
2.553630100557610305e+00
1.545206100636000102e+01
3.190510001313036970e+00
6.252055116030871273e-01
1.893184121143599352e+00
1.816451191707343815e+00
3.767437602995938661e+00
4.826573212775979727e+00
3.266482235285922631e+00
2.141167464140759424e+00
2.692272449477709984e+01
4.377007017656501908e+00
3.960133580735371694e+00
2.403993591039873312e+00
1.692694364957212816e+00
2.346711553040288223e+00
1.968219576462172782e+01
6.921148239946508518e+00
2.554814493436627032e+00
8.496657089113874406e+00
1.717497757420459958e+00
7.366506843631083434e+00
2.473502142460262476e+01
2.569731645492938199e+00
1.853513825707425511e+00
7.768725651686083644e+00
2.224257987865149033e+01
2.366745904121048572e+00
7.153221133126944409e+00
2.780206358276806178e+00
1.992607419699157001e+00
1.114649770483954150e+01
1.933948409600529494e+00
3.112104531490551995e+00
1.045040397965512646e+01
1.648016265392336033e+00
1.208275756624132491e+01
3.684486954272427539e+01
1.474108937314452472e+00
3.933397480685150605e+00
5.450649931501842183e+00
6.586871040427138446e+00
7.306775894284930573e+00
1.581206320326073334e+00
5.142949590480299982e+00
5.535858127944621287e+00
2.899344962838863005e+00
4.448660725715448905e+00
2.553865168953727505e+00
1.509381466832360630e+00
6.988995283659040325e+00
1.212360717490561335e+01
1.352484662126982817e+00
4.431225988760988166e+00
2.259226297728311295e+01
2.496910991572031779e+00
5.683199146628505893e+00
2.384934263374488328e+00
2.075541268842095111e+00
3.293444669525939617e+00
1.250036408334336002e+01
1.964090078741064715e+01
3.569223585908560814e+00
3.241226459602757792e+00
1.256380458020825408e+01
6.057592070137853391e+00
