3.928386440439224359e+00
3.162938807239328298e+00
8.621265249231632177e-01
2.397533263807023918e+00
4.653881144436496697e+00
1.463119798876347133e+00
4.323116278079234043e+00
3.596906415672550761e+00
7.705592327179138223e+00
1.928034354730619571e+00
7.888124828295240754e+00
2.247604314587208219e+00
1.099227181684365950e+00
3.835409620214924153e+00
3.159032480777681950e+00
4.267161786971030324e+00
4.370825056107169537e+00
2.854090831647693705e+01
3.151540272433891232e+00
4.848077023627376470e+00
2.906861759192820305e+00
1.246955534076463090e+00
1.638220509442705808e+00
2.547789527598397719e+00
1.956546294716148937e+00
2.336638692595999434e+00
3.312601026810255433e+01
2.342774384260034815e+00
1.972196264818237399e+00
3.680607987058614139e+00
3.931857073956767756e+00
4.150579260082844613e+00
2.789733588826120769e+00
8.145412045399432088e+00
6.992499486492392613e+00
2.150130603931772022e+00
1.461625769239400352e+00
4.413043324839084569e+00
1.046810401070859653e+00
1.168572211687738260e+01
2.063364390051289909e+00
6.941539269976541249e+00
4.146848644881233170e+00
4.858486650690792885e+00
1.162178854415063523e+00
6.960554181751106295e-01
5.969720016123690520e+00
1.776628008388428048e+00
3.387465310694081211e+01
1.391205095057855390e+00
3.756356547214523278e+00
2.442949118578022105e+00
4.915936263652054272e+00
4.376960241137059171e+00
5.857690090800327987e+00
1.084991467719987890e+00
9.762003538855175577e+00
3.698747221614397063e+00
4.061121814777957972e+00
6.345789725654078950e+00
9.624954049053593419e-01
2.634830055051129882e+00
1.632259903364974951e+00
3.184422637536278522e+00
2.662407009470361352e+00
3.189882057069503674e+00
5.011170823438464872e+00
1.037460426403121083e+01
1.585506341704789879e+00
3.936186372886850471e+00
5.350936913664394723e+00
2.439053565614406782e+00
2.001219560719876611e+00
3.977041596742708851e+00
1.050770021824055078e+01
2.290651510904937016e+00
7.797920766026233963e+00
1.765213407230794829e+01
4.114355604781364306e+00
1.431328975985334750e+01
2.917667611973123520e+00
2.757074433663785573e+00
1.263833317833726877e+00
8.792003220057063473e+00
3.048651750521591985e+00
2.706039366217297015e+00
2.202712065411099207e+00
7.654446606366208883e+00
2.621422989582772534e+00
3.430075133335537263e+00
1.739993626506484370e+00
1.690954538448084321e+01
2.346738544565982298e+00
1.412023346607002017e+00
3.572250889253999873e+01
8.531134443143780999e+00
4.097871145147341743e+00
1.828673779526108589e+01
1.164699792637737819e+00
1.538295907595991219e+00
6.070823435319725014e+00
6.054538570855336754e-01
2.243875402848833911e+00
9.958027376339810388e+00
2.230080533148017352e+00
1.043476984750920877e+01
4.045557054262237884e+00
1.120425050496209884e+01
3.299588841644411019e+00
1.457425043498714423e+01
5.764290628542062755e+00
5.214071700521976993e+00
9.858211105020029397e-01
2.373355193421982179e+01
4.427281927506951043e+00
5.357493930214112687e+00
2.960372963534922963e+00
2.326448933890826520e+00
1.052290172103405697e+00
5.594371941684293859e+00
4.106477681136644797e+00
5.470342110226092736e+00
1.609090046984147371e+00
1.657367035790449084e+00
4.626466495349997210e+00
1.707974510816983260e+00
1.664497851054972388e+00
9.665667272623775119e+00
2.917120295806813957e+01
3.051168101375236308e+00
3.379922313651677168e+00
2.494703681598827050e+00
1.876364544199638607e+00
6.551678569059751212e+00
1.935889157864276511e+00
4.166039404257957379e+00
1.060472857960410309e+01
1.750267295439886084e+01
3.160829798115941003e+00
2.756998604117651741e+00
9.126703559158623191e-01
1.627752287856801816e+00
1.263280559977692841e+00
5.975097913491524970e+00
3.557937176201944052e+00
1.737701184728978498e+00
4.986773546906048793e+00
9.386342124127530440e+00
3.466149099676487655e+00
6.482223195215990330e+00
9.205254791806696701e+00
2.476990655091905857e+00
1.537276219722057569e+01
1.093805402271078009e+01
8.269476088133334457e+00
3.591473889472461600e+00
6.118803525306860891e+00
6.530298568851164553e+00
2.145291868612295261e+00
2.408948082720888806e+01
8.367918772003770655e+00
3.459379832442657232e+00
2.025755287844958730e+00
3.280088468808729285e+00
5.088366894181156397e+00
2.288035784141445816e+00
2.957978393776117088e+01
3.169932378397388728e+00
1.094959115283398177e+00
9.333590216657359662e+00
1.681913872210422323e+00
7.777421313338013675e+00
3.502346993075029946e+00
9.965280018253623862e-01
2.099009656784837219e+01
1.173880024314025050e+00
5.480297443546075620e+00
4.392417979247297266e-01
1.140265117099676928e+01
8.246288973935980593e+00
1.405025280343655814e+00
2.011891088062685906e+00
5.156144399752016660e+00
6.123046527864937971e+00
2.119991733141168844e+00
5.274396385252521746e+00
2.252244791994895579e+00
2.538569882179552373e+00
6.250120856418580395e+00
2.107908344675696100e+01
2.052731809765694582e+00
8.938430681628783958e+00
2.243365525308110175e+00
7.596484701086803959e+00
1.099653623021237792e+01
3.135304440047642416e+00
1.750776837653067375e+01
4.674180845773969750e+00
6.093234406845134288e+00
2.753130318507608365e+00
1.875699176412846469e+01
2.467671620371709285e+00
4.012885826241708642e+00
2.085919862047914908e+00
4.964199519852368070e+00
1.303365307973976428e+00
3.781158300907171199e+00
5.186856269061278724e+00
1.126722194279885514e+00
4.041271047199081146e+00
2.119037293363496666e+00
7.151865856816769451e+00
2.617069353730267167e+00
2.933081331365912536e+00
4.794006815380588371e+00
3.113274184540003819e+00
3.264630506400200360e+00
3.552629930937725611e+00
5.170026473587814309e+00
4.544605503505785293e+00
1.345864981811596861e+00
3.868815038149807606e+01
2.449491486421000008e+00
3.124617387945702873e+00
2.103959061723920332e+00
1.140868426015473558e+00
3.142418275429359031e+00
1.409865786021871958e+00
1.299127797330335987e+01
4.928086811686884516e+01
1.249996326353147946e+00
3.573685709006527045e+00
1.336124411865571071e+00
5.407385870195202671e-01
5.993672771343481642e+00
1.214355841188522467e+00
2.207105036465430814e+01
1.657163040525730491e+00
1.544922969808010027e+00
2.924449919149958887e+00
1.208438597306621842e+00
7.366876913020241169e+00
4.681265947979637687e+00
7.358886566524026618e-01
5.565452284413219708e+00
1.677278490049588955e+00
4.058918707961060690e+00
3.523560911110946048e+00
2.632036646554028358e+00
9.461555568151472917e-01
7.978318733874230517e+00
9.547214066269637200e+00
3.153749271713865987e+00
2.848554953693182679e+00
1.560453388575383071e+00
3.975083190074261363e+00
1.206928292851870754e+00
2.487822866343652795e+00
5.172295578621565859e+00
2.766909589473568243e+00
7.216619934855901697e+00
1.907768289796199568e+01
3.436045189379780318e+00
4.749102855493897657e+00
5.009572356611442956e+00
1.386150674337334632e+00
5.584962076477673953e+00
2.991336956597256957e+00
4.627217468357201824e+00
1.548203208637437767e+00
7.896419998460376455e+00
2.154591232713172211e+00
1.220570620548212082e+00
2.145793634962391394e+01
2.462033009527119898e+00
1.686168286504767577e+00
1.797353951724649734e+00
4.133911497929205758e+00
4.163234493512135259e+00
2.487853295101849938e+00
1.702837910024692869e+00
6.891143037231649338e+00
8.317246451479251235e+00
1.945835377585724890e+00
6.516709921598308197e-01
2.394700923665826764e+00
1.233885122619465369e+00
5.260268554768561700e+00
2.996856186662440358e+00
4.395787465605225819e+00
1.062185283736245367e+01
1.007665238618657710e+01
1.026618326228428302e+01
5.834425227090174637e+00
1.613366538706370257e+00
4.716497732161035827e+01
2.048949680575081977e+00
2.171298428145457926e+00
2.574722503276287267e+00
2.184674964551099219e+00
2.999830596170462105e+00
6.908249818888987370e+00
2.794626825598342190e+00
1.224110976544700158e+01
6.907031983141346920e+00
5.040050887478434305e+01
2.621281931999658088e+00
2.022122230821877586e+00
3.896659157194962919e+00
6.071626293068058011e+00
1.137413403491393282e+01
1.148502153523049518e+00
1.011968540940309191e+00
1.369409837282533404e+00
2.654581813679734736e+01
3.315434114202859384e+00
1.315556554455988802e+01
4.085581236700899233e+00
7.158356809484503813e+00
2.355920763014045072e+00
6.846842653498701470e-01
6.833754498259420274e+00
1.368353500995011629e+00
4.749908512037357866e+00
8.188252745656290799e+00
1.428273496811340193e+00
8.561099502431719799e+00
8.668491019960733013e+00
3.610221320536799450e+00
1.801543436162712952e+00
2.344689180192438549e+00
1.037946625730334382e+01
2.139739013901569731e+00
7.157733472946247844e+00
1.055230621218607467e+01
1.404895416788902907e+01
6.568853053441467083e+00
1.007330752086333270e+01
8.833261824770438864e+00
4.732532834887535955e+00
9.111796405320347070e-01
9.585226023160591247e-01
9.779556274793205217e-01
1.312365501189321160e+00
1.304189621932801968e+00
3.946342240145087388e+00
7.534149803180678617e-01
1.929990490651870783e+00
6.370789720824203251e+00
1.686448892012335055e+00
3.108552744150681946e+00
7.727671424268865996e-01
4.301653899307683382e+00
4.672810691322237631e+01
4.268923970792108058e+00
1.159999770390722773e+00
4.847340970511798908e+00
2.516364208546395531e+00
9.738976526207934192e-01
2.799715258707739185e+00
3.488229266353898517e+00
7.085566042895011130e+00
3.530815820105210001e+00
8.681975933339641793e-01
1.717510479327292572e+01
2.631176230139883998e+00
5.407233961454013915e+00
9.895707639418736434e+00
5.219421146036601122e+00
2.811062715837675086e+00
1.073365910588441707e+01
2.175432781362480750e+00
1.014602218302696102e+01
1.293463137265295604e+00
2.436202112108009299e+00
1.421165387753668297e+00
9.678719152201567866e+00
1.421968957263372912e+00
6.700922792193123811e+00
2.981055434277655181e+00
1.553563165212886688e+01
2.475594133935431262e+00
2.161673465348891821e+00
4.290875035257770698e+00
8.737153714375290647e+00
9.904028644069439169e-01
1.035076078742913985e+01
2.067452625083360918e+00
1.047172930547668734e+01
3.320921757463997537e+00
4.123991449564721634e+00
7.742508023365794578e+00
1.267793296538443393e+01
9.827243786897341238e+00
2.829132229981420998e+00
8.780575026832520891e+00
1.021046803534497194e+01
1.320096632313614293e+00
3.779364597328276787e+00
1.030720050230222284e+01
7.457329747622103433e-01
1.763442383667065405e+00
2.746609306050464383e+00
1.371410984765106589e+00
2.427583264284213627e+01
3.041589913114662203e+00
9.246899766767588957e+00
9.208464978964020498e-01
2.089315336349340857e+00
1.471994613263058582e+00
1.244548294627380614e+01
1.480231502979740554e+01
1.202181381845104147e+00
2.003497855537468730e+00
3.003691743510320755e+00
9.539349212525147337e+00
3.301429277141013419e+00
1.554129420476835222e+00
3.997077756200456466e+00
5.249353266470605517e-01
3.516284858355080090e+00
6.982003738255325720e-01
1.107714487344246379e+01
2.363567200396869072e+00
2.831232006181815475e+00
3.321741330042760509e+00
4.064730213251531943e+00
2.091356006552124391e+00
3.752509298608521782e+00
4.706611316809424572e+00
3.373107361308244290e+00
1.086183926696259405e+00
2.908971748793300804e+01
5.421332282703869687e+00
1.975307582296501385e+00
3.076156020185885964e+00
1.167357395693749966e+00
2.153460368233900724e+01
2.188196433532803464e+00
5.450072158902995234e+00
1.369999853723816585e+01
1.735815327194602853e+00
1.127819810822005664e+00
3.236494365185219380e+00
2.334055765853334741e+00
4.627901628586203131e+00
2.648171616890586222e+00
8.117531444845516475e+00
1.314262888496878334e+00
1.151525909295988015e+01
9.947604418152492523e-01
7.767017102334347056e-01
1.891764390879622892e+00
1.214097832841030566e+01
3.172621970209349218e+00
1.931233287872504478e+00
7.973472228056690092e+00
5.724020221849172252e+00
9.134876819909138135e+00
1.022730569721147909e+01
8.561288462511578601e+00
5.046371638258931647e+00
1.376122154621326699e+00
2.213528865493788800e+00
2.224939932575343171e+00
3.581693402921502845e+00
3.051420075112231789e+00
1.103899306476234576e+00
2.792456816403094955e+00
3.648239208882138929e+00
3.647058071598937357e+00
4.753494974160055619e+00
9.532078907150669522e+00
1.999838424069062759e+00
4.021575995259103564e+01
6.452326209258004042e+00
4.734151576599291644e+00
1.032377483627786141e+00
6.186180321222892964e+00
1.384405326277652781e+00
4.419398492268668655e+00
2.785638732239707593e+00
1.609297206290378979e+00
1.422873553148193082e+00
1.832480484153557576e+00
1.901303593083874643e+00
7.555743795154752362e+00
4.938272745417637388e+00
1.202394508728912959e+00
3.523066928010551546e+00
2.902327051808519798e+00
4.952509968078135039e+00
4.681529603695985031e+00
9.448892455579919414e+00
6.038198905366043423e-01
3.281254683548413098e+00
3.701409071811660567e+00
8.689109855022820739e+00
2.833396533350089452e+00
2.036737686545797565e+00
