1.371012441390262682e+00
1.344181518746902171e+00
1.139855774393608856e+00
1.816348268217080841e+00
1.099781091225560781e+00
1.495291280373709064e+00
1.329595635587420777e+00
1.058064463626885887e+00
1.166587260789288871e+00
1.282315802901620838e+00
1.568882466791932995e+00
1.306898526825498008e+00
1.624129514155771226e+00
1.219249446207706145e+00
1.394740190856482709e+00
1.471397308531541492e+00
1.786269768489907817e+00
1.279331983339027978e+00
1.864372169308232907e+00
1.302159664295682084e+00
1.652061912684136713e+00
1.406396133219489641e+00
1.453872727073129756e+00
1.085572140275918862e+00
1.549728748407270817e+00
1.559844677402233204e+00
1.236475913321108067e+00
1.192459377728951830e+00
1.597998756254554786e+00
1.416113860563046778e+00
1.186120396363078200e+00
1.343550949060016375e+00
1.185387017767769890e+00
1.172997530427511315e+00
1.302899094460908014e+00
1.381115996359295162e+00
1.086649292835378366e+00
1.004722522948970465e+00
1.424430925833000794e+00
1.369657233348142489e+00
1.802562762270407237e+00
1.191059591572992460e+00
1.974076531644578525e+00
1.571198331991655150e+00
1.022698010451018380e+00
1.564686679578493500e+00
1.217787078581950677e+00
1.362466284718028886e+00
1.277025495029664226e+00
1.418748996417149577e+00
1.675734626057203469e+00
1.279845086857691383e+00
1.447569066591072540e+00
1.556801796756881018e+00
1.005429214314981001e+00
9.708646280317346777e-01
1.570307003501280052e+00
1.608767970958879800e+00
1.369542351023968818e+00
1.115254937803599189e+00
1.524534996890437810e+00
1.014819002374643064e+00
1.551237130719507196e+00
1.866115928805454738e+00
1.469612593832372305e+00
1.460129001496915269e+00
1.486413180468666884e+00
1.650893231231530089e+00
1.067581623515387657e+00
1.209117027230937280e+00
1.520775024692335942e+00
1.164797078201307956e+00
1.414844916399596197e+00
1.602354356271187275e+00
1.369045454926876015e+00
1.357512719226811715e+00
1.086500158277037054e+00
1.259669291260539836e+00
1.507929092126531589e+00
1.013470693227766839e+00
1.318710921099427891e+00
1.329556484586402298e+00
1.236929839910317019e+00
1.770243501256818730e+00
1.513701788056904585e+00
1.181460852023710428e+00
1.288589634915682458e+00
1.432495021679381919e+00
1.309648333685909716e+00
1.146068098518353118e+00
1.594854616868246922e+00
1.655728119958083555e+00
1.246933261457397357e+00
1.162835838402982214e+00
1.347527212832903221e+00
1.870586355835676340e+00
1.678788878530088180e+00
1.495638883342769621e+00
1.231971283307980114e+00
1.742772771576405422e+00
1.479992787875060944e+00
1.007933696010722135e+00
1.080870295410728543e+00
1.371052750631709394e+00
1.267670058849812653e+00
1.430996635929278504e+00
1.686337781448234985e+00
1.151202508230779742e+00
1.137046605329872229e+00
1.023688455044089896e+00
1.189827419495755434e+00
1.576229585621889528e+00
1.461899421306007918e+00
1.399756048300144107e+00
1.270644796545131516e+00
1.369584161945538892e+00
1.885283002114012563e+00
1.510983339966261552e+00
1.618556487707866198e+00
9.477317957048819741e-01
1.543309476490246634e+00
1.461870254043293738e+00
1.323507802564603875e+00
1.618700692955006071e+00
1.245112995849831261e+00
1.630897444330826618e+00
1.496977030126249053e+00
1.253576889289758300e+00
1.558615614059976062e+00
1.707264416233469806e+00
1.753998490225629592e+00
1.125921875363240732e+00
1.055223454931701887e+00
1.100846514720402514e+00
1.576980190570454798e+00
1.294720810793803523e+00
1.472439251046617548e+00
2.127650516510320333e+00
1.674089961031349549e+00
1.432655864512964561e+00
1.135670751713563353e+00
1.205801049052923846e+00
1.493564787277273487e+00
1.142229562850104019e+00
1.136208227927083314e+00
1.693633132278917985e+00
1.210361942257748069e+00
1.865740424731340719e+00
1.154933135319274218e+00
1.155689675288662732e+00
1.457369534199449035e+00
1.160520569363002075e+00
1.494658130250531514e+00
1.042728330991659735e+00
1.364520145073491841e+00
1.102271642899162352e+00
1.267754320764739706e+00
1.528587954511677394e+00
1.137822652368855492e+00
1.163658196004149659e+00
1.326076481560577891e+00
1.699866389259271138e+00
1.610721113111204028e+00
1.520168788947074301e+00
1.302452463762672652e+00
1.416499887369542465e+00
1.473924253430543452e+00
1.624626065658950180e+00
1.479634878690198274e+00
1.141197233256466381e+00
1.223449179666367348e+00
1.353661321632721126e+00
1.400414631639345986e+00
1.404669835508670195e+00
1.148554956671242966e+00
1.884511139462488272e+00
9.218700945126018231e-01
1.496799594569387493e+00
1.122954925651485025e+00
1.351830923542604479e+00
8.338310897217485751e-01
1.616246909567672363e+00
1.055587595735565154e+00
1.370520062776375614e+00
1.226512981102009014e+00
2.245936831877863860e+00
1.483523494103948792e+00
1.091741433404443740e+00
1.188948289394929025e+00
1.190900415052299710e+00
1.467290473601534639e+00
1.498387692507890057e+00
1.269828335408327513e+00
1.318223023181833931e+00
1.372412664265043158e+00
1.598967590007918105e+00
1.588283530986517311e+00
1.640849069695181184e+00
1.383176196472126973e+00
1.591810112104199648e+00
9.433551394805071988e-01
1.490187097356358459e+00
1.228508609866890477e+00
1.445703723215708614e+00
1.301182434813680233e+00
1.367120208767900413e+00
1.253352498769106260e+00
1.400155491636581928e+00
1.303295844564547057e+00
1.185879583896114697e+00
1.582995171339642626e+00
1.717644831567570085e+00
1.810855832061504911e+00
1.639321697331570959e+00
1.372864229880928377e+00
1.316080293292847703e+00
1.051801032304810812e+00
1.400064232523013485e+00
1.032189585974319757e+00
1.752882106569642939e+00
1.069338801766364533e+00
1.448172223528509273e+00
1.742943827449404903e+00
1.108140340782779676e+00
1.510764211597839468e+00
1.389315332096933808e+00
1.365704043189858607e+00
1.295371970438740084e+00
1.446259740169263841e+00
1.283592769363035124e+00
1.288702571590151447e+00
1.140750251045743457e+00
1.568954695993348025e+00
1.031568486016078090e+00
1.102000929746565827e+00
1.428473402756489152e+00
1.683601308067544933e+00
1.447821398923771818e+00
1.366400851620922952e+00
1.353628751567355071e+00
1.233194675828658049e+00
1.420139274404890184e+00
1.302962808959852392e+00
1.227527920543742601e+00
1.141141740208287958e+00
1.361357263477395607e+00
1.438980831036814179e+00
1.478432629507165252e+00
1.264776454887968082e+00
1.281959953450440892e+00
1.604312345098087178e+00
1.443125734266184068e+00
1.483065144571513283e+00
1.604405029485745926e+00
1.298630666535723677e+00
1.266772956880737766e+00
1.692389954707002264e+00
1.573262563735017272e+00
1.326517165588179781e+00
1.427983455616355979e+00
1.487448671742242379e+00
1.278013992090109907e+00
1.483674150950373694e+00
1.501931095910739478e+00
1.472386688598124271e+00
1.527709878870498583e+00
1.501938805034656044e+00
1.665602895626804081e+00
1.233084315746099335e+00
2.290141617447635447e+00
1.561216099556214765e+00
1.499755654806907534e+00
1.725301400880143721e+00
1.449980496172516009e+00
1.489597554450741601e+00
1.481248110033250187e+00
1.497809897179534611e+00
1.525168752698978336e+00
1.303917834432021028e+00
1.542542656946071178e+00
1.639033354495240014e+00
1.446103179783036818e+00
1.208304682737626923e+00
1.962420259796883837e+00
1.220129912351556545e+00
1.566672735960567664e+00
1.506682362482688609e+00
1.011375474783088979e+00
1.088522538371984982e+00
1.419722690269671794e+00
1.484541126964789237e+00
1.381671406860322415e+00
9.691451387144576213e-01
1.839261653822096720e+00
1.215215803359457558e+00
1.133040011240547207e+00
1.468484581729601723e+00
1.824310158825963368e+00
1.439930520687486615e+00
1.532194839371240791e+00
1.868440638316662072e+00
1.172147464480100654e+00
1.341259397151554955e+00
1.271144925678347359e+00
1.081978062166889520e+00
1.455850882774178290e+00
1.616856120171113798e+00
1.279009330572107306e+00
1.485638282539094135e+00
1.389535746838991059e+00
1.808759772495221574e+00
1.635896817803923931e+00
1.119499858939656978e+00
1.130943168791879394e+00
1.240810634119227762e+00
1.108917273772957568e+00
1.440920310258944292e+00
1.696362268858382372e+00
1.635591320229785373e+00
9.514722576534533349e-01
1.437042234218666836e+00
1.841342332413858696e+00
1.532119072775716573e+00
1.117951245517880832e+00
1.911906738999206823e+00
1.377924861880913676e+00
1.980679891070828091e+00
1.219858036238438137e+00
1.556540428623881978e+00
1.160870086520414679e+00
1.533753856633006674e+00
1.202716616096721314e+00
1.380379673685578235e+00
1.260521395224327712e+00
2.403682821235060274e+00
2.171787450996269797e+00
1.112474755966904150e+00
1.552729646554054543e+00
1.525619924821974616e+00
1.635063572772214258e+00
1.130711822663460264e+00
1.368804507647975344e+00
1.661329345326075124e+00
1.223306900202670189e+00
1.572942790809800373e+00
1.241246646852400159e+00
2.058344064459217915e+00
1.064225589631879743e+00
1.358193035767222501e+00
1.339688191052929023e+00
9.385818652941295692e-01
1.677845923570757458e+00
1.346026808519440898e+00
1.981264839472250960e+00
1.080190716109344695e+00
1.396384412591028301e+00
1.335402745427482385e+00
1.420916844682352131e+00
1.454678214165366246e+00
1.564832830483456894e+00
1.100777474309559745e+00
1.211543738559272443e+00
1.655806849366649125e+00
1.180569775053974313e+00
1.380138211518487257e+00
1.292336236978461450e+00
1.232419744473651324e+00
1.236746597741412046e+00
1.940210148649468502e+00
1.379637794904021053e+00
1.334708168421178121e+00
1.422989845033589384e+00
1.536062636157628836e+00
1.405225771178953087e+00
1.138601529011210145e+00
1.371047569328370352e+00
1.384541891861372553e+00
1.392927439970755188e+00
1.288721377215213515e+00
1.252807111267301821e+00
1.468770605681065211e+00
1.915040052922383218e+00
1.230577312496217157e+00
1.605039584275250508e+00
1.482907328423429760e+00
1.531853249789841609e+00
1.792700155769300308e+00
1.763318710767260766e+00
1.426962378664366815e+00
1.268554225200862362e+00
1.381027033078423782e+00
2.360604099536368849e+00
1.349257451691233900e+00
1.207455768056817647e+00
1.124280348253953621e+00
1.455722515270952089e+00
1.415126841710817374e+00
1.301712520950288665e+00
1.281625197594447929e+00
1.314263379576771307e+00
1.719238018567751380e+00
1.790901674349282047e+00
1.422117040120495668e+00
1.632178725003803565e+00
1.155850866515651942e+00
1.191419243882235302e+00
1.235773262912162718e+00
1.645508730634741790e+00
1.372058622023797358e+00
1.404071899240131538e+00
1.668064229812077803e+00
1.398940037220715027e+00
1.382542049021515451e+00
1.489778310237865444e+00
1.330501667526660992e+00
1.300823533784387642e+00
1.105758312596771153e+00
1.805871545572294679e+00
1.385059806906833835e+00
1.497772105096316198e+00
1.275602751871153018e+00
1.250963369298085714e+00
1.469938729514514097e+00
1.384818368340555050e+00
1.349250660935255919e+00
1.388552145106697999e+00
1.352023746847463848e+00
1.230867382486470651e+00
1.235013496065786365e+00
1.521531699192850251e+00
2.074311468411279780e+00
1.345986962786954511e+00
1.474001330250023445e+00
1.456343188707668546e+00
1.329520994966714609e+00
1.322377634040122318e+00
9.686985850141048848e-01
1.348194573457091039e+00
1.142554080460166821e+00
1.257983714683838850e+00
1.018829188138117514e+00
1.181636773444723731e+00
1.408768720173662725e+00
1.119805599738639801e+00
1.359510197563775113e+00
1.444548250421399782e+00
1.173006979995790067e+00
1.430595254010990081e+00
1.403857721347745002e+00
1.094368843454182505e+00
1.316195182117402496e+00
1.614200990329194951e+00
1.529948910817280794e+00
1.139944742871823236e+00
1.389274304548957284e+00
1.289859791450387316e+00
1.292740700011658417e+00
1.577930152910067330e+00
1.254251392320158365e+00
9.688103486844531487e-01
1.396668853776287689e+00
1.290484632189241587e+00
1.467680101843902296e+00
1.149361546506191267e+00
1.455267387652246391e+00
1.482592553585256878e+00
1.268243334456656823e+00
1.351120230521352106e+00
1.193284852262136653e+00
1.458062805346994617e+00
1.302904033124622218e+00
1.132619224121275359e+00
1.315474502280345570e+00
1.202871454738025037e+00
1.267656857812189841e+00
1.532714332291675419e+00
1.639453677774738383e+00
1.616332143573473212e+00
1.373295072224996360e+00
1.386807906669298873e+00
1.293154561795767599e+00
9.688005284242157122e-01
1.335812806564735444e+00
1.255495468387265223e+00
1.672209571995364019e+00
1.218035549356400349e+00
1.333101564609114664e+00
1.324613764659379189e+00
1.318785946262345021e+00
1.104863091596789193e+00
1.593498667039545014e+00
1.449970641895949264e+00
1.147698385953514588e+00
1.553981506836470405e+00
1.213520426869207025e+00
1.708806204615289426e+00
1.462342829326988891e+00
1.773938859632697707e+00
1.179895959815000950e+00
1.177861119493729403e+00
1.252793706831357268e+00
1.560735692548751219e+00
9.452646812732521386e-01
1.483295180017117687e+00
1.740613873867674410e+00
1.142083854534512222e+00
1.976302459520963728e+00
1.470826636608297600e+00
1.407284675440323651e+00
1.522814401510816262e+00
1.755486322921317344e+00
9.389362963313389043e-01
1.766213404779549911e+00
1.687318260594767860e+00
1.573281924658810560e+00
1.719588413115691994e+00
1.434474691525331247e+00
1.523892545725271219e+00
9.789160419898021992e-01
1.392816824617352678e+00
9.814326566276508901e-01
1.432931732608977438e+00
1.699839215891463251e+00
1.290438777728430964e+00
1.339675084735759025e+00
1.272246551658726910e+00
1.479785770888032870e+00
1.093079445433779773e+00
1.322891540200625604e+00
1.960219409638664700e+00
1.168966379430777636e+00
1.442251239826041420e+00
1.231337473023194962e+00
1.318817204192135328e+00
1.381415835714177254e+00
1.349559997347556717e+00
1.972119109301961437e+00
1.298270831155125871e+00
1.295986488240169265e+00
1.332131370882866817e+00
1.523064810777171596e+00
1.131822038564354704e+00
1.415749938974818267e+00
1.848820501462396626e+00
1.709270149148354623e+00
1.533762916242524810e+00
1.454515058899580771e+00
1.288007220901707939e+00
1.371398030669743529e+00
1.562590106908096299e+00
1.688125352112930910e+00
1.505981176170545277e+00
1.427686480375512046e+00
1.669769095860976105e+00
1.651330876160651773e+00
1.336716456965710842e+00
1.436772668656888019e+00
1.691123183415489839e+00
1.271352359530980358e+00
1.117587630317174785e+00
1.195552371424284166e+00
1.422799725100828416e+00
1.143024073016088549e+00
1.516419169843300052e+00
1.413753273786457987e+00
1.504847217067630805e+00
1.354537654763115828e+00
1.621328501814408574e+00
1.617425187092035310e+00
1.300917223174543835e+00
1.667922046993996821e+00
1.563641250232320257e+00
1.402030948825356615e+00
1.186362000160957164e+00
1.482979767436260143e+00
1.537371311073866265e+00
1.316085617336790303e+00
1.153697054897107721e+00
1.486323135590149835e+00
9.398790247279765753e-01
1.802949376580421648e+00
1.616249024156914293e+00
1.247767023182969837e+00
1.560256638389068806e+00
1.532819783299261829e+00
1.387164537440346956e+00
1.331961310750185312e+00
1.476660837877778354e+00
8.936294200627109552e-01
1.155690226791155961e+00
1.325768676572229188e+00
1.253207209456180360e+00
1.642886464329134100e+00
1.146843409304709738e+00
1.362648411745354782e+00
1.508301756711899255e+00
8.617122102238193859e-01
1.448702498852539877e+00
1.271047448553612069e+00
1.694074862512475077e+00
1.184401709779136391e+00
1.149772393108354773e+00
1.500460091081237568e+00
1.524359074927272184e+00
1.675651858421736362e+00
1.147138048423967494e+00
1.177356904512735003e+00
1.868828584316972297e+00
1.320153754046508920e+00
1.164875978099557452e+00
1.338827320548999333e+00
1.315241450086640507e+00
1.673129521015490617e+00
1.626278770846511623e+00
1.024415460741106676e+00
1.456528927954748864e+00
1.789801888674600105e+00
1.074482152754750119e+00
1.547113725702508935e+00
1.313611603129706706e+00
1.322839219985327830e+00
1.149242438366270713e+00
1.305999521039210576e+00
1.485473488987394841e+00
9.858603223352764289e-01
1.760138521446532378e+00
1.653805889547907970e+00
1.237967964659977937e+00
1.299317685419342006e+00
1.000889024983721454e+00
1.104873908492604917e+00
1.360528790986378356e+00
1.369626788849402699e+00
8.479323086419876532e-01
1.344537220617527451e+00
1.124530140848093218e+00
1.804947635195096822e+00
1.708715350630659158e+00
9.978451447763504456e-01
1.200201961834792552e+00
1.424966641792772881e+00
1.343384311504804307e+00
1.480237908933714763e+00
9.987300811347417095e-01
1.215987985991445308e+00
1.121071162236963570e+00
1.436142927473874842e+00
1.212317468537387422e+00
1.417705355899133490e+00
1.400668147011705056e+00
1.446399644736248380e+00
1.087596806889701506e+00
1.427243784733430276e+00
1.159891495938146555e+00
1.391130124187590633e+00
1.129420446235946507e+00
1.634109573781369562e+00
1.605132404550384306e+00
1.553041181124440007e+00
1.223545492640774057e+00
1.394930489353676029e+00
1.192419342737409682e+00
1.275346204906996794e+00
1.726017049844915219e+00
1.326308657111710199e+00
1.056926849961042691e+00
1.103155975612258199e+00
1.606899465976798780e+00
1.288684827110085918e+00
1.521244695742019593e+00
1.926886121447238809e+00
1.033529768440471841e+00
1.142022075449463214e+00
1.188407256374277798e+00
1.553555994899949999e+00
1.153373947524222176e+00
1.696316447076817280e+00
1.356284714724009355e+00
1.511626275293710853e+00
1.440298534274918385e+00
1.203823485035639518e+00
1.177925050230489212e+00
1.112264534192832555e+00
1.180657440550014758e+00
1.548812177697319381e+00
1.458564785489124160e+00
1.496558441037398879e+00
1.522861154473284850e+00
1.652788007268443327e+00
1.378360454048310313e+00
1.491613455473270289e+00
1.175330155232862550e+00
1.267786329647707211e+00
9.562410306798773130e-01
1.052312533615579415e+00
1.659429403433598793e+00
1.196354320838263652e+00
1.419343991066695398e+00
1.490147457316597590e+00
1.389279558598245812e+00
1.433020240680821678e+00
1.276708522945447122e+00
1.507815955644180805e+00
1.239341440948743989e+00
1.278309789081585768e+00
1.411332989665373017e+00
1.015916723608571548e+00
9.991020796219955979e-01
1.365136435183497143e+00
1.102690053697839900e+00
1.594803671804198020e+00
1.371960090372187135e+00
2.202568615054273593e+00
1.585854992857098855e+00
1.437803123730246213e+00
1.338342224389219126e+00
1.384951332493931764e+00
1.825341103833469480e+00
1.220260817919990082e+00
1.495310417800217229e+00
1.240315474662154749e+00
1.355981984040831811e+00
1.370528163331774740e+00
1.281489111924238200e+00
1.343907465590310046e+00
1.750714707574888784e+00
1.330406017993645218e+00
1.196327231012896730e+00
1.534636447480404620e+00
1.467958255035412662e+00
1.381694565561654375e+00
1.399493971420858518e+00
1.524531594591417516e+00
1.090744691583674930e+00
1.192431303343761684e+00
1.319912091435248680e+00
1.570152042688969019e+00
1.212342508608102998e+00
1.364477886949291063e+00
1.648581876585872852e+00
1.741036739506266473e+00
1.807748690543480086e+00
1.671890085660615366e+00
1.451822344989510238e+00
1.354217690270935970e+00
1.062437121222625347e+00
1.463877946134697794e+00
1.685179666466862347e+00
1.668689202453487175e+00
1.571779922191099521e+00
1.134073603672380637e+00
1.144107140790073363e+00
9.849750391367154689e-01
1.175156409947806235e+00
1.476752566863545724e+00
1.529057847153614702e+00
1.015721753124909865e+00
1.564207072110579411e+00
1.476481778165588121e+00
1.177835158765968782e+00
1.411550932564271221e+00
1.348958593006538864e+00
1.293202302382903346e+00
1.649937347924372411e+00
1.825387032246136076e+00
1.299089487092899731e+00
1.222494593752791570e+00
1.185543868576197646e+00
1.301445707149955666e+00
1.916844044584739892e+00
1.089725582251985125e+00
1.255675465312415584e+00
1.528265353471157884e+00
1.361999299535865404e+00
1.534913746493123954e+00
1.046777492508450313e+00
1.148002054612109468e+00
1.386653918937126306e+00
1.450180561134463808e+00
1.625060545699100967e+00
1.328021865603415730e+00
1.504603680184521952e+00
1.639517099422002300e+00
1.363209902880329949e+00
1.563207824657551148e+00
1.398697563742575811e+00
1.497095719745291431e+00
1.926895373243654008e+00
1.320227534854836682e+00
1.341027135061783726e+00
1.458902564076798747e+00
1.351660275830771418e+00
1.635868528797684629e+00
1.579073879581054163e+00
1.757531758499289332e+00
1.518015770565328326e+00
1.049169728893739162e+00
1.883814718919944564e+00
1.276521872030843996e+00
1.753456712345336399e+00
1.603814146711105337e+00
1.763835728715464901e+00
1.228012145948610634e+00
1.654765748931203984e+00
1.456278571827652080e+00
1.334140893379284876e+00
1.342192512451916064e+00
1.352954617941886983e+00
1.213211273127569489e+00
1.125384137271091545e+00
1.117317862919799065e+00
1.035256568432554980e+00
1.597379673403428457e+00
1.407684618073615113e+00
1.036970162106774174e+00
1.281572028126167995e+00
1.314103848805414643e+00
2.070182647444040569e+00
1.188814040566256836e+00
1.618956965984151175e+00
1.259115177834043919e+00
1.427351306824609534e+00
1.599622562905942402e+00
1.737905491483152653e+00
1.385414842347433062e+00
1.570913904151034490e+00
1.374827183532282504e+00
1.663904620729342865e+00
1.344404836206413156e+00
1.044927542598879988e+00
1.495191910624904530e+00
1.288957209861288700e+00
1.334675880700473938e+00
1.320061437872581234e+00
1.692256801464788518e+00
1.131146215516708242e+00
1.044049560024059353e+00
1.748853178735538139e+00
1.297095821697834772e+00
1.114959953667896242e+00
1.406155721016508542e+00
1.428035885642384262e+00
1.080486791006973091e+00
1.510615617905143315e+00
1.545729985505409187e+00
1.404121058553509771e+00
1.793466732891017656e+00
1.356617203841437469e+00
1.752579728049284968e+00
1.102418319065943564e+00
1.281942172296232529e+00
1.245873819763062329e+00
1.691590543966238869e+00
1.190035939219503902e+00
1.851573069593744902e+00
9.639865918090931851e-01
1.439581922398101677e+00
1.715534137228865497e+00
1.627306743806086420e+00
1.807386544884949542e+00
1.517022328058229563e+00
1.076965258084599419e+00
1.445840789091855427e+00
1.222631989143798892e+00
1.508106656145483671e+00
1.526884132929003268e+00
1.285873525639925186e+00
1.636384497554135953e+00
1.450196974810590955e+00
1.340706266175293759e+00
1.444334510219586587e+00
1.311812722009086274e+00
1.546827395527015314e+00
1.473125865646919497e+00
1.153621825599520312e+00
1.763967616609390054e+00
1.477339328982650857e+00
1.574960342778967348e+00
1.581517091668813713e+00
1.429534002449943220e+00
1.347792179189784223e+00
1.498784954977792072e+00
1.840211634352931780e+00
1.220048596703249055e+00
1.148368831944436952e+00
1.043207323806900400e+00
1.078452142175827078e+00
1.635566742113749639e+00
1.634282892707319856e+00
1.086815147290362882e+00
1.787654649553331199e+00
1.620074152720771821e+00
1.615332415079595130e+00
1.228392947645080779e+00
8.059459378524261863e-01
1.255305517850781483e+00
1.191469625783636133e+00
1.474410460428708269e+00
1.205508886956757841e+00
2.098428198556540725e+00
1.491602433232916303e+00
1.204428164938562418e+00
1.512624354866126897e+00
1.367562844968642555e+00
9.881363690115056997e-01
1.215621758486818527e+00
1.007484602343346358e+00
9.847807950155786916e-01
1.637140593039507763e+00
1.342825159745236085e+00
1.315457690284950631e+00
1.000202265586943140e+00
1.289945125146819027e+00
1.400291399357812328e+00
1.603898730268536577e+00
1.162230142329864657e+00
1.527384980883497390e+00
1.374927378606025874e+00
1.188476823000255589e+00
1.681058310366410069e+00
1.363616543188480135e+00
1.294064357329157477e+00
1.463360860374735894e+00
1.695169518725999636e+00
1.125705544041329054e+00
1.238354220104610270e+00
1.913954131002649994e+00
1.882938070853799273e+00
1.330005459888492503e+00
1.468171475039278917e+00
1.270092225837206268e+00
1.043665187032678965e+00
1.526048175554567621e+00
1.422879711111326939e+00
1.332070035446521139e+00
1.317853115187859192e+00
1.145358861620193291e+00
1.161615577237263164e+00
1.394574624243708927e+00
9.032641538664638592e-01
1.409930799079160968e+00
1.875221691290843262e+00
1.523599763230329085e+00
1.574042164592662107e+00
1.143450850611681169e+00
1.104218494188134114e+00
1.831469992922863055e+00
1.546003634436987406e+00
1.340761008557093126e+00
1.302450083465508834e+00
1.535521686826754273e+00
1.482284374140231842e+00
1.909125715922073363e+00
1.389213345200655425e+00
1.383068839748353707e+00
1.255104849644256060e+00
1.700885045248706540e+00
1.394623859794009491e+00
1.334297762663248843e+00
1.255343430545153627e+00
1.395458093747422579e+00
1.377515991069118595e+00
1.264863223925522195e+00
1.138184263459310674e+00
1.579650449303334314e+00
1.774626317592401081e+00
1.448402706858860967e+00
1.301605144606939435e+00
1.431958500149574709e+00
1.810539325580771797e+00
8.968587172936979268e-01
1.284536517678730005e+00
1.397620395423746942e+00
1.142466731780318767e+00
1.630230062729311369e+00
1.442112203092186018e+00
1.456864424172370054e+00
1.872895650929479183e+00
1.369011072683522290e+00
1.070957740662545454e+00
1.400638791482168521e+00
1.246129688726131057e+00
1.627157843582424990e+00
1.151773647749210649e+00
1.129374844190202065e+00
1.036346694120984901e+00
1.821752962019964395e+00
1.738981526556708790e+00
1.776052545454767317e+00
1.378186506775715969e+00
1.433190623062390534e+00
1.514119098427144650e+00
9.591447995949957672e-01
1.319986125792212306e+00
1.354098497867553874e+00
1.344159307852865082e+00
1.219849228342120506e+00
1.749083128760891226e+00
1.064389225747542023e+00
1.244484949796083928e+00
