1.679041325993054201e+01
1.166600106232656309e+00
2.659327904183288016e+00
8.531296654664188850e+00
1.984935164972834842e+00
3.592471536484897143e+01
2.791445523881916913e+00
1.249270155705091234e+01
2.144465183725785540e+00
1.256982512335892821e+01
1.249218204019253697e+01
5.576235800602960424e+00
1.286906771221846668e+01
3.765546615264995456e+00
1.886130920816286860e+01
6.790169964772013067e+00
1.739447935845879201e+00
2.967375148589658895e+00
2.106888371886003952e+01
1.397390865045361252e+00
2.804856386104280119e+00
2.071076502011961473e+00
9.901950379531658797e+00
1.083319929285376126e+00
1.016370777101368139e+00
2.584950830775009756e+00
3.661090916600273459e+01
1.937555752466380898e+00
1.932362321180951081e+00
2.382285720827652220e+00
1.976558106341208765e+00
3.838811527900896525e+00
1.487042201407472497e+01
3.035801411072435396e+00
1.371591807273955244e+00
8.168115938463923698e+00
4.024333665107887370e+00
5.782276657627807293e-01
1.882939848277030137e+01
4.319789768148915576e-01
4.857341417595177546e+01
1.897706394905768645e+00
3.014527163159719247e+00
8.698311925100775666e-01
1.485507971140338723e+00
3.351715920009080474e+00
7.317134101144397107e+00
9.449364600556920735e+00
4.042653730847005278e+01
5.618049529563526434e+00
6.852857507182595675e+00
2.105408337398160512e+01
6.243157686825670183e+00
4.681112408817032389e+00
1.387881711687575459e+00
2.194190466234848369e+00
7.360212737373172942e-01
1.127837856950832673e+01
8.928295022834266348e+00
1.648160160472363689e+00
8.865540817281944541e+00
4.907700319201896377e+01
1.295276157305746967e+00
6.917116047744836571e+00
2.064513677430996452e+00
1.666422436081179903e+00
1.474301161062083532e+00
1.301183080222432054e+01
1.426503486824066336e+01
4.957492551566407890e+00
7.883134198887314703e+00
1.070997574979125488e+01
4.483617312418989087e+00
1.020705016955544941e+00
2.327119780950444028e+00
4.779159571652670024e+00
1.407558142333572526e+01
1.285388968655882103e+01
1.528236010559323077e+01
1.051285025154260211e+01
6.071071837164483398e+00
5.097413185966230387e+00
1.084258394017458116e+01
1.734321739114600636e+00
5.253030981222481799e+00
3.056704018951129864e+00
3.586328466233356327e+00
1.429262022841732760e+00
1.857509147510174596e+00
3.114624929737984882e+00
1.130370344326318133e+01
5.718335371962372626e+00
1.021557218857938842e+01
2.201171955597974961e+00
2.007878141454769505e+00
6.163436512144699009e+00
5.348788346569306462e+00
2.679245068261307594e+00
6.593989917320453031e+00
8.554490788403345647e+00
1.286227315990953279e+01
8.021387705685354419e+00
9.023772323507618154e+00
1.261397760715973533e+02
8.279895501660625712e+00
2.954467357498098412e+00
9.931580934744422606e+00
4.443088732655954942e+00
4.798514417270683730e+00
1.527744013232272735e+01
6.825297006981148051e+00
3.441178400692658457e+00
1.022303464045443588e+00
9.883850056297429632e+00
2.854938241470405202e+00
4.188321863516192067e+00
4.297540983894938549e+00
9.758643148701990455e+00
9.005018446782047548e+00
8.947859363874638428e-01
1.164156896166067270e+02
2.448967368680735390e+00
2.949745720225204870e+00
4.288752521120751560e+00
2.892587937843005719e+00
9.777913555187744521e+00
3.510949219024579460e+00
1.069302728743531539e+01
2.631369230009028470e+01
6.013709336002552863e-01
7.757125539760600930e-01
1.900545299917290265e+00
1.012070901290751657e+01
6.249037025268279422e+00
3.032050075483662344e+00
7.739095607736198090e+00
2.962536889584024280e+00
5.934424559631403362e+00
6.172778156666680616e+00
1.692264824110563382e+01
1.337873649562941747e+00
5.193033940530962234e-01
2.018161868810916193e+00
9.929636167531126212e-01
5.666365446180621213e+00
9.638241436095295045e-01
1.610843220613582716e+01
6.893649089493307791e+00
1.989281618215898106e+01
1.826081482620360674e+01
2.505516187486807489e+00
1.835457362703284856e+00
4.082997974583360445e+00
3.283822596428147111e+00
4.469385092976174256e+00
5.728677194992685173e+01
1.208714974260437280e+01
2.130188306153997679e+00
1.159535994052789576e+01
2.516921545402906801e+01
3.000474791311185996e+01
2.679828470431562248e+00
1.817740570513955589e+01
1.006227699955307919e+00
3.014367855712646538e+00
6.509347217643006722e+00
7.468959877854980789e+01
1.997934215828254700e+00
1.888875814767052130e+00
1.660047392259672794e+00
3.304927898630537264e+00
2.631665505548999917e+01
2.330807131374913688e+00
4.104899006677437789e+00
1.630510598610726802e+01
8.922258106528779820e+00
2.651898199311097493e+00
3.189353142167465460e+00
1.574881985651512828e+00
3.296437150892913781e+00
1.231821400707854863e+01
3.612073417158571775e+00
2.501581139757866978e+01
9.962001165617803622e+01
1.530572214768899597e+00
7.164046876493438409e-01
1.019734338886936431e+00
1.226396504764782902e+00
2.414938575430906909e+01
9.251887250085342185e-01
8.860948121698238866e-01
1.536283052942746696e+00
9.796535812743211169e-01
1.254919347380206496e+01
1.219597952029155330e+01
9.624091012290592051e-01
7.257349583888679234e+00
1.374820741376274391e+01
1.530871356848179543e+00
6.112594553253441809e+00
9.713138925616846109e+00
1.633319814399176551e+01
1.897168338353198314e+00
2.763245485412370250e+00
3.131376405435953636e+00
2.758761544398447008e+00
9.544702974929732964e-01
9.931095581875482026e+00
4.296291860495171644e-01
1.513157909307333071e+00
2.968042806571392855e+00
2.236860675479111382e+00
3.347544572875741409e+01
9.632283344568940420e-01
5.113155538114772192e+00
7.771891368890719853e+00
1.574897083077180904e+00
1.524095524861864170e+00
3.341869838629254907e+00
9.993084778796260892e+00
4.287051491431356887e+00
1.474714578925135022e+00
6.950048526580213881e+00
9.265475617902859673e-01
6.690813402243400709e+00
7.437537204163221283e+00
2.814133495144664820e+00
5.576177558891148855e+00
1.165907924388375427e+00
4.421263126313063907e+01
1.991724486679766981e+00
1.457266604406895816e+01
1.058281326181073645e+01
3.426246327734185027e+00
2.934382930671767475e+00
1.719327075481634548e+00
2.186375316918830691e+00
1.044176389477429412e+00
1.266895720586302865e+01
1.891317841698603841e+00
7.326315980038371478e+00
2.580123823625086743e+00
9.803397965101741818e+01
1.275721379336338934e+01
7.669375966408964018e+00
2.364041384714887339e+00
2.336179695844214255e+00
1.348177188956688033e+00
2.259359311299979822e+01
3.200615494280513396e+00
3.464003357520967885e+00
9.579170284889299003e-01
1.876636308772707817e+00
5.218863303810482357e+00
3.606844388324496720e+00
4.044063655800778534e+00
8.842671187579171033e+00
1.003717629096353470e+01
2.600160314753082513e+00
4.870336122929859357e+01
1.370275591957031969e+00
5.551940050267751836e+00
4.083144674121678364e+00
5.076307510598330452e+01
3.268540064740890649e+00
2.168278450316681871e-01
2.202737403616140455e+00
1.040937694464078476e+02
7.280651106867226385e-01
3.494653868096925464e+01
1.379602562160679469e+01
2.428549409636497458e+01
1.199559961558020582e+01
2.997664809969085908e+01
8.772706573860757473e+00
2.348355251972912505e+00
8.225811722581760632e-01
1.087036457160811409e+01
1.035184654450239883e+01
1.386941274220903075e+01
1.946778125654711422e+00
2.332369019495720508e+00
4.372316763387892991e+00
8.485473436393804469e-01
2.253663032579593217e+00
6.204545620193843369e+00
1.116064104014609537e+00
2.170779832466064363e+01
8.666427641610182420e+00
9.094920632514384984e-01
7.638527176355131232e+00
2.723853595223362234e+01
6.932934635787238342e+00
4.034403929953161771e+00
2.449707093633404220e+00
7.331473387940157238e-01
3.627134479336308281e+00
1.604445603399194509e+00
1.308079552762803566e+01
1.490712979041659736e+01
2.698085634719314285e+00
1.673022414910688127e+01
4.586690624592666410e+00
2.112377397717025573e+01
9.044212548282546393e-01
1.415835541379686369e+00
5.672288737013174043e+00
4.665546510586640605e-01
7.460574276932557147e+00
2.206269675599271896e+00
1.778508533859345153e+00
5.483995365399038091e-01
6.786768454844153808e+00
4.161021912809856005e+00
2.322808642377801824e+00
2.245583581230876202e+00
6.303368183030069183e+00
1.007165077318689939e+01
4.345320021056169324e+00
1.032160500482648580e+01
5.404102717514773779e-01
1.241365963720640231e+00
1.312088074967172169e+01
3.292412983528910075e+01
1.770633360816849633e+00
7.750186642704867346e+00
7.425758795753041319e-01
1.200434530306416780e+00
3.771433160017793540e+01
1.026252031470383308e+01
3.555117901675360237e+00
3.637389797454465334e+00
7.212261675349190826e-01
7.268537746601801963e+00
4.676251196190564485e+01
2.399009740313897687e+00
1.635019455501249652e+01
1.815164878754933930e+00
3.614780937177771936e+00
2.732795571256773637e-01
4.305473217858700075e+00
3.158835478042502753e+00
1.694074435575558812e-01
1.605972043336221233e+01
2.523654613243194955e+00
2.664244763845538877e+00
1.718438032132774573e+00
1.508360265782333620e+00
9.423525894648702161e-01
1.278963154703785854e+00
7.187685166971131245e+00
1.792558296770913273e+00
3.546755821940512643e+00
1.564890180587290658e+01
9.630659718936698255e+00
1.004676493634901391e+01
9.536891509446485671e+00
3.209512615288764970e+00
5.581448178244086122e-01
9.623091680423672134e-01
6.034729542124254387e+00
2.022861087785415179e+00
3.894837454848063540e+00
1.888323878657146082e+01
3.153106647526620954e+00
5.813620992455127379e+01
6.704312773363795053e+00
9.468303291176584091e-01
1.756381010962837408e+01
5.562863395233288877e+00
1.706999875192669824e+00
8.391775649930669490e-01
8.493606802614253937e+00
9.190925241585163885e-01
2.802278929053840102e+02
2.843455080781698996e+01
1.998707784555013234e+01
5.590483642182355162e+00
1.591746796642707196e+01
1.597706293924171517e+00
7.451638042383082450e+01
7.340208578734339184e+00
1.863608454963004979e+00
2.967277984847811911e+00
3.985262217053504941e+01
2.556620019122246568e+00
1.878400603409625447e+00
2.699155805551116671e+00
7.247101527389160358e-01
7.004745603069718385e+00
6.300030450650288216e+00
7.167055085249273816e+00
2.458860875939663071e+00
9.965719952353990774e-01
5.818159970717671214e+00
4.566591291899496419e+00
8.450242419127182103e+00
2.557108314214464162e+00
1.730931475536978681e+01
4.860568510340780080e+00
1.155977177084455132e+00
5.503876798827163519e+00
2.315421200172441907e+00
1.176274749238957185e+01
2.944729105654214507e+01
2.091298021179644451e+01
1.304504037741920586e+00
6.186636144785047975e+00
4.422576536443133932e+01
4.110760743287724495e+01
2.699969013131304330e+00
8.958490500898924624e-01
2.311038142446643295e+00
5.354503283208175368e+00
3.155047309221940210e+00
1.908893213656796872e+00
2.506632596657017231e+01
4.123864363777764996e-01
9.867841078771854768e+01
4.117333895657976583e+00
1.968591214233709863e+00
3.617224537894197844e+00
1.014753637600757763e+00
4.472991971654749044e+00
2.313441484090111189e+01
2.594783626281435218e+00
7.358268454229806821e+01
5.754951864293149200e+00
5.321592561514368214e+00
1.731393162949875775e+00
2.300539975468224085e+00
1.037232631385349890e+01
2.821922676036522581e+00
1.365194519432289644e+00
6.642692498842363236e+00
3.175818160433363069e+00
1.276146959867489050e+00
3.265121481413829230e+01
2.338203299961261195e+00
4.399927335634676417e+00
6.872943066033470050e-01
1.732353165391262273e+00
7.940543298912523529e-01
2.898376804596800138e+00
1.958589159207391850e+00
6.500414525968529311e+00
2.343136445776989429e+00
1.389270585112602419e+01
8.968921296947828026e+00
6.978518423329190590e+00
5.126685647129423096e+00
1.141184278685682507e+00
4.207645400725505525e+00
1.305953128679366193e+00
7.695229192943333629e+00
3.138555426772520640e+00
1.175666775928653429e+01
7.380479854524127248e+00
9.100726388824229574e+00
3.421242555908395211e+00
1.190500709174215244e+00
5.295338274469838957e+00
1.695626418000619529e+00
7.398348639447544173e+00
4.796576344020303750e+00
1.400468319088932923e+01
8.878362795283768705e+00
1.439486536157727770e+01
5.227374090369103499e+00
2.409336600813324125e+00
2.267911960681807670e+01
4.429035656959123379e+00
4.444723958994036273e-01
1.615300435941579238e+00
5.095826564584638341e+00
1.014650599089861061e+01
2.447638600540607889e+00
1.547315867086675922e+01
1.456402249944375171e+00
1.066057018566814385e+01
1.008598315805093470e+01
1.017121130371860005e+01
4.099567753660576130e+00
6.195085620461788345e+00
1.247490277060475528e+01
1.582034836597159488e+00
1.667317907620230910e+00
7.081355451324054862e+00
1.116098709373585907e+00
6.305590354021582300e+00
4.047153500030519879e+00
3.764018007294824830e+00
8.187538615623801697e-01
3.218724637417621182e+01
1.171961920787853106e+00
1.114344305688253822e+00
4.283185444892916749e+00
9.470902760790139041e+00
1.689378363049984566e+00
1.055343251668205795e+01
9.699045184719690127e+00
3.301264343350096109e+00
2.975518805236257336e+00
1.076196559670745501e+01
3.142424647316858000e+00
9.135965679646899318e+00
3.527566949615122738e+00
9.236484609102262766e+00
5.082826690596871089e+00
1.672571626532300471e+01
7.361593349958179822e+00
1.844968223165327270e+00
1.629995021631509333e+00
1.496636657202964571e+00
8.690449651332446956e-01
1.138155519825367357e+01
1.080618497358939045e+01
1.072886305648835581e+01
1.756601224988914689e+00
2.360914408576741952e+00
7.181320270673563932e+00
2.086044970141803034e+01
2.700492318498966426e+01
1.146768546976250747e+00
3.407548605870985181e+00
1.510780173470569032e+01
1.298348436163945019e+00
8.672363568514201759e+00
3.029249469457275801e+00
6.250500076100345304e+00
2.654145147714356945e+00
2.284369916805395029e+00
5.200479254844416310e+00
2.791370858626036622e+00
8.611731612987837403e-01
1.160977320947039004e+01
2.167489911841418149e+01
1.823221231279453125e+00
9.477504454641961118e+00
5.286056077492968797e+00
9.829637055941029189e+01
3.710855109055029022e+00
3.762011753397214608e+00
1.328334016552137120e+00
3.402064631581227161e+01
1.713523906280867815e+00
9.050513560426859394e-01
2.614520123066724100e+00
1.146560675767389093e+01
8.502136654257286708e+00
8.484105268588502113e-01
3.003176096973911857e-01
3.116887620281205251e+00
3.690514883262327128e+00
3.227278732392475202e+00
1.101401477419341468e+00
1.488118326403768243e+01
4.752222706997444313e+00
2.805680402148340580e+00
7.124970058022560337e+00
2.661193006925324234e+00
1.576580773014010894e+01
9.696545643062290054e+00
3.604951736491344150e+01
2.083956728464142145e+02
2.055384977180658268e+00
3.279461668171711608e+01
3.664910526420007475e+00
1.122854025766263142e+01
1.355952729127500200e+00
1.799221452937602095e+01
1.688026778375515180e+00
1.569202178399505776e+01
1.612372006997552987e+01
2.815090964138963514e+01
4.125802178178778590e+00
2.907249271968970206e+00
9.534544756304154101e-01
1.648031336345069375e+00
6.639657482631793783e+00
2.527035701913579846e+00
3.326614915036447684e+00
9.691565446086572777e+00
2.475081071567083768e+01
1.899467214451436181e+00
2.180995284938538248e+01
1.137618984841643233e+01
1.254228568904999541e+01
9.055209313371398450e-01
4.529506817923036444e+00
7.980624234793193494e+00
2.386151600300840059e+00
1.541305454549880949e+01
4.057726179088768426e+00
3.006979966238997548e+00
1.111458258688948320e+00
1.812883035741980065e+00
5.281299982869128051e+00
5.386694794206354331e+00
2.018194188957906920e+00
1.456158852797477543e+01
5.712382817283710068e+01
6.573116847257206574e-01
7.467245371721051406e+00
8.676918029178040115e+00
2.096766057986661380e+01
8.430453324389382885e+00
7.170087170519601649e+00
1.666648617119150577e+00
4.982763699915690125e+00
1.781207282548225912e+00
6.067927133003222728e+00
5.245905787037946411e+00
1.613348535105838977e+00
1.085500683208334038e+01
3.088908406399677453e+00
9.035139852357087165e+00
1.159409279155478245e+01
5.808691493112411841e+00
8.942646106287961416e+00
1.440715486215231778e+01
1.496155962022389474e+01
1.075438701799390984e+01
3.840588978624419170e+00
2.189526833211266066e+01
3.268289897819566026e+00
2.472060833664393442e+00
5.760679578511398446e+00
1.605463375935782144e+00
4.232677994971040469e+00
3.044356901230303336e+01
4.328634487850169243e+00
4.532935099895406772e+00
1.105903990503748879e+00
1.760729442698753999e+01
1.863597307562478766e+00
2.964773230197935039e+00
6.082956623642989946e+00
7.642277286999898500e+00
4.990701901273638441e+00
1.926041795208265839e+01
3.999026296143178283e-01
2.544941157690555400e+00
2.218782351203949954e+00
1.180125080977145080e+00
7.752405703158113504e+00
8.234501103319786353e+00
5.375766884240302801e+00
3.217312196756842990e+00
1.105933004007503273e+00
4.803789053269942322e+00
7.542648834610069519e-01
1.163173505884761649e+00
2.955018997803823044e+00
7.033501515273015148e-01
3.603734868634663524e+00
4.972841633684365092e+01
8.000408509287467496e+00
1.344540031201960417e+00
7.941041581961842954e-01
1.494057508197314421e+00
5.249903560144053571e+00
1.925239316683206070e+01
5.537348194117762690e-01
2.709387075891847463e+00
8.477825379829292407e-01
6.529209119318510890e-01
1.490068866420107518e+01
8.567982674149490219e-01
1.637332814908854317e+01
2.235728143014903857e+00
3.994442310339090696e+00
1.232119437665089690e+00
3.413970971506008922e+00
6.170575475368305085e+00
1.880991899478434703e+00
1.027514969556285962e+00
7.549732380787288477e+00
1.729530766625278382e+00
1.220114489100385891e+00
3.733479146292609796e-01
3.326774101798537053e+00
5.565349043103102744e-01
9.475304741329757974e+01
6.978182769698018539e+00
1.554880999838845756e+00
1.016223449733218986e+00
5.506131259271556111e+00
3.074712457186288272e+00
5.768182011189460390e+00
4.069289976009224929e+00
2.446511892855672610e+00
2.009237993963969515e+00
2.688517907681168939e+00
1.242497697017327596e+01
6.895209104551585533e+00
6.406109300912405935e-01
3.755960560272979087e+00
2.763098988180485716e+00
7.044200849422747268e+00
1.217369609775369277e+01
3.867897218206100440e+00
1.594205581807883076e+00
2.474244718649408981e+01
1.155936128145327935e+01
1.071782259191862208e+00
3.445298895365420666e+00
1.764244081802584851e+00
1.134560636517406529e+01
1.351651389416055560e+00
2.665869577541161828e+00
2.692767894798511641e+00
1.801548086539585203e+00
4.182069304346475169e-01
9.124139671950896258e+00
3.016966748160237799e+00
1.945434387508599983e+01
4.746291588785213733e+00
5.564803636320108104e+00
4.869822608237270423e+00
4.365160404364019087e+00
1.410237470208718591e+00
1.198362141235195111e+01
2.026164651339366518e+00
3.820971396832315126e+00
1.083969747380759330e+01
1.122026994636060149e+00
2.807364798364422498e+01
3.169388242931810318e+00
1.027732960488492608e+00
3.038582582294465873e+00
1.060460827818175078e+00
8.273720948784534457e+00
2.871381117289235174e+00
5.657887354094182975e+00
3.798965771183315798e+00
1.550489049449924828e+00
7.253031192947496653e-01
2.307628023146531504e+01
1.140177924573429813e+00
1.357095312686127286e+01
3.764797422669321492e+00
2.210050989488350481e+01
1.886530287382861992e+00
5.517782925145192863e+00
3.230530946165139028e+01
3.034320464382826543e+01
3.094791151058652545e+00
4.350435347288382104e+00
4.213024247732755634e-01
2.134669798291711729e+01
3.019592270001825174e+00
2.949546405141062699e+00
1.086639295839048502e+00
4.261970595267138506e+00
2.341382951089289843e+00
3.626352692841641634e+00
2.090389493490412587e+00
1.898838835521402757e+01
1.950954937110633480e+01
6.885039859930742523e+00
2.630777911827181903e+00
2.630012690423265198e+01
1.955902562849607396e+00
1.044487075989456892e+00
2.953095392973300815e+00
9.368390581566297115e+00
2.075583081578412425e+00
1.485404202540941077e+00
1.079636322560850914e+01
5.269580932812435670e+00
5.276493095018406621e+01
1.266657842817379098e+01
1.153108790822707519e+01
7.920622184550524914e+00
3.562889761687683432e+01
6.584803160210785222e+01
9.529624012124514820e+00
5.461444627851495426e+00
4.098705424681042153e+00
2.170553671735720513e+01
1.645859746103993881e+00
2.312573899877405470e+00
3.127271657134438776e+00
2.290881977682407200e+00
4.823022731056980206e+00
3.239126100125285568e+00
2.504090935087117664e+00
6.405910665185753139e+00
1.006401659758865463e+01
6.199763838218230738e-01
3.094200543132223924e+00
2.019063972076742175e+01
8.056058302450099795e-01
1.723478125277634776e+00
4.716888207762532481e+00
1.188593071185232652e+01
9.490120757682698471e-01
1.464234239279666561e+00
2.317724856812455769e+01
5.171980161462359504e-01
1.231507932993249277e+01
1.924974123434409989e+00
2.087934474522470385e+00
2.911562911425730871e+00
9.291217825175002165e-01
1.532691852425748458e+00
7.277564058437625327e+00
6.346734890261473971e+00
7.924085152838416946e+01
2.181079315051665191e+00
1.456012994719732312e+01
1.060229020242834386e+00
1.701192537821921036e+00
1.495904967767023308e+00
2.959692152815118327e+00
1.088536141572895355e+00
5.580678806740046127e+00
4.670042274686745820e+00
2.702057536077341116e+00
3.892761827223161664e+00
4.070729802835324485e+00
2.072093541793272653e+00
2.315633052930863300e+00
3.763849712075530984e+00
2.014182191893739926e+00
1.013504298771568024e+01
2.026859811481467766e+00
1.966736561920474191e+00
5.143148515410948640e+00
7.761333650561752506e+00
6.178723632653043296e+01
5.174487640884935402e+00
4.992073315263201749e+00
1.934573047614883023e+00
4.776539116431154364e-01
1.151798988157926651e+01
1.328091279898136534e+01
3.154223584418691217e+00
5.180919137360294968e+00
1.806609721677929770e+01
9.029943290275173950e+00
4.314469992225935080e+00
8.101679341813311908e+01
4.895386600245360320e+00
2.968694237371826361e+00
7.238829629181570802e+00
9.976650125762110966e-01
1.552346335288814494e+01
7.496292902675536496e-01
3.229667287744995008e+01
2.738013582894784914e+00
9.360344827322828465e-01
1.652735282640909986e+01
3.903898814796045968e+01
2.953275936498380716e+00
4.426386317969268624e+00
2.111081033222551362e+00
2.146335202524332963e+00
5.798604729791225765e-01
4.359616125585577429e+00
8.996069768848258263e-01
2.768515541325219154e+00
2.830546135644710404e+01
3.352229786299598224e+00
2.114211485769538434e+00
2.685056396049406935e+00
1.741815137016817783e+00
5.168263155060079050e+00
2.246809112415559806e+00
5.601230239359217933e+00
1.439148569012207446e+00
3.291014077683773742e+00
2.305718188012084724e-01
2.296755882272742522e+00
2.659478965163535769e+00
6.970134371479024260e+00
3.189895398574676744e+00
7.428070201605877720e+00
8.275037642696477747e+01
3.078041124454625432e+01
7.061449880170688198e-01
1.030315582806392705e+01
1.093929817708723817e+01
6.140640876951756866e+00
6.061850904666463702e-01
1.607589129563105601e+01
2.909460556150091026e+00
7.440527081864824588e+00
3.320810434186380888e+00
1.816562751583270741e+00
6.650357505342923581e+00
3.363625261667715360e-01
4.322272014577793087e+00
1.121124338934194320e+01
9.148448813928215628e+00
2.459638812567407129e+00
2.062152727141052022e+00
1.073342602260876522e+00
2.069202351689213515e+00
1.155701025801053605e+00
4.824433254676899097e+00
4.791062781270124304e+01
1.652743129681010714e+01
7.148083533830791758e+00
1.641520214611758455e+00
2.561018912610308007e+00
1.004332617188126164e+00
1.002179259712935178e+01
1.991469347098120934e+01
7.165768123257988975e+01
3.030427350134464248e+01
1.778790506271117344e+00
2.482400360781473747e+00
3.808972709992002770e+00
5.504973121738215847e-01
1.206881678334800201e+00
2.252779905302451535e+00
3.409967307156240857e+00
2.031624504422939737e+01
4.957475795850436739e+00
2.903886734647637358e+00
1.512591970107088812e+01
1.124395347064900896e+01
1.067003901270616417e+01
1.676992517661246040e+01
1.469785242471721043e+00
3.777542968905469145e+00
7.099183570165722656e+00
2.986982203011594006e+00
5.385335993106595609e+00
6.160592120183819631e+00
3.623969430547554715e+00
9.085486325989986511e-01
2.185975973220078750e+00
7.999182443643454654e+00
2.453345049174199932e+00
1.112184052218337049e+00
1.457571257234461903e+00
2.159345930186239926e+01
3.495999121626194306e+00
1.814281456641425594e+00
1.288656549025842368e+00
5.067313527154107433e+00
3.047314054708490261e+01
1.324018781955332402e+00
1.129366421378923206e+02
1.285061490010019547e+01
1.540486978916464800e+01
6.023562317677121136e+00
7.745796926831286733e+00
7.892696505076460589e+00
1.610876652844113410e+00
2.164274698922167506e+00
1.003711242196594711e+01
4.676001024079095458e+00
4.701297493449375087e-01
9.542803445793883732e-01
8.986482605464900075e+00
8.604704546777802721e-01
2.383089857358895891e+00
3.020943617289821415e+00
1.523119984045461628e+01
3.495972007958792815e+00
7.450914472361017893e+00
8.676189566342890203e+01
5.262301985446623753e+00
4.715450000686362553e-01
1.408276703968962762e+00
1.264793663008948421e+01
7.310293589935219494e+00
4.282656614908575854e+00
7.788736137320945829e+00
7.988568491249846026e+00
3.524412381290768170e+00
2.982579190539768721e+00
3.370946544537684986e+01
1.149814145497233042e+00
1.190667601569936984e+01
4.200439177286847325e+01
3.216979024276073407e+00
1.085711245609131481e+01
4.844284829093493117e-01
4.035747768585815187e+00
6.219850904830592775e+00
2.951297999289292306e+01
2.830434178544928514e+00
7.471025426868040942e-01
1.745798811136516360e+00
1.207903667752614707e+00
5.910029287428922196e+00
2.246045869913920612e+01
1.927456803833726440e+01
2.406184080711107676e+00
1.895028558970018207e+00
1.271161378794269403e+01
5.705270814982645433e+00
2.678192739736268635e+01
6.022994301269914974e-01
4.418411692825349846e+00
