1.270103308923242746e+00
2.000306868389366333e+00
1.704935743755116473e+00
1.062045297403882982e+00
1.595786198002851597e+00
8.357945207737239590e-01
1.856461095506608983e+00
1.888524977801389726e+00
2.697472793493411292e+00
1.665980317782435938e+00
1.662769728218784770e+00
2.003246788409435375e+00
1.354077194842596032e+00
1.203812491693398767e+00
1.836673921001583665e+00
1.304776506944508307e+00
1.390941419499069687e+00
2.170139035352516732e+00
1.475356990910722477e+00
1.881731499313915146e+00
1.487918892630396783e+00
1.357830492961324520e+00
8.681584381144749063e-01
3.149341972942301116e+00
2.110222715956890926e+00
2.652420657431291406e+00
4.682582603078206063e+00
1.231333936032407816e+00
1.918585145675265835e+00
2.653163760462854182e+00
1.046131180875276900e+00
2.726580202731788916e+00
1.241524092738594431e+00
2.524986677045155670e+00
2.936589949522879550e+00
1.704718448304796574e+00
1.637709599240630753e+00
5.524434261008231983e-01
1.318443243927530872e+00
1.384454799505598022e+00
1.223221478273775142e+00
8.636415874409377746e-01
9.986197380213739372e-01
1.320533665958756764e+00
2.233122062074373471e+00
1.438646812355926841e+00
1.069579345129891168e+00
1.765577183603714628e+00
1.118616159620753336e+00
1.050255456535649445e+00
2.818147989453512636e+00
2.242266890556947168e+00
1.510481489703267899e+00
1.643029189657753575e+00
2.437271554268590101e+00
4.984527908897018023e+00
1.931123368087546366e+00
2.104520279486293166e+00
2.223594071300527997e+00
1.217482801191031694e+00
5.382527921004317761e+00
3.397245540730442936e+00
2.430863759784406497e+00
1.839936418190488698e+00
2.574272713735003215e+00
9.403037061265425711e-01
8.887596928964781595e-01
1.374859989970642182e+00
1.976375855561937955e+00
1.772711725982346831e+00
1.526097917519571467e+00
1.493734557974135457e+00
2.133456501770137681e+00
1.321209398014291603e+00
9.254026676653995809e-01
1.191047836032866680e+00
1.927244002841467019e+00
1.020019285156560152e+00
8.436689691837220284e-01
2.130426914862661558e+00
1.768532366821922608e+00
3.177150062566709732e+00
9.354093397988892944e-01
3.095791481347946572e+00
1.491248002890987578e+00
9.413692515171798725e-01
2.445971496729393291e+00
1.147020444320595134e+00
1.867312657071175330e+00
6.240610762084809693e+00
2.420607900879750751e+00
2.952873148766306688e+00
1.530509551054222817e+00
8.369028896347948665e-01
3.657125101630801289e+00
2.274425611485138443e+00
2.164878014252042515e+00
1.198432948454424052e+00
1.356654270082989333e+00
1.180287921432746856e+00
1.464211037131683657e+00
2.350181445295194127e+00
8.906133776688461845e-01
4.297378647458730327e+00
1.993983140748457394e+00
1.463519189722020997e+00
2.643041421644253930e+00
2.470188953963324607e+00
1.911213327743282786e+00
2.140506006888756474e+00
6.002773208515844727e-01
1.464574462797393117e+00
2.499979488166219177e+00
2.221051124030982038e+00
2.375337495258718068e+00
2.095119972845790546e+00
8.355698751850597628e-01
1.271239048623582724e+00
6.621556963647400318e-01
1.079693913343968914e+00
2.484934797380296434e+00
1.762356553318973562e+00
8.370197676419737220e-01
1.712589322029719252e+00
2.071473500131831624e+00
2.544361585899701073e+00
1.282105792990712700e+00
4.526042200469182042e+00
1.509249422108538852e+00
1.377453599777843651e+00
1.395610033769584257e+00
2.355929580009243907e+00
1.202660998402039993e+00
3.966527466576565075e+00
1.166928706855206554e+00
4.718651658889460698e+00
1.260268158587037224e+00
2.698259651777535684e+00
2.922213254903178736e+00
1.256988942390641517e+00
1.510081969231769294e+00
1.953741699027798484e+00
1.967788797352522323e+00
3.083469455665958314e+00
1.515196097392025765e+00
1.410250590891194866e+00
1.376154043607135558e+00
2.805435717693171682e+00
1.976749404995950865e+00
1.660530440860823020e+00
1.220220166893459135e+00
1.235364063490369313e+00
2.031403732692486308e+00
1.676455340299559671e+00
1.809229809784868248e+00
1.685591803115736864e+00
1.922761083268504700e+00
1.362330334506311358e+00
3.109907201357696938e+00
3.651717837035701741e+00
1.139077252388750017e+00
1.465221797874286969e+00
1.124807293770363259e+00
1.194077983848681690e+00
1.821812469023793124e+00
2.463709170666439352e+00
1.762879275156115311e+00
1.994657551895839820e+00
1.837842958417344796e+00
3.027966344118421027e+00
1.312297749157973925e+00
3.254508810603316871e+00
1.508671059689830951e+00
9.260297632271716761e-01
1.521853121778506734e+00
2.706624902077518602e+00
1.328845444707963175e+00
1.426735535374361374e+00
1.859276800304796362e+00
1.467370184767080588e+00
2.393069899255035438e+00
1.877628404571427767e+00
3.309425149262846144e+00
2.899341498512342685e+00
3.551819823311698876e+00
2.184895283906857610e+00
1.569313630953511618e+00
2.420898357946076107e+00
7.603409130029333829e-01
1.601382153862007662e+00
1.538594167980391836e+00
2.565310004943982314e+00
1.453356944946208706e+00
2.041006376202318062e+00
1.836695537510358633e+00
1.146923054075074555e+00
1.627012811163802031e+00
1.954250395955814845e+00
1.240265704688324533e+00
7.182715075166340446e-01
2.141289655915883827e+00
2.132913095700601946e+00
9.453027185730036308e-01
1.897569117113500958e+00
1.066044029371695290e+00
2.378198236761534634e+00
2.183319749370829843e+00
1.474088553380387800e+00
1.854957637491596811e+00
1.221635306800744170e+00
1.946750504346441701e+00
1.561769136111591516e+00
1.445861608863848291e+00
5.876743162245378072e-01
2.345906086417170133e+00
1.863920659902543076e+00
1.355951659593897851e+00
2.083364563706054273e+00
1.561700289395782759e+00
1.024180396082631006e+00
1.580007206763092142e+00
3.020465588209115815e+00
1.975247375602813715e+00
1.937669486717634726e+00
1.509295140225910492e+00
1.207973356745712268e+00
1.934213732370780647e+00
1.524402321125373660e+00
2.014610017537688424e+00
1.292807103812561698e+00
1.893743338414975996e+00
3.161608100211918959e+00
2.763911044153784413e+00
9.936079571852606263e-01
2.274942487602221952e+00
1.438427602827958562e+00
9.749139773313557633e-01
1.355635068144809940e+00
1.007156783370889208e+00
1.398416092684074075e+00
2.371096299376456162e+00
1.344831236717568768e+00
1.698104353060867044e+00
3.558406488791928446e+00
2.190003318508517260e+00
2.132155798704649996e+00
1.512063328276638918e+00
1.615534565798238953e+00
1.618507861392219249e+00
1.899984541653947590e+00
1.715596089080965392e+00
1.264720732268093784e+00
1.567679383419845918e+00
1.767742240667693032e+00
1.538376160264590009e+00
2.051742375344978608e+00
1.110874958014850700e+00
1.890279963346376269e+00
1.669485796516829268e+00
1.203798424404411760e+00
1.339614698115995095e+00
1.591811548119230757e+00
1.523767579143013196e+00
1.414470647828093286e+00
2.756236647478562674e+00
1.109083603027628318e+00
9.721208206428045839e-01
1.495044160277172463e+00
3.801219844905853407e+00
2.819402702668623917e+00
1.090576272025834959e+00
2.438229010136569119e+00
1.927883008229071660e+00
1.945044207731188024e+00
2.456892965030108567e+00
1.029797541681299888e+00
2.698141578963500820e+00
1.153157185700484977e+00
1.988205213046817521e+00
1.375058066557829806e+00
1.243255599512213427e+00
1.805809343638103304e+00
2.854172384892423420e+00
1.714396805853950267e+00
1.026612241933536618e+00
1.582682181482995443e+00
2.504118328168742025e+00
2.395123262558804367e+00
1.764030086828469512e+00
1.494844707984229748e+00
3.460602565701506705e+00
2.788186909387919243e+00
1.176818261711007230e+00
5.408104267854483282e+00
3.482795079609596112e+00
1.435927131935183398e+00
1.917896645768965680e+00
2.017064735094942218e+00
1.915321141676171957e+00
1.079293339803745644e+00
1.017129894976370963e+00
1.885691342552346272e+00
9.330955365171474947e-01
1.905667999734733442e+00
1.246886914225969978e+00
7.502835141788096740e-01
1.463121732726171853e+00
1.418475089368158137e+00
7.524391769809082309e-01
1.200961672538324088e+00
1.253317816559920139e+00
1.387146461763222982e+00
1.115128263008450249e+00
2.609565943417644363e+00
2.525582203082585853e+00
1.350164429748792916e+00
2.175183339162989338e+00
1.415347729012359501e+00
1.364810263308515292e+00
1.330368889950360067e+00
1.415572893938964238e+00
9.425451325145509651e-01
1.653393281146972260e+00
1.200789426314074149e+00
1.311894886895913270e+00
7.148506477267337900e-01
2.323357215014305144e+00
1.557230341430951848e+00
1.423966242228286605e+00
1.125707490225330565e+00
1.544773168176087452e+00
4.283520004901434142e+00
3.904736186301037471e+00
1.821701060030597175e+00
4.053108119790720387e+00
1.562769182666326362e+00
2.755716821512703696e+00
1.762600566960447646e+00
5.808835639164015019e-01
8.446135141591356588e-01
2.052725152594562452e+00
2.027888560501787563e+00
1.406869269979421633e+00
2.616072804285859199e+00
6.138899118876365080e+00
3.858480102293938785e+00
2.479711527617890710e+00
3.486595749106828013e+00
1.087936624145899422e+00
1.204822079265928769e+00
2.406637630582217913e+00
1.530975283648507990e+00
1.762482179883279265e+00
1.816018724690226627e+00
1.797478052629865708e+00
1.586801990550645414e+00
9.816661199255697356e-01
2.833923090775740672e+00
4.565168265132347969e+00
1.521473497989312529e+00
2.306112186538685105e+00
1.315953004885371813e+00
1.431453725614916683e+00
2.222154777762351152e+00
2.956952572029793114e+00
2.304293478855751420e+00
2.262143089338639168e+00
1.405235839239724616e+00
2.029219084305816434e+00
2.464199679042984759e+00
1.794599303066751306e+00
2.461754805148977709e+00
1.223188591851498419e+00
3.099856553140298843e+00
1.261976386750817580e+00
1.288248775861958295e+00
2.289652055463057501e+00
1.254690167674606949e+00
9.891196116340686961e-01
1.939972252345769199e+00
2.035227365877435357e+00
1.030969022219125897e+00
1.832546912579365861e+00
2.576662711973991993e+00
2.404039642839224999e+00
1.850914947373990094e+00
1.110079738628803048e+00
9.824858927673805198e-01
3.477499075632594749e+00
1.468655486628190898e+00
1.429353679236269548e+00
2.118466691203910290e+00
1.795752231445043146e+00
2.515299079352232070e+00
2.269468362778476411e+00
1.731255292292507963e+00
1.262268327403352819e+00
1.471598698001004069e+00
1.138317817800051701e+00
1.036616396586959032e+00
8.902833169617054843e-01
1.942221290419647861e+00
3.373010613291319792e+00
2.559469486392983217e+00
1.669383009663911954e+00
1.617860851794536314e+00
1.264137764715736356e+00
6.304262062644404807e+00
1.176962775264317917e+00
1.234654847042084391e+00
2.084133004236300213e+00
1.174961909534766091e+00
1.704799332059959038e+00
1.768102582346811058e+00
1.775277680457318263e+00
4.357198560524679465e+00
2.402750091528400578e+00
1.314633600603327679e+00
1.770051649046714193e+00
1.647373501790582395e+00
1.115411784574150911e+00
2.576220967340487444e+00
1.727171910811468925e+00
2.419881033118959301e+00
1.529771690278355356e+00
1.104114895587000822e+00
1.610382240070455717e+00
1.749974122148111544e+00
1.335638105637141360e+00
1.044984811490916821e+00
2.020650325693697180e+00
2.290396207356591329e+00
2.367232121696090985e+00
1.264300618554733635e+00
1.229597827062394622e+00
2.067755585496169779e+00
2.988830227502909498e+00
1.555784103621817405e+00
1.187352865076953590e+00
2.138041439219097395e+00
1.241678984607769154e+00
1.641442530748749462e+00
3.893433455528027221e+00
9.316864537714302230e-01
1.114252786973531695e+00
1.221548766472330794e+00
4.922098900740610183e+00
2.621387222915037896e+00
1.633349966757558613e+00
1.268791992302825022e+00
3.016525671138577280e+00
1.967661789866050226e+00
6.374677513697408315e+00
3.407389276406465939e+00
1.762106416293270472e+00
2.621297594650792373e+00
1.371039035070519052e+00
9.418477661725906946e-01
9.587747920129736645e-01
1.702950917742412473e+00
1.592597303772853579e+00
2.082014971209246390e+00
2.434220843763638786e+00
1.390647371059604342e+00
2.009688694295160172e+00
1.370696993968087973e+00
1.404928707917502573e+00
1.580541471928843533e+00
3.053092929761910046e+00
2.038326682837965809e+00
1.937448223454605101e+00
1.263814267696122373e+00
3.582842426933469326e+00
2.144406521722946657e+00
2.227596316393842368e+00
2.640548583804823934e+00
1.567935371088774232e+00
1.194719406880484058e+00
1.032558816968971893e+00
2.069674387831242246e+00
1.483885394691087489e+00
1.706046051030484678e+00
1.099064185570483465e+00
1.914150563553042694e+00
2.313941746119184906e+00
1.215969425770056400e+00
1.586882495203771448e+00
2.444291682228375784e+00
1.276744559176797633e+00
1.387096999088414995e+00
2.542863906043576261e+00
2.005923724421024179e+00
1.564701242657589919e+00
1.124465611039141999e+00
1.890184324276771966e+00
1.935388163958360996e+00
1.923885137910067655e+00
7.132158863601577581e-01
9.833176177179817623e-01
1.591522763558290698e+00
1.768843237958228398e+00
1.485569751972185104e+00
1.531645922622067779e+00
2.109050152278192591e+00
2.068296548021616221e+00
2.233888451244449680e+00
1.235175255408030637e+00
1.630453297378314126e+00
1.104094468082489122e+00
9.465074009099192498e-01
2.152465235031141955e+00
1.385566757822855655e+00
1.826003311928318773e+00
1.595179972494729315e+00
1.640689105454242958e+00
2.690625882947810243e+00
1.057930910692230331e+00
7.970812203023509568e-01
1.422394639320311960e+00
7.443975323323607229e-01
2.423894539892821776e+00
2.525735315689591420e+00
3.064019236908167354e+00
2.205879494084997283e+00
1.733461166856470115e+00
1.797094259379562464e+00
2.375014745059128796e+00
5.787508819209116195e-01
3.158081483165363856e+00
1.413493826724912195e+00
1.857394526647513588e+00
9.813304627155212678e-01
1.096691493431330988e+00
2.290451984106074867e+00
1.883756978525879200e+00
1.875498117631608341e+00
2.127566835424706593e+00
3.228771350573993892e+00
1.484258453562464108e+00
2.365051432286724431e+00
4.818935643800154267e+00
1.818931464295980627e+00
1.178304755026460038e+00
1.802811232382082851e+00
8.888653896107611141e-01
1.736627269049377142e+00
8.449136730949531326e-01
1.454369726250428263e+00
2.021019325857195348e+00
2.082667935183967423e+00
5.034209621574151639e-01
1.984797756914666644e+00
1.453653934761414579e+00
9.270686452104964781e-01
1.458270391911108854e+00
2.052071304890793257e+00
1.777206551035612092e+00
2.434885813838258528e+00
1.571363364865762113e+00
1.287356502023627280e+00
4.087471301080413788e+00
1.436454466031289012e+00
1.663078691839974699e+00
1.613330917967023881e+00
1.160866137811602083e+00
1.061066159566916633e+00
1.065267137253440133e+00
1.386724449946216131e+00
4.881163658559738217e+00
1.167853335406717319e+00
1.926248575312150324e+00
1.760050411091656608e+00
2.106322370747041095e+00
1.804096840667314350e+00
1.394915006040537309e+00
1.725068425165512620e+00
2.097768441323174304e+00
6.973421028745548922e-01
1.788762531212458651e+00
9.096299079056906489e-01
4.271489491453420051e+00
2.834399653112024797e+00
3.177449319801813221e+00
1.995031615486142496e+00
1.139579726779283986e+00
1.987449107375407698e+00
1.769746990489295291e+00
1.299804350538676712e+00
3.351215979801085876e+00
2.711490063301296161e+00
9.682437074226437623e-01
1.919521223025347556e+00
2.321196509991038326e+00
2.185972109750712100e+00
1.682167180497402992e+00
2.040023178063050668e+00
2.950932371807956756e+00
3.439071046278836974e+00
1.050752728451429086e+00
1.805068214868497556e+00
1.908912884555535872e+00
1.685710496569630346e+00
1.137597323870271460e+00
1.634937384284226303e+00
1.845140375020782875e+00
1.220899563427838785e+00
1.431696704482786187e+00
1.497807319144494720e+00
4.837602229671957410e+00
1.712319176648692709e+00
1.776402960660771191e+00
2.092282694136294197e+00
1.367120549626870574e+00
1.631023998281369458e+00
2.379365017681289718e+00
4.698676019615607657e+00
1.259553668989815689e+00
3.482758384031269916e+00
1.315382638354846367e+00
1.437538164961054354e+00
2.003076359869595091e+00
2.727708256560751110e+00
2.172272276757688747e+00
1.048092288583918785e+00
1.508103023181927460e+00
1.374418971909591169e+00
1.014208850274056717e+00
1.646250083470277348e+00
3.456471453645788117e+00
1.684459063521298594e+00
1.580954363873173341e+00
1.318684350417903994e+00
2.332623773826230540e+00
1.843488033571884621e+00
1.334704178311415301e+00
3.106013788056055436e+00
1.878932439961070511e+00
8.143435906690628112e-01
9.066651490779017442e-01
3.864075606199435242e+00
4.436897173495211177e-01
1.819246780825918730e+00
1.947114969699703435e+00
7.755569274505791366e-01
1.353811031835790102e+00
1.845615753528933922e+00
1.303706089132325774e+00
1.009618185998588658e+00
1.595163384551619101e+00
1.102080523410501334e+00
2.349442447214831642e+00
9.704211528301457390e-01
1.464332665529337385e+00
1.459209347324903705e+00
3.566519214769067858e+00
9.615943479215661727e-01
1.560455638062362871e+00
1.309211859107916487e+00
1.874244238388866668e+00
1.865974671937656204e+00
1.385422849779442078e+00
4.507863115071516269e+00
1.597627572199128876e+00
1.645945506464120411e+00
1.157715640860711881e+00
1.254265061860271757e+00
1.500694660644430911e+00
1.336507973928988235e+00
1.485480974390568587e+00
1.201254193464694753e+00
2.319151242428001858e+00
1.004625716907191491e+00
1.484202869018637294e+00
1.528021197977368351e+00
1.316066128853175199e+00
1.364331871092304027e+00
2.014932825242592873e+00
2.085677120123885064e+00
1.188990268434778619e+00
1.173928268033884947e+00
1.002650879185605692e+00
1.242638358114499297e+00
1.758336297026297901e+00
1.936758090793049059e+00
1.366022343026522146e+00
1.246224945670167727e+00
2.724026752942784846e+00
1.105738743526659906e+00
9.945459644579176528e-01
2.046381685223845892e+00
3.011070626303053110e+00
1.024706653485995433e+00
2.324725997677471678e+00
1.778802422043049614e+00
1.603794650431537239e+00
1.636569556729445374e+00
2.857030388358801964e+00
1.883348960984962295e+00
1.352934713090492291e+00
2.176139461563525668e+00
2.452112831228817846e+00
1.470613096452923374e+00
2.714054889070968812e+00
1.224820917392392072e+00
1.467892714016308275e+00
6.076146802358174392e-01
9.577284645305029764e-01
9.243378148246758075e-01
9.480015905251741870e-01
2.279185930146409689e+00
4.175998215585987161e+00
1.354468472167594584e+00
1.646278935108270725e+00
1.436765167376091945e+00
1.642628904503139253e+00
1.583393102589135459e+00
1.905042842835167338e+00
1.675432852130246397e+00
2.507034050866516761e+00
1.823273356129452738e+00
1.014264603442762258e+00
2.922790834432283269e+00
3.034628636684755687e+00
1.482576134009254698e+00
1.894066897412579831e+00
6.980903371583828676e-01
1.432577618677261189e+00
2.245742250775907056e+00
1.544218150328595884e+00
3.515085251103032604e+00
1.677884696183501223e+00
1.893062396897241539e+00
2.206921317168198282e+00
2.217106033093423800e+00
1.085427845610909214e+00
2.445107712188683724e+00
8.221797821772824921e-01
2.063501084499012261e+00
1.678347608017916270e+00
3.658901190401202541e-01
1.713210414480248689e+00
9.876826746155642489e-01
2.579353513889842020e+00
1.288133727676457729e+00
3.497595737815744066e+00
1.893091532524607157e+00
1.774565006225986563e+00
1.510667565386125011e+00
2.804051954955264936e+00
3.177654764490504213e+00
1.318774543424003909e+00
2.065836215594979652e+00
1.259390111611037977e+00
1.159517597150011126e+00
1.205209075799152707e+00
2.704504011293678012e+00
2.218684662244536199e+00
2.197536641747775299e+00
2.248375107084073399e+00
1.361692525418038535e+00
1.511505500759990905e+00
8.113597341113022443e-01
1.240980314121240990e+00
7.417382370717422457e-01
8.617929561596371357e-01
1.968524905402188052e+00
1.002453488407320181e+00
1.428446236288399396e+00
1.153703186613916243e+00
1.547008258680163006e+00
1.321521234772703224e+00
4.487150348598103911e+00
1.530903664821259946e+00
9.725639319015387807e-01
2.103752496473560551e+00
9.316586173281483640e-01
1.751813940642766187e+00
1.336114421723863410e+00
2.471291577430496655e+00
1.627916716483451376e+00
1.846981045579926040e+00
3.377020124528130829e+00
1.639161005944305360e+00
1.535283147667179993e+00
4.405611310314382578e+00
1.727108894337731071e+00
2.815256902795575389e+00
1.015206947157473172e+00
2.349477994276264248e+00
1.527799309284932905e+00
1.661009860516921899e+00
2.789141993566763400e+00
1.891173532453789718e+00
2.827346144490654467e+00
1.235902724516837914e+00
1.550190274051978623e+00
1.847820388678271142e+00
1.578314347119119221e+00
2.139979948877278826e+00
1.194176971153541933e+00
1.369277492562592791e+00
1.662195514973847654e+00
1.286072001540068177e+00
1.457476069785019313e+00
1.041827473195486409e+00
2.139082641090072734e+00
1.329777824902609984e+00
1.168236380717211809e+00
2.553886605809813304e+00
2.032485927469579234e+00
2.505453307409246655e+00
2.204942214967018366e+00
1.797181650596183067e+00
9.427723011143194221e-01
1.831799186261532153e+00
1.451718369963857613e+00
2.681015448795704081e+00
2.012402042767992505e+00
4.058344735005481319e+00
2.608751009092187712e+00
8.060417615471519026e-01
1.432594457912210073e+00
1.616998184000791872e+00
1.382386739533657760e+00
2.201418540569723525e+00
2.113431687737371334e+00
1.800985459242929743e+00
1.392549613883778292e+00
1.950058724865784576e+00
1.521454962991088511e+00
1.429755725913807174e+00
2.435587707073941566e+00
1.252095429556053574e+00
1.990686595960304839e+00
1.068078264376134179e+00
1.312585833705005145e+00
3.538026760708205209e+00
1.518723416076143806e+00
3.131152967796940079e+00
1.328292548409265805e+00
2.895260550567191338e+00
2.708941846139380605e+00
1.152448994010299321e+00
2.675543111897623394e+00
1.592222566819632368e+00
3.483780473438803593e+00
1.264962897744362547e+00
3.978123333509124837e+00
1.356381480741176260e+00
1.271909251207461677e+00
2.093933033642963348e+00
2.228907118380959673e+00
1.758598127030916780e+00
3.761216027372678905e+00
1.363013335568590945e+00
2.374268502960044991e+00
1.752647147958975582e+00
1.086818924510859929e+00
1.383750709454097283e+00
1.958004232660875310e+00
2.021376845092280661e+00
1.886781824164970978e+00
2.452177692814550447e+00
1.385178804191482760e+00
1.033025637679026110e+00
1.891985986870073466e+00
2.152548884325411915e+00
6.312171286724592711e-01
1.491122355655637444e+00
1.577477300312082775e+00
2.676030867622361420e+00
2.195613735287086143e+00
1.317622000675658711e+00
1.500773197494519096e+00
1.778177514015571337e+00
8.122646272482235696e-01
1.698308218167231987e+00
2.482132005472685421e+00
1.999705221662464005e+00
1.708506376729736376e+00
1.058202799599861965e+00
1.642843763628395459e+00
2.621923216028875459e+00
1.543891564115781989e+00
2.521639977205772265e+00
2.097064308148893996e+00
1.914586278577195211e+00
1.164715839043110046e+00
9.358092634210207761e-01
8.574814186435477659e-01
8.692392975081244533e-01
2.024489024304447327e+00
1.574253264532589291e+00
1.796951580169155793e+00
2.029452576404101816e+00
1.422528373651796407e+00
1.391839485379366081e+00
3.050553934488224428e+00
1.062119127231485605e+00
1.783123825250372052e+00
3.732988397101254296e+00
1.487720116882492949e+00
1.550424523891893891e+00
1.034130128780443414e+00
2.234467070788196619e+00
3.824381035969037335e+00
9.113209184275538055e-01
1.350328719224595853e+00
1.025757362555674179e+00
8.694535858884273605e-01
2.189634944295339558e+00
1.380105279600824408e+00
1.037231268882012003e+00
1.178017291394941601e+00
1.000351850311532731e+00
2.254775196798640025e+00
1.074808303190458947e+00
1.135938337097692985e+00
1.232603386794473677e+00
9.237098039215251299e-01
1.483976554962756378e+00
2.423842832398318325e+00
1.680935954936902732e+00
1.104077550049499479e+00
1.214713023153388916e+00
1.531285102896282391e+00
1.214949786899559347e+00
2.816205763073023949e+00
2.140766313116110542e+00
1.025314716873283238e+00
1.887216550642271118e+00
9.767459439610385319e-01
9.454901610741828222e-01
1.789401837302132314e+00
3.459110107743572637e+00
9.232198151312919210e-01
1.940910050970548140e+00
1.472749249567086416e+00
7.354577816659570999e-01
3.967674182247800108e+00
1.961816396123757578e+00
2.016292727286415509e+00
2.585078686147135318e+00
1.388528062789250228e+00
1.934117108072294089e+00
7.959689260422454504e-01
9.407628622799738549e-01
2.151953171383784724e+00
1.770071401967324931e+00
2.462782751991586139e+00
1.159363484905235886e+00
1.528813552335829051e+00
1.404848134763524437e+00
2.829315715470839709e+00
1.482667477584542093e+00
2.394409327825469003e+00
1.206378364515773960e+00
1.357089633151751906e+00
2.901844619386079849e+00
2.052039368809530639e+00
2.682590278643722570e+00
1.951633885904587196e+00
2.319420639773055015e+00
1.421179465330802749e+00
1.206961393688303019e+00
1.000378361004783168e+00
1.283307843174382734e+00
2.031255718714857217e+00
1.733341088883493253e+00
1.760142202621979290e+00
1.584769997208665293e+00
9.171205170658566219e-01
1.629837231597531133e+00
1.340646148420310713e+00
1.826058920767484217e+00
2.527392140573383461e+00
1.800984770137075364e+00
1.188646885152601529e+00
8.380164113030349471e-01
1.901626725283935171e+00
1.670735247745643193e+00
1.812207238647728813e+00
8.092519690234474261e-01
1.917654288841984078e+00
1.242083331697735105e+00
1.165608753908874640e+00
2.712873353949230903e+00
1.057094847634498569e+00
1.809448932742676819e+00
1.035085703833485304e+00
1.938203478628067966e+00
2.819331124790843912e+00
1.840626130767457846e+00
4.865280755734819884e+00
1.468205216140898495e+00
1.034665408540850873e+00
1.002786393405971754e+00
2.106425101918177223e+00
1.696430118421005107e+00
1.807580281322101357e+00
