9.299500682279222552e-01
2.346382525970811983e+00
5.258301391301010597e+00
8.916051163039105276e+00
4.877373341856263700e+00
9.639310924963995220e+00
5.985495198902702541e+00
5.520171871984887346e+00
1.826807663568552398e+00
9.583729106834143252e+00
6.104110674271595371e+00
2.904062308171098117e+00
6.353015724587237401e+00
2.713681449282188130e+00
2.083772131288510021e+00
8.924701232293012154e+00
2.907170136753168599e+00
2.909044869425736923e+00
6.324583884324399996e+00
9.631018168164263926e+00
1.431835508051940486e+00
8.236019289744570315e+00
2.130125357731671443e+00
2.130364305083178422e+00
8.051340211769710820e+00
2.219654923277746494e+00
1.296728310476609858e+00
1.608357489372001403e+00
4.572900056194790785e+00
1.492537913942453187e+01
3.907858162733642615e+00
1.394126175590588046e+00
1.796130024985215101e+01
1.658906614483562691e+00
3.136665914401549404e+00
1.028779460244759747e+00
5.754806985909352690e+00
8.961129451548388580e-01
3.179031301397436948e+00
4.099108020821025100e+00
1.320207603426704424e+01
4.840706760592239810e+00
1.584242113888718384e+00
2.874258412432945331e+00
2.722540916146501733e+00
4.576139628675156779e+00
5.296245092036849123e+00
1.014117430242339069e+01
7.270580554974162002e-01
2.935137990939706398e+00
2.570196977209646683e+00
1.468829376624200655e+00
8.145510956239665035e+00
1.166550987429379305e+01
1.183973427829636327e+00
2.590993675585739897e+00
1.131378723102484685e+01
2.054273146670253958e+00
6.809775858098499945e+00
7.264082205725428842e+00
1.571375858198648245e+01
7.743320701707266940e-01
2.028452838529717805e+00
1.922635905915518473e+00
1.734766611424112037e+00
2.340707756967717934e+00
2.055503234542022106e+00
4.225761644260928485e+00
5.881372364597566182e+00
1.701203131524828160e+00
3.404325841253500684e+00
4.825724757808907306e+00
2.735123197934667960e+00
8.588830586776100562e-01
1.956430126410895909e+01
3.308894830564898193e+00
1.186603768415511517e+00
1.590093882857321894e+00
2.373364831141646203e+00
1.284961259677688705e+00
4.043864498883134040e+00
1.328455569476527431e+00
1.915805231230194039e+01
3.278328450307278707e+00
6.819114033112732010e+00
5.450232078949650116e+00
2.120961399898626087e+00
2.264392494114295218e+00
1.465929588204933021e+00
3.270223257485591173e+00
5.473214201869804896e-01
1.004253517281488595e+00
2.782598304644909870e+00
4.604730194225092887e+00
2.322546876079941924e+00
2.264841444209310772e+00
2.780314707364124338e+00
1.017342547637877237e+00
1.411139483669001748e+01
3.340337777932699925e+00
7.335105405358017805e+00
2.336909796079163470e+01
2.652584402842564248e+00
3.076397653782598773e+00
1.363457054900521159e+00
1.776663607390903010e+01
6.120284772034807474e+00
2.206228130360956552e+00
2.572452105611822581e+00
1.057962282042105961e+00
2.206062494205288882e+00
1.813220495371924423e+00
1.178631612110373261e+00
3.791992096388488331e+00
1.621332091140067710e+00
1.446692440130148416e+00
3.376896915520532172e+00
1.337187619012600859e+00
4.016319715639134813e+00
2.552759276428722135e+00
2.919918576365495788e+00
3.089374167999883625e+00
6.231537980069824734e+00
1.364067312018196887e+01
2.738602615456867539e+01
1.815440874596155885e+00
2.176633642445889638e+00
2.275889140391005316e+00
2.518576322100315679e+00
3.764422974591342896e+00
2.123999657682513842e+01
1.670519554470380807e+00
1.771620006460782548e+00
4.833011642893864312e+00
1.871427530845579223e+00
1.246118763405791752e+00
8.177010963813674538e-01
1.217442911600626010e+00
2.173364708044398963e+00
7.059934677594990937e+00
2.370025361708965939e+00
2.685661591342053622e+00
1.540239584510925130e+00
7.241759094233411354e+00
2.746706832693569744e+00
3.275820616389709006e+00
2.662814476664403962e+00
3.252527817607636429e+00
1.094065592288312239e+01
3.229834629335665674e+00
1.012831187448842041e+00
7.618309342916788074e-01
2.564343775557013760e+00
2.553608877249084141e+00
2.208876446668077875e+01
3.481818091836097917e+00
1.875099240710019322e+00
1.409129792286639926e+00
9.987336257622575486e-01
4.988466714425515924e+00
2.837355756181278821e+01
2.638816482001309360e+00
2.525780697721224932e+00
1.066327000145389059e+00
2.348105156595307275e+00
5.806936466252390794e+00
8.253857874175467568e-01
2.983510440860253077e+00
3.199074676185604815e+00
6.908633137832256743e+00
9.268885069789168929e-01
2.001607353150743673e+00
2.094073646359590768e+01
1.233918043264083053e+00
7.277080052385465070e-01
2.108435583897127596e+00
2.370903969242278198e+00
2.986946265632597353e+00
1.909030494005183654e+00
1.352669568834307556e+00
1.376072412814485890e+00
8.986293645157409360e-01
3.224727525037554887e+00
3.665119665322893017e+00
3.096402937089209217e+00
1.750804399885356188e+00
6.860283098018844505e+00
1.265618536306683861e+00
1.066387463895836385e+00
1.143793140161464450e+01
1.611874036926514098e+00
1.119617772340802908e+01
2.028856847463382351e+00
1.454670172065688938e+00
2.204637963179906013e+00
1.627726503349809617e+00
3.474221361025042754e+00
7.106036349853155798e+00
2.626267754947518629e+00
2.288307349828671899e+00
2.708567875292164473e+00
3.226378651128781527e+00
2.518703463446916313e+00
3.023119242061350409e+00
5.154339572307597095e+00
8.293828358219615282e+00
1.276736890673648617e+01
4.408161133573782919e+00
1.233589112331322291e+00
1.170926729737707506e+00
2.314153701364304538e+00
1.126512823516147455e+00
2.393194486321142733e+00
9.390577593287368074e+00
1.372752398547902875e+00
9.479586374826869388e+00
1.754501412885112410e+00
1.828284301246540977e+01
6.619448650975045645e+00
8.655760868069730662e+00
5.694103176704759406e+00
2.455061156676813461e+00
2.399018135282829700e+00
2.209643537855503492e+00
1.869751810446232909e+01
4.496393974508173130e+00
2.183420106890947565e+00
1.567828265149789235e+00
2.869861304946114355e+00
1.005804894955367068e+00
2.527062902216699491e+00
1.348196856266386057e+01
2.572963154925436768e+01
4.564389228358109563e+00
2.590601130753919623e+00
1.311554103180652131e+00
1.885167158075718774e+00
2.381247357729896486e+00
3.143528514251174855e+00
5.542566830962832647e+00
3.056458966217546092e+00
3.604766417414881019e+00
5.271922197271372568e+00
2.214100267937431088e+00
4.868151133961567290e+00
1.351020808866657541e+00
8.928675731274702265e-01
2.954954106034476879e+01
1.329923518809195349e+00
3.139607578822862788e+00
7.191880883540011205e+00
1.215127616916643305e+01
4.719721537103326980e+00
1.105100552693692562e+00
3.117412525090956787e+00
4.276884525795662917e+00
2.925233800061898926e+00
3.246258155502284026e+00
2.848402775997504133e+00
1.664770351827330463e+00
2.377667525692106487e+00
3.238822773840305480e+00
1.517275226700299351e+00
1.504496414885843736e+00
1.405711768400956574e+00
7.622427946001308463e+00
5.216826576095130896e+00
3.775648992981280205e+00
2.918650210677061096e+00
2.765774631080602841e+00
1.424109502820530615e+00
3.565657475285862965e+00
6.629928975084204978e+00
1.115484163402869600e+00
2.937138646084468618e+00
6.085149238247508308e+00
1.726288831696172110e+01
2.556327971875120397e+00
4.642020878880067869e+00
3.322067860412040385e+00
3.454107663037182530e+00
2.093165736838081603e+00
7.855232594202857577e+00
6.982957683734974275e+00
4.015319110821540249e+00
2.427483545803919451e+00
9.713080861772903418e+00
1.757914432479734668e+00
2.138728247303716579e+00
3.274244664602007582e+00
2.067778151833364664e+00
1.220573882099489804e+00
7.609398152178610264e-01
2.940127539192512351e+00
3.854696686482247614e+00
5.152974446569015932e+00
1.737226659881005553e+00
5.403082604416152179e+00
1.003847240209420288e+00
7.474395240507877958e+00
1.992309049252511954e+00
4.529637259707576469e+00
1.269553248032545323e+00
1.713881284250650339e+01
8.207032882190503642e+00
3.197596143568175897e+00
1.786201740020564754e+00
4.811197056584091136e+00
1.762086741510246135e+00
1.504678243238002144e+00
2.322180313467804957e+00
4.587328428047385387e+00
3.896583123068275256e+00
6.619004789075877415e-01
8.341708085226619218e+00
8.096431335329462797e+00
6.335768780585884219e-01
2.074435437066300736e+00
2.924516000315592112e+00
2.091605928437544293e+01
4.421294507756877046e+00
2.898151945452128064e+00
2.026539175672381177e+00
2.148273629042033672e+00
4.645046018359506590e-01
8.294842834003606669e+00
9.873948981063112029e+00
1.033934251797270054e+00
2.565712440622866630e+00
1.882663482601016680e+00
6.880716269605515301e+00
2.831741179770533634e+00
5.691947263398957624e+00
3.339136152315222983e+00
1.708630788679447843e+00
3.088773653444402356e+00
1.700450974379839719e+00
1.536756226997082475e+00
3.617840410649680205e+00
5.185853056718017662e+00
2.655552250949377857e+00
4.690913016326990537e+00
2.422062469490996151e+01
8.861009311626649065e+00
1.167381940274645480e+00
1.137841200142253584e+01
3.912776655879476095e+00
2.697499159164252536e+00
3.951457902945282097e+00
3.413754955719206396e+00
4.976241454019504573e+00
2.233881883094683385e+00
1.419330965663333499e+00
1.713579617962747825e+00
1.476868269676113288e+00
2.858746087739703956e+00
4.314884640039209351e+00
2.451822502718372210e+00
2.989970241252819516e+00
5.237313263281272668e+00
1.941403124613660269e+00
4.885984014414955112e+00
2.956119245880624913e+00
1.373603562044985082e+01
1.189238156772635113e+00
2.426559031580433956e+00
2.300358001920813411e+00
2.001902497318873042e+00
1.235198232948666259e+02
9.589123581726042289e+00
3.665491994114077112e+00
1.192872264262793802e+00
2.018846783898528674e+00
4.654813401577183818e+00
1.190450504466021542e+01
2.215268445435027544e+00
4.662466551739334442e+00
5.770996434810643727e+00
6.945549940296030123e+00
1.649910035120631058e+00
1.720296278142307012e+00
1.795490139659939866e+00
4.109278705061222503e+00
1.565391103790576333e+00
3.356928623168561110e+00
1.304584491612115427e+00
2.611092434486299130e+00
5.463141629114100617e+00
2.389113787728508687e+00
1.690154025289311690e+00
1.990261177022678352e+00
4.799295582565794582e-01
2.317536214280945472e+00
3.983226589586572608e+00
4.109835172650469381e+00
1.649960770794757003e+00
1.492399617810603596e+00
2.843102775965142825e+00
3.307630766747721829e+00
8.118800612762564484e-01
1.153415486613590701e+01
6.316426189079303199e+00
3.180591295660561979e+00
1.981027709030473982e+00
3.515482195270052124e+00
2.107483912489876765e+00
8.315281899186736103e-01
4.248504416348249713e+00
1.223359733796521631e+00
7.990297087133902965e-01
5.110942867380894761e+00
2.705558573359402530e+00
3.656588021563418334e+00
3.264707397012561074e+00
3.330226974531571571e+00
1.158967700835233039e+00
7.089794183827619278e+00
4.942638923931644612e+00
4.739847756710717341e+00
3.390403132096549310e+00
7.730248550081343595e+00
5.864545936831984108e+00
3.453232420212699161e+00
1.210756989285948659e+00
2.968038646589069796e+00
6.835438182379971472e+00
7.900211588538104124e-01
1.866575531292410384e+00
2.435766821590079179e+00
2.031878975323376579e+00
1.577670027571316247e+00
3.049676085067435150e+00
2.261775752161863107e+00
7.036005966087714114e+00
9.060890903145244479e+00
1.273205759376432544e+00
6.977261670628411849e+00
4.676534955865125021e+00
1.333290988439660429e+00
2.929069388564800036e+00
2.158603977428825260e+00
4.681993694633892034e+00
8.869918119951917035e+00
7.437865782191325437e+00
8.930535157055257134e-01
2.585955382027725236e+00
4.378829408337837625e-01
4.433921753140452005e+00
1.382890038898054064e+00
1.117266078797982898e+00
7.066595945180830896e+00
5.835775459218236705e+00
4.050611347140590013e+00
2.116786562040337216e+00
1.352252847165351213e+01
4.971960149318587874e+00
7.829393957744539279e+00
2.039541029839175845e+00
3.391065581850971000e+01
3.025374114720874363e+00
1.972242342980452534e+00
8.381532095002294236e-01
1.776473404566446312e+00
1.836748933098158787e+00
4.538020283110276942e+00
3.553031049871442359e+00
2.935960683100693469e+00
1.580060813603528791e+00
1.095285103701862361e+01
8.283651058290628200e+00
2.926127499083815309e+00
2.707273492031382034e+01
1.694211906806198042e+00
5.453875581235503311e+00
9.671419696690895407e+00
1.889757046590104794e+00
1.305026468035386245e+01
1.220159219861663091e+00
3.065936711600996123e+00
2.063150774341319771e+00
7.136319631519580931e+00
6.714364922491490972e+00
4.714406616493564961e+00
6.867879525865483004e+00
1.280076794904100534e+00
3.462650765615951798e+01
4.976537663827813596e+00
1.166210403198253642e+00
2.357607242634036648e+00
4.455114458639073405e+00
1.884009933791926716e+00
3.218127321701350851e+00
9.974804118302088574e-01
1.068525897389096535e+01
1.462495202767490676e+00
1.199853318655939560e+01
8.262248312214993007e+00
5.156312122193770442e+00
2.648850487360905337e+00
6.509895967214358592e+00
3.710981070461486286e+00
5.169524163238481407e+00
2.721087990638023424e+00
5.810782094081390348e+00
2.087898858483340003e+00
4.166041944498868332e+00
1.167974042822298131e+01
2.099016665562392969e+00
2.532625002540990877e+01
1.478000561206490371e+00
5.418525522167102482e-01
2.910882143547236289e+00
4.664948314661315543e+00
5.658369272261601246e+00
2.416759833219765508e+00
5.148165478771084658e+00
3.513046504937090919e+00
4.237001533954134480e+00
5.478550722104150950e+00
1.615109213038041602e+01
6.992996413692288193e+00
4.996000411867865587e+00
2.043014291714323694e+00
3.263702453385826097e+00
3.899517352238660362e+00
9.687276257906232146e-01
2.183621899381107845e+00
3.615089183663326988e+00
3.512934394121215664e+00
1.909005003484296692e+00
5.323463320739247884e+00
2.360708440535493224e+01
8.748219921316801040e-01
2.075249723333794094e+00
7.399465357828085565e+00
1.681864707983927065e+00
2.197497836829205742e+00
2.563337056073225817e+00
9.598965625220950981e-01
6.119107711107069747e+00
2.464635295262701575e+01
7.109247821829789427e-01
1.324839493976128768e+00
4.924392264632079907e+00
2.978818342762607596e+00
2.462617420997977646e+00
2.040579027716850735e+00
1.027615294799853451e+01
5.244877174265950792e+00
2.478166710475407708e+00
5.417939631794112643e+00
4.631791967823336797e+00
3.207605264546974144e+00
1.552418397731812449e+00
3.004043260635103962e+00
7.561221406682682833e+00
1.236979141903163049e+00
2.462910421160447338e+00
2.294322847412777033e+00
1.534190913513422849e+01
9.345352631218689865e+00
4.430123694179786575e+00
3.481935186728865261e+00
2.136878276451778635e+00
8.222527898794677048e-01
2.865102808945337198e+00
7.447541807086118792e-01
1.352535566599457839e+00
1.419329189507784861e+00
3.695495430377284674e+00
8.329308626484298372e+00
4.819971459923768187e+00
6.242558447836970004e+00
3.392573438988799595e+00
8.784312959881716010e-01
9.235876462686855026e-01
4.061249715043374842e+00
5.012686223854328382e+00
7.892704795001890261e+00
1.167521843970065643e+00
1.290096852764749613e+00
3.306283234981709729e+00
4.772651961472123894e+00
3.800109487481497794e+00
6.791995286284583377e-01
1.079469834969079223e+00
1.409844424642123339e+00
7.436289545220950004e+01
2.045192445281988736e+00
4.727942864929755018e+00
3.058099388565621801e+00
1.920359502543586006e+00
3.242229360769257607e+00
1.759089848045375382e+00
3.077612206871639167e+00
1.130947868780719290e+01
4.926870361239641838e+00
2.172634374024289716e+00
3.492061186878969270e+00
3.442919632377392958e+00
1.357263083335688680e+00
1.065529338927936465e+01
1.655923302076485415e+00
5.624046468963709522e+00
5.687839124862692053e+00
1.032899836521764092e+00
3.117507634793625027e+00
2.865030573805193725e+01
1.043460191879193211e+01
8.161000379308688935e+00
3.151029603701441140e+00
2.001586462456287308e+01
4.635711903136456868e+00
2.891207570813727923e+00
5.448587612244093492e+00
4.523132986048835846e+00
1.559954602999849449e+00
6.442482400194615266e+00
2.404621323287534640e+00
1.644808312326596633e+00
7.731435079446427050e-01
2.066562114952317675e+00
6.162896739525270284e+00
4.845782708923221271e+00
6.495197037942997298e+00
1.816769526921803823e+00
4.988467133727744418e+00
5.156578689551378325e+00
4.291254778029826689e+00
5.841653615108406861e+00
1.439262633067217578e+00
9.990312499868345242e+00
2.756619660789764392e+00
2.791820564203060240e+00
1.045365540341172483e+01
2.383146305735955650e+00
3.386712491597127617e+00
5.010211345032072217e+00
1.362898993529111369e+00
3.702123550323064727e+00
2.744754051940223150e+00
2.510704804918562516e+00
6.257462950820714020e+00
3.006931556474431666e+00
3.936068202469191313e+00
5.290964203414522338e+00
9.510913679326602477e+00
1.368155047433483062e+01
2.688253389939774696e+00
6.004799238472499745e+00
3.232279661482282851e+00
4.454942876557377751e+00
4.387426047720453859e+00
6.404080329601717914e+00
2.292433853972139168e+00
2.847970601243830835e+00
1.911457480698587341e+00
5.223166686078322130e+00
1.619102893549918987e+00
8.199803214491874215e+00
2.261850145977211124e+00
1.884287480833716444e+00
1.130465340285152998e+01
6.847140706411994904e-01
6.132049757893801356e+00
3.629244072768026186e+00
3.457136568010212851e+00
3.476913132016702157e+00
1.884201635153179399e+00
3.186181033163071330e+00
2.212044808921205252e+00
2.100964610888057749e+01
2.405749380713373853e+00
6.319295756551664311e+00
7.806249766209996110e-01
1.571283180860728157e+00
1.566685350013586664e+00
1.705952284254179219e+01
7.383910901764174639e-01
1.564952533625850739e+00
1.723157836911863416e+00
5.584775494032924392e+00
7.709691148181311071e+00
5.608085623276309661e+00
6.564201547639320067e-01
4.716935919894956086e+00
1.165141726268231981e+00
2.083345870578851677e+00
2.824675608753847378e+00
6.074371673420384532e+00
3.174020731107073168e+00
2.151105891372762979e+00
3.387636773650529953e+00
5.843558429062002624e+00
3.680648845230129584e+00
2.821870719337678857e+00
4.244943878564675366e+00
1.313852947698158857e+00
8.248315000984367984e+00
6.444428670633161715e+00
9.958048141265990694e+00
1.115892087755485385e+01
3.228359786192493974e+00
8.300951111825513040e-01
2.667596638802978148e+00
8.222459860575680679e+00
3.669646045309526983e+00
4.329273804847905360e+00
1.172071873098267769e+00
2.376141536382502029e+00
5.352490256744952823e+00
4.134066915223257865e+00
5.071220915746602387e+00
3.648479667155877237e+00
2.814793495885180796e+00
9.786641570484512220e-01
5.897739289529248197e+00
2.312953284732143544e+01
5.945255763716629893e+00
9.490211991269237313e-01
1.605721015493066517e+01
1.435348535827984939e+00
7.256761373190850684e+00
1.661399898478450599e+00
3.904454555630039625e+00
4.480008300122509723e+00
7.426646243938973768e+00
1.711164986712868652e+00
2.145331578446517007e+00
3.597221295809181818e+00
2.462390115227632847e+01
6.197288399288541250e+00
1.122659274870744239e+00
1.509719746821714281e+00
1.575957441156272898e+00
1.179845638544880781e+00
1.516248745310211143e+00
2.654005393990589212e+00
5.893110978268183864e+00
8.868463620215755183e-01
2.842267704321623967e+01
3.594557287687184299e+00
1.178341980602622519e+00
3.700656759836112997e+01
2.109658747792981348e+00
9.857889066621643437e-01
2.041950043247891244e+01
2.040935750385324265e+00
1.126939665491965226e+00
1.708984334799655391e+00
4.122249384259160543e+00
3.415381834234069380e+00
3.752037058166090677e+00
1.056337292739717881e+00
1.530602096673483237e+00
1.394475404853369849e+00
1.189194985568205176e+01
4.266203487453075205e+00
3.037214266332425083e+00
9.664706198617416533e+00
1.451994332617782879e+00
7.604823627225514748e+00
1.833381506094942992e+01
7.144387109653616008e+00
2.084558354649872491e+00
2.059422343278948908e+00
3.710695193329090813e+00
2.987536884672397974e+00
4.077658413892419453e+00
2.956660854384621562e+00
1.874689689456261465e+00
6.691727446961807102e-01
1.929031514817571624e+00
2.744089861770969474e+00
9.621963497038969138e+00
1.075797177675281713e+00
4.979519118774097919e+00
1.349532957209553796e+00
4.499321862623448354e+00
2.198998338624253091e+00
4.460397493566531146e+00
1.577981575319633345e+00
1.275721542513361895e+00
2.083356846111587668e+00
8.290283445576188681e-01
5.033112799856170660e+00
3.728119329884663546e+00
1.296873004276609231e+00
4.393253239579442138e+00
8.389640339975761307e+00
9.362014867628204229e+00
1.256057574106479890e+00
2.617580474001604873e+00
6.152351957373451086e+00
2.487297387504838309e+00
2.928824284107742315e+00
3.275946356307259499e+00
8.759912569706800767e+00
1.255122267816797788e+01
4.589479663596758741e+00
1.583706871534978466e+00
1.100399785404331077e+01
2.818694380176129499e+00
4.232737918144903411e+00
2.111593689539245311e+00
1.880745193941774973e+00
1.567150992532199583e+00
1.578473395224660791e+00
8.608417873939265164e+00
9.145629284200264664e+00
1.927832768958669840e+00
2.319658444414361309e+00
3.669379872444590518e+00
4.117790053563560981e+00
1.528578994584305573e+00
1.918647135869789189e+00
1.366900095066645227e+00
2.536706711717602047e+01
2.347423182790669749e+00
3.248044725391816989e+00
6.660119451130102952e+00
8.970623705017237270e+00
1.142194869077934438e+00
3.720664460691085473e+00
4.435364285109987037e+00
3.881268489252867049e-01
6.923139519500907113e-01
1.818583759054940963e+00
2.153402323847584565e+00
3.467190794176348678e+00
1.434716882873031230e+00
2.556434140853107273e+00
7.491565033482024738e+00
3.840056667969479864e+00
6.895330493587745480e+01
1.036629140316680742e+00
5.706707320294675867e+00
1.281790958753515497e+01
2.927388773653479159e+00
4.269508252351673860e+00
3.890912309033006000e+00
2.327551973511300165e+00
1.985680498108144842e+00
1.054911699301597672e+00
5.344552577796570780e+00
1.681730726360827211e+00
2.441925191189014299e+00
1.787856301105664070e+00
1.526462258649862846e+00
1.581500617058326563e+00
9.194242461435151448e-01
1.293722060554575615e+00
1.122445898028792577e+01
4.686620466194405310e+00
1.675825700621045744e+00
4.105440166808737246e+00
1.762366595062394348e+00
1.465159462051118355e+00
1.661068043431266350e+00
4.585114325148689218e+00
5.197917868838730637e-01
1.724138738630202283e+00
1.362497029338778631e+01
1.810636255810664341e+00
9.903866602706704825e+00
2.106114476986221451e+00
1.560469810321848394e+00
2.411181456950666657e+00
4.579821886426844735e-01
3.499359040916999231e+00
4.689631589376439535e+00
2.970748706214796897e+01
1.510472835370949563e+00
5.869783528152427543e+00
2.793339454134923461e+00
2.514624871002702822e+00
3.248986464255595230e+00
4.404886020390259560e+00
4.192028949186501485e+00
2.710184964367673199e+00
1.978689023867307162e+00
6.132915389510234405e+00
1.348623295592426219e+00
1.734809683172547423e+01
3.596647292722485734e+00
5.147115625925881233e+00
1.282232296032293384e+00
2.221735967857513216e+01
2.016721539935969254e+00
3.866588901228535491e+00
4.252030562590800145e+00
3.687339565718529499e+00
6.658547994071138731e+00
1.084348353739549964e+01
2.464900532079691953e+00
2.591263644349069306e+00
3.751115269377962580e+00
1.195932834265924782e+00
4.238372290835117795e+00
6.028546074506608399e+00
5.095032137185604881e+00
1.383260733575824020e+01
3.666419027965984512e+00
1.945956554757837464e+00
6.277926962742235162e+00
1.033927188845243261e+00
1.510072610940045523e+00
3.779851030736889772e+00
2.601141669355164332e+00
4.145046003755865627e+00
2.479478948197737509e+00
5.793930878293126696e+00
4.350560353558405424e+00
3.965419555551009889e+00
2.799374312683126309e+00
2.200967541234397196e+00
7.722004769056147744e-01
4.225708123277226669e+00
4.221107768103267155e+00
1.303501523775802085e+00
8.091199127998864427e+00
3.489461920318113197e+00
9.574238305287126494e+00
1.726451713836462121e+00
1.293017570686380147e+01
1.217071534172620773e+01
5.406608196133674049e+00
3.288711731019946960e+00
2.545269926073693956e+00
1.525202014021503905e+00
1.856991889187136868e+00
1.017430507678910967e+00
2.122963425195002696e+00
1.930606721915493429e+00
5.651314777742373341e-01
2.027315136352148439e+00
3.142930999308902518e+00
9.349903258934969541e-01
1.117288660642750564e+01
6.218159158057875446e-01
1.125620438212634689e+01
3.558738569474734881e+00
2.173025253345489904e+00
5.218826861441142384e+00
1.649494078956931986e+01
3.613803810645407122e+00
6.792653041417191950e+00
4.539268093069626531e+00
7.115513189213673151e+00
1.231374127677958619e+00
2.905759168206667464e+00
1.218513147196793689e+01
1.013950915268698871e+01
5.913885823496160654e+00
3.662889078795937170e+00
5.589015218027143739e+00
3.373991517458696521e+00
2.669171709608356480e+00
3.391155182557628045e+00
3.150540137472233493e+00
1.488093293316890442e+00
2.753677074545090253e+00
1.909063451762174290e+00
1.588309845276884902e+00
7.398516954950018487e+00
1.452411249442498331e+00
7.920758589844163478e-01
1.872516479311247872e+00
9.141223206589776495e+00
2.678704590294202159e+00
2.900142323299207181e+00
1.839404896145002466e+00
3.971725782674045746e+00
6.921846116988634279e+00
2.262890454210888524e+00
2.514484871602665539e+00
1.822816812162005862e+00
2.724664473926569741e+00
2.237171814925167368e+00
5.954927924140056561e+00
4.294376037217942255e+00
1.839129428055856774e+00
9.124800335475024227e+00
2.950688113916909217e+00
1.539414515247886861e+00
4.673140887233703467e+00
4.194434116826243120e+00
1.306543136558473650e+00
4.076299078290736233e+00
6.310543402655214962e+00
4.819768894436904816e+00
2.803040141329881774e+00
3.185986177240501149e+00
3.286562980355789421e+00
1.554642457080121609e+00
4.930779259906393541e+00
2.075150478820594113e+00
3.993040081184958012e+00
1.812920449366039932e+01
1.283682238363136818e+01
