6.883733941505774112e-01
1.350425768235884894e+00
5.288062333692979955e+00
1.882215811426947738e+01
1.056993309931988145e+00
1.165276705987838612e+00
1.050281965192714466e+02
7.659965495095079291e+00
2.542490054090285501e+00
1.753394459711427800e+01
1.532010930788763270e+00
1.578004766069265941e+01
9.436349149452862406e+00
3.617551007511308647e+00
8.312650613367281949e+00
2.688973134449073488e+00
1.538213486328986912e+00
1.368874590990610152e+00
6.582498901756046017e+00
2.841082874887331133e+00
6.925681665597717362e+00
2.241855492525373972e+00
2.646193865749886243e+00
1.202305594701635698e+02
5.859761951401724289e+00
6.865315444799199973e+00
1.553013571429159023e-01
2.040761953593816003e+01
1.217791682630551442e+01
1.882398917779742442e+00
8.395463084757355254e-01
2.789019526030057428e+00
2.505565045747086117e+02
4.768086893418517214e+00
1.555150094133629466e+02
3.998931516699766764e+00
2.448312975585108298e+00
1.912853437982766636e+00
1.276175581425227801e+00
1.734546434147566707e+00
2.673684166538758511e+00
7.040381601098715691e+00
7.049358578120516583e+00
2.883347259485450120e+00
1.439318664768788780e+00
4.070512231735460951e+00
8.121043506700587500e+00
1.184908095496166380e+00
1.207323076435996967e+01
2.760842591229990095e+00
1.288045818688751254e+01
5.404360074066826947e+00
3.886057064714334430e+00
8.950282786312984129e+00
2.459145402806936609e+00
1.101046302321344150e+00
6.312622218861407219e+01
1.354759797099122309e+00
3.436384028773039390e+00
1.249713267232226199e+00
2.848069469013638777e+00
1.359101107992344293e+00
1.006149633700187529e+01
5.022135640642623189e-01
2.652595902554180896e+01
6.353424907557294610e+00
7.096970496201192802e+00
4.170459781399245003e+00
1.063653433576709162e+00
2.023003177153575027e+00
3.373970127950650100e-01
1.245790773959303088e+01
5.660233628863632127e+00
8.490039378092150812e+00
1.022382624884010216e+00
2.750054396928327538e+00
3.130944936506968368e+00
3.261358716748504349e+01
4.047435311742958675e+00
1.457842883702821979e+01
7.692641185376462687e+00
8.538593348318466170e+00
7.071936537375786536e+00
4.502921531467900529e+00
8.163437236639147443e+00
5.029665698006951402e+00
7.702652670228705034e+00
1.106409225466818569e+01
5.864500680858020232e-01
3.112694113052004496e+00
9.793535130784571940e-01
6.056155324384196348e+00
8.210815850167497487e+00
5.802577747087973137e+00
1.275411520397467591e+01
2.115221041212206110e+00
1.387931155457160726e+00
3.315152441168851993e+00
1.191544356308325270e+01
2.585024754136893588e+00
2.599800873810996116e+00
1.972665217209613298e+00
2.473790180306574271e+01
1.376943142151183519e+00
2.114349547348766123e+01
3.703330084040357573e+00
1.088341470168547076e+01
3.292616780764922169e+01
1.280521047015237501e+00
2.353528067420664005e+00
9.251114271828623004e+00
1.165072965923435078e+01
1.237444342085615379e+00
1.650821634770068158e+01
1.003954882882561517e+00
1.676830016065341766e+00
4.279083531253559869e+01
1.015407728948333421e+01
1.575161069202247432e+01
2.804321906190621938e+00
2.181568530054740940e+00
6.059236575184241413e-01
1.989773433580599971e+01
6.648857113789304663e+00
7.805864982549084452e+00
3.818797892341803557e+00
4.390407982744473081e+00
4.650586417497097891e+00
1.880395685931653915e+01
4.094928030991472845e+00
2.567058409285195797e+00
1.122498575210183169e+01
9.782768728217908771e-01
6.051032407151111236e+00
1.140140249499525193e+00
5.502511396189546211e+00
2.259415826854500153e+00
2.534840122177774102e+00
3.239789614016803654e+00
1.764109315257512689e+00
1.077960773997241439e+01
3.265997801070222550e+01
6.217801815554995670e+00
1.202964348834930419e+00
1.354858602636219933e+00
1.419428028935310948e+00
5.749251165026153743e+00
2.531814976473501400e+00
3.351501168248848916e+00
1.570088266041781822e+01
6.533219291691094277e+00
1.834450578619133632e+00
2.330294024270551034e+01
4.817588055929316937e+00
1.760798076455729388e+00
1.450556036034770235e+00
4.361668948733780304e+00
3.789731266939604826e+00
6.256005532113884726e+01
2.032471698599670695e+00
1.349044479617548253e+00
2.971493711005817495e+00
6.773747255328959938e+00
4.929192774800750798e-01
1.517071815202190255e+00
5.234178006324311738e+00
1.002274286134794501e+01
6.345030481538723066e+00
3.103803202765560432e+00
1.440141356024210451e+00
2.126957630167193969e+00
5.107199804903613582e+00
3.122748874267779584e+00
4.489465443499019770e+00
1.381899995897251543e+00
1.049204000030308670e+00
1.629305252330292664e+00
3.833807553151223679e+00
4.664028897020693343e+00
5.596124945654914473e-01
5.355653528901693328e+00
8.294124419116062352e-01
1.124611056048645885e+01
4.232348485855760956e+00
5.271210339691684510e+00
1.455628745747189434e+01
1.044694703284739790e+00
9.866299228940940580e+00
7.434118121694916148e+00
3.372506928280606076e+01
2.042637916529138664e+01
2.665705244560202303e+00
4.711130443995772410e+00
2.698457046564522699e+01
1.086561355936158080e+01
6.127343951460374250e+00
3.697387151708351212e+02
1.441095774696297838e+01
4.299985585122700016e+00
1.578940234885586547e+00
2.026858585086150555e+01
4.850704303623756708e+00
6.177645152931636741e-01
7.052258860251808414e+01
7.131480161863239076e+00
4.926545992384590988e+01
3.330444298021097893e+01
3.053787980857163120e+02
3.216257974560595301e+01
4.725630898115751322e+00
4.734339546680159216e+00
1.352723304565175688e+01
6.601345205554527418e+00
2.323390098309987550e+00
1.899102697865217237e+00
1.970661255876295925e+01
7.057393563497907252e+00
1.006614584353027864e+00
2.303914515862480528e+00
2.131971540165595425e+00
5.248770845455013045e+00
5.541640642503749881e+00
4.711033021282268862e+00
9.003790223232160939e-01
5.375497006444019377e+01
1.918865048727392875e+01
3.524569473225032112e+00
4.948025240406273006e+00
1.058158267682839382e+00
1.051800434412802865e+01
1.988095856384076043e+00
2.390979515160212543e+01
4.422915278770100400e+01
7.880487185260833805e-01
8.873064968623445736e+00
4.634298604113018527e+00
2.335756243220310502e+00
7.701574264483203258e+00
1.851352074856343455e+00
5.162612446734940796e+00
7.922902025548888005e+00
1.337032545304545295e+01
8.993385803808962020e-01
2.027744557307215700e+00
1.238949626778034663e+01
1.587632938359744061e+00
3.320584647581700910e+00
3.291102661602550938e+02
1.696694368783087992e+00
2.202630861923258010e+01
1.917641156283210080e+00
7.875812770918354033e+01
1.383080555678085375e+02
1.144269352271563456e+00
3.717921424953876119e+00
2.124827273646019865e+00
2.748274157930687966e+00
9.257348209798030858e-01
3.711197683332615682e+00
1.997776850351544287e+00
3.413615168106999942e+00
9.361574461554825755e-01
2.658347565961184600e+00
2.261782301656168226e+00
1.152410180590453637e+00
1.411516447491371062e+00
5.687283166059277306e+01
4.754628445501611900e+00
1.227143915386468942e+00
2.910496359585328374e+00
2.116687453637725369e+00
3.068563392098460518e+00
5.966668144678766161e+00
3.812635667157385111e+00
4.902310975456805053e-01
2.735052756768441640e+01
4.536378908566199186e+00
1.437027970276677946e+00
9.503814200612026752e+00
2.607006916062327484e+00
1.451243400125590632e+01
4.752007402584239770e+01
8.584332644979186355e+00
7.576064465867898834e-01
4.620399993158831542e+00
2.089364159677615262e+01
6.320570722433576094e+00
3.407671178482298835e-01
3.331284765254605151e-01
7.291619841952908132e+00
3.875124283134934733e-01
9.845213091641516812e+00
2.748507949096019143e+00
5.049357500124832754e+00
4.804223459461716139e+00
2.143735171105733528e+00
9.349219976024823353e+00
1.516629937657519100e+01
1.395693033336872446e+00
2.100961414703939045e+00
1.013486668153386105e+01
3.693077679679069636e+00
1.085116051684080531e+02
2.461945147836869019e+00
7.952972812183821461e+00
1.505076579994844899e+01
6.876531928673896843e+00
9.186014512243914965e+00
8.588955254186894095e+00
3.594893810997253247e+00
5.425390275795782813e-01
1.102672726243789647e+01
6.080856793025210294e+01
3.088373512710178126e+00
2.659126618920630136e+01
2.597316632357404398e+00
8.025332851726441064e+00
2.238951347563330785e+01
8.216094508769404836e-01
1.230597672242451424e+00
1.398403443318096429e+01
1.737230547278744197e+01
1.020754704767138810e+00
8.991591506404230660e-01
2.490590921776011868e+01
1.131091630613123566e+00
3.634276575107496399e+01
5.242976876066270719e+00
5.889913983866722491e-01
1.029547006148406441e+00
2.841295509644552020e+00
3.595097669216872305e+01
2.094977528335757899e+00
1.840409739929840782e+01
1.231717910900238877e+01
1.955144328891551098e+01
2.526459530388744934e+00
3.434048010257620298e+00
1.352196094890281053e+01
8.573428953289692345e+01
1.145859844789534776e+01
4.317400902736173052e+00
2.059148864310165195e+00
2.596544050760986977e+01
8.286543652347456712e-01
3.575679487165965842e+00
1.554154509016831387e+00
1.691839971595943348e+00
1.483549087660991805e+00
1.102846493900937297e+01
7.106055862210542529e+00
1.161572197111963023e+00
5.123474988157621368e+00
3.085079211554301892e+01
2.012302347681489412e+00
1.192439214210337051e+00
1.255265689504883042e+00
9.358138540326012000e-01
7.217457076863888155e+00
2.277883411941247438e+00
2.458326322355963356e+01
6.896497362155457722e+00
9.755926970874253534e-01
3.081640194745610462e+00
3.632820164354630954e+00
9.187930839186991605e+00
1.761422535817153090e+01
1.727443943002162641e+00
1.387218784526934989e+01
7.927954859398747445e+00
9.823314061458253699e-01
1.554476070080428984e+00
6.711721054379018447e+00
2.637242098078251828e+00
3.135522041871883658e+01
4.438739286717787280e+00
4.112780992837643979e+00
1.181812332380435038e+01
5.394856254058286993e+01
5.387342401814942505e+00
5.041087000113082972e+00
1.862369315505365552e+00
8.830708105502734773e-01
2.508923631572599078e+01
7.246934105871551957e-01
8.712296457406566219e+01
9.481704699289092986e-01
2.078100225390433931e+00
6.804771477735641838e+01
9.400998191552536909e+00
1.690501540626271559e+00
1.381353139452979883e+00
5.099053117006548064e+00
6.062229441332770641e+00
5.567824818362962169e+00
2.517326259716506254e+00
2.702450199296248523e-01
1.226246874062776016e+01
8.400985015104538434e-01
9.416915111516235726e+00
4.889362268482374319e+00
1.648918146453851818e+00
2.066596966495519716e+00
2.504055102669383359e+01
2.356270891153159397e+01
1.348086780737614987e+01
1.184943120512900405e+00
4.088133709943476468e+00
1.742449008696092427e+00
3.066409138019870184e+01
6.087601372457271509e+00
9.160743333170142666e-01
1.275958396678432694e+00
4.910420402476520785e+00
1.845313489717743893e+00
3.089742941314560731e+00
1.071419412673807159e+01
3.634983247257354577e+01
2.531813294139545256e+00
6.379317248702714993e-01
7.406289858968929662e-01
1.827281266871807919e+00
7.284028797619513718e+00
1.239199656142727868e+00
2.051772817064578369e+00
3.925830702531164729e+00
5.465743105694702564e-01
1.327034746294981176e+02
1.555322981471931776e+01
1.305755140926939895e+00
4.087223217140601328e+00
3.830069682215000992e-01
4.052513646400008440e+00
1.013939013637783049e+00
8.814586274010714817e+00
2.951219155995418841e+00
2.808522563761420177e+00
1.029709100369897268e+00
1.231914617536503664e+00
2.935874994288194983e+00
5.592715705139137583e+01
3.053375807661943497e+00
1.798157828452748674e+01
9.468295361848219072e-01
6.730989486621276052e-01
2.344591400286095251e+00
1.265585683408549933e+00
1.445437971272003175e+01
1.329294796196339590e+01
1.364306162053435578e+00
1.634098302488288823e+01
4.292267167548962092e+00
6.011216066958581017e+00
7.676517381248761041e+00
1.201338661447698630e+00
1.416177479746828816e+01
1.199893791658936770e+01
4.570957833693871097e-01
4.698474014177300706e-01
5.581659085111351004e+00
2.662948690794223250e+00
2.829244751224958421e+01
2.125826431780702741e+00
4.396647712494386795e+00
1.452474385005054103e+01
4.616818534775556371e-01
4.962734347997086388e+02
2.938634707785269473e+00
1.497236975294826244e+00
1.407730398043663511e+00
6.868187753935727891e+00
1.360546181978273816e+00
7.891922445541179609e-01
1.857417491528264364e+01
1.775389510767062262e+01
1.965458291779626876e+01
1.029598876653998518e+00
3.619829333886940947e+00
1.060651244857035458e+01
2.225374970468914526e+00
5.325825433395623065e+01
3.799799597595690415e+00
1.237222884713778193e+01
7.598575106514966038e+00
1.341576905069396197e+00
5.666787492504579404e+01
1.288731801591997161e+01
6.174298430874357813e+00
1.665192962053321679e+00
1.118029381563367863e+01
1.667885866132655082e+01
6.319889372250714565e+00
1.435201938412300926e+00
4.042597115022669163e-01
9.135680227240346341e+00
8.285038401644989392e+00
7.249042949148494586e+01
2.580823325233563725e+00
9.558074462369898328e+00
1.516819650269607855e+00
