6.254006211342844956e+00
2.384805065707159244e+01
1.701161595441932306e+01
5.632427415453242769e-01
2.537521432966196588e+00
3.941572872298696684e+00
3.116316144920204589e+00
1.731089126811825807e+00
1.393583072291178837e+00
2.899407788520484086e+00
9.428838565181543174e+01
1.162210671183216748e+00
6.499086769254138751e+00
3.867024984719895997e+01
2.550891343045924131e+00
4.192452231377366556e-01
2.300647579961286660e+00
3.450824218646025088e+01
4.156712344729300845e-01
4.977812417005253565e+00
3.369495629901262834e+00
3.807572814207755396e+00
2.046092747586703453e+00
7.469623235838522390e+00
5.499528951653655184e+00
4.180408259947107297e+00
4.200017173534349446e+00
4.911845635945883970e-01
2.324204457940674207e+00
5.082349738249870796e+00
1.394266518974391644e+01
3.596295600643708124e+00
4.483240488953359026e+00
1.143920292161964669e+00
6.265978617189050581e+00
4.785006198089724050e-01
2.199685362428216995e-01
2.114530573834382210e+01
2.960042942604004246e+00
2.559405234092078540e+00
2.492326836794082290e+00
1.167475135764115546e+00
8.921756115755901106e+00
1.756933976818745524e+00
2.591769400994373473e+00
5.693917453369042647e+00
5.723732715576659302e+00
1.592902053176865174e+00
3.587408539519569928e+01
6.042272429299975212e-01
2.889894772636050657e+00
9.324057036864692449e+00
5.790779452510125225e+01
9.827759524648408629e+00
1.665511487968837745e+00
9.441440020756697749e+00
1.604466039137936839e+00
3.404643028260274207e+00
7.702120779444739940e-01
8.846465023063091460e-01
1.100071683756403118e+01
2.806497711560828279e+00
7.107431693317278310e+00
4.407304635876479892e+01
7.603310358241652800e+00
1.312021272350242684e+00
8.617841907854923988e+00
5.252343527968099224e+00
2.485200687573903444e+00
6.855932708907865880e-01
3.344471638162156424e+00
1.263076287240024298e+00
1.125912081481968841e+02
5.310058407025223914e+00
9.031055707590970982e+00
9.849215313893336932e-01
2.169512549943377522e+01
3.371742543136512005e+00
1.282610595665323494e+01
4.644534785323050841e+01
5.249316444838674656e+00
4.263699467509497687e+00
1.016557176293799891e+01
1.454374780929219790e+00
1.856970774630283572e+01
3.368326959002617027e+00
2.554242471461688879e+01
2.021691133082383907e+00
1.654295507484435035e+01
1.247896283286837971e+01
3.030588222335978088e+01
3.543829332147396816e+00
2.706367035856426906e+00
9.758244915901142846e+00
8.242973080957055387e+00
5.535983065146943716e+00
5.941480507941488298e+00
2.882088591381506859e+00
8.352420051661852085e+00
3.256295163296328177e+00
5.675831290729925094e+00
7.883613931807271769e-01
3.883434497061752477e+00
5.120032472116583300e+00
1.149045515115199656e+01
1.237223445529791688e+00
9.092681181881587804e-01
2.350394165463872476e+00
1.344514537874579219e+02
1.219337953147825857e+02
3.500042417479912960e+00
1.472052010940060329e+00
1.306881552356685461e+00
8.370092102675396006e+01
1.312422252920545818e+00
2.260958060330800823e+00
6.094962103326371050e+01
9.945811101950517985e-01
9.003361723594199617e+00
5.813042234907626238e+01
1.882261357305450300e+00
2.863693759931546623e+01
9.395595243137919717e-01
2.316879180245616610e+01
3.199319302632475548e+00
5.034430819335235618e+00
4.096177762371286946e+00
8.365431232200373302e+01
3.986041154785436191e+00
2.043639671627498711e+00
6.335214267210794503e+00
9.033696932075411246e-01
1.043498540246349116e+01
4.001079168115608375e+00
5.378706932973010169e+01
1.931580832851948148e+00
2.132777001847591691e+01
5.751810916962737608e+00
2.220707211935433634e+00
6.497514076242860703e+00
4.828674491652523493e+00
6.821518349285273786e-01
8.908368828327768441e+00
3.520730874193219950e+00
1.689706693373950186e+00
3.600600814026658103e+00
3.264158903312747384e+01
1.652958718170456587e+00
6.885895639600654761e+01
1.896742991842165438e+00
2.672004965531748155e+00
1.557945605251154442e+00
1.091385221200071420e+00
1.856663164630111940e+00
7.427005634105536380e+00
5.061593749378901386e+00
7.347748726699661059e-01
6.303359217672021941e+01
6.650030869585251692e-01
1.262162555868784564e+00
1.245690804570090293e+00
7.496529934486362290e-01
6.160989491948677177e+00
8.102955631111536050e+00
7.109627097968750142e+00
2.205496276121600019e+01
2.714627535754396970e+00
4.040063985008992553e+00
1.281862591451195854e+01
7.877169722348852376e-01
1.655789945722544942e+01
1.840965704094593258e+00
9.220589206782923597e+00
9.354218915558736303e-01
1.627123062195909853e+01
1.683824537244147379e+01
2.779085933819339260e+01
3.188425482369260155e+00
2.335429947883298141e+01
6.500723374097482576e+00
2.066243212918353933e+01
4.376986598023200337e+00
2.814277956586720109e+01
4.002897543425908644e+00
2.840017276905318688e+00
2.228821639277364763e+00
1.220442568398764749e+01
1.830406181788971853e+00
6.041243674561557198e-01
6.206706312141979431e+00
1.593495614150966944e+01
1.153609444633956294e+01
5.923505017311399001e-01
2.660136409771381949e+01
1.072756466380850959e+01
6.443619274265721231e+00
1.605289906458434501e+00
1.963413252485468874e+01
1.861500165481125180e+00
1.772429735273490348e+00
3.529068671645140931e+00
4.433601945976923808e+00
9.102504884965836318e-01
1.046352592410985238e+01
4.568532020216025558e+00
2.711598014160717440e+00
2.427593174513541729e+00
4.020588475851687882e+00
1.368904711316001110e+00
1.381607437905053182e+01
4.105531626256701827e+01
1.493207070401355363e+00
4.496067228577297570e+00
1.073721533272653517e+00
8.880682884158702661e-01
9.344299364895518600e-01
1.182752299139352026e+01
1.104727531727535705e+01
2.802558228163223308e+00
1.133135113885980694e+01
2.071273336012383481e+01
4.481564932147820812e+00
1.997142684784982247e+00
2.055219624481969376e+00
6.256953965177198818e+00
2.076246855442003270e+00
2.376429070260272614e+00
1.395876973813449418e+01
8.861361495296514734e-01
1.644097002137994323e+01
1.561700219877370621e+00
5.924675342193904015e+00
9.685303239292101241e-01
1.110892265987715000e+01
1.046471153243841545e+00
4.373846897254361465e+01
5.403181462906190724e+00
7.306315192656521740e-01
1.280523204570539519e+01
5.243558274580075285e+00
2.012632080291232750e+00
9.387899439916074016e+02
6.459926408520342989e+01
1.398090120319195773e+00
3.835067348464693282e+01
2.440359983353025086e+01
1.210774597619660220e+00
2.614205983714493087e+00
1.141643458724244331e+00
2.296292208868111029e+00
1.243720758288225170e+01
1.596122802776319283e+01
1.161936022311246219e+01
1.403629840732545908e+01
1.301258007138687445e+00
1.897699903117792353e+00
1.398324767773973631e+00
3.615353129315331149e+00
3.781639884715807476e+00
5.547045715231524454e+00
2.865458965234166211e+00
1.418269677363994674e+00
5.248535729602676447e+00
3.393295766698114946e+00
9.102944768906938577e+01
4.442089634982992408e+01
4.556101919222710350e-01
2.497261997007331402e+01
3.823310551177357297e+01
6.205122183478933851e-01
1.198990554294743216e+00
8.810875748457872580e-01
1.702854940108457837e+00
1.463187523890230768e+00
9.974531236751893459e+00
6.225949251907213489e-01
2.590684743271633117e+00
8.054249273455617031e-01
2.318350747285701452e+00
2.583701124698265961e+00
9.882171649253733037e+00
3.826730342060956858e+00
6.932920082386116789e+00
4.496935471276851004e+00
1.054328048222536296e+01
1.271123669493267050e+00
3.321288681278924959e-01
1.793623956622495186e+00
1.103721055319153344e+01
9.383597066989010083e-01
1.939349553842082585e+01
1.231610798650750738e+00
3.211863439153759270e+00
9.584300031725184965e+01
7.126927710493892176e-01
2.928492505671701274e+00
1.852145709852524647e+01
4.120187541703052680e+00
4.221366685223760129e+00
3.875505059544628761e+00
1.892009889887275920e+00
2.227318912705701148e+00
7.694501701667165960e+00
5.984588040800602471e-01
1.750912242373164007e+00
3.623037098857759819e-01
9.427429276714086370e+00
1.804189953467358620e+01
1.325044533636916810e+01
1.019426803521548308e+01
3.224554541056300394e+01
2.905300630328774059e+00
2.194859460756499292e+00
6.591987545744410149e+00
1.258536693892596592e+00
5.123303210763858750e+00
3.315354856750388990e+00
1.545013284993774549e+00
1.501853369009998884e+00
3.179188658334227924e+01
3.711328858871977499e+00
1.723376620482435229e+00
1.130593507222557825e+01
7.075731525821935541e+00
1.753725906912697141e+01
6.672174346901195818e+00
9.128232102228164280e+00
2.049293533471890498e+02
4.840334011303814243e+00
2.233030057289056902e+00
1.892529007131682306e+01
1.219246795861930188e+01
8.215434967416799239e+00
5.490851891424138209e+00
2.438379674757152671e+00
1.602337193875035037e+00
2.477935619633899478e+01
2.901189073971785604e+01
7.001205936063263024e+00
3.093029366862003027e+00
4.969481598128720812e+00
2.864331334178006561e+00
4.213671957142246960e+00
1.422741680754951776e+00
7.442675261448342461e+00
1.546267225887654639e+01
1.666679344892587178e+00
3.079087181957486652e-01
3.520016862403715585e+00
4.053369787490095888e+01
1.495370058311735306e+00
8.118818878894954238e+00
1.564599079879938692e+01
1.343920664362807882e+00
5.228265068857298026e+00
9.468094718721461689e+00
2.269646513601423887e+00
1.379639836141913545e+00
5.959007518307450901e+00
2.859919584739344600e+00
8.605935884670491420e-01
2.047107163233157667e+00
2.406426616235134652e+00
1.325672904051546253e+00
1.266508948804138512e+01
7.916390287474330378e+00
2.159451167447842934e+00
2.742540670743430553e+00
6.543253187942844606e-01
2.985613019650513067e+00
1.433843281109973500e+00
5.746729855561830469e+00
3.692710162106981997e+00
2.305297761448443783e+00
1.725467509311969350e+00
3.342622558848237890e+00
2.359682758169084238e+00
1.004403199971986638e+01
1.138839029570240591e+01
3.321646192565541611e+00
8.005743951993876673e-01
6.410736308948224327e+00
5.987085401105407989e+00
4.710975568565602067e+00
7.755729563440756813e+00
1.718797069146541290e+01
1.847262125531103027e+00
8.347687302977625734e+00
4.621428138054645274e+01
8.725647306695828220e+00
4.526821783219387996e+00
1.916366952474610130e+01
1.547814978006502029e+00
1.692416043189249564e+01
1.500428819391878221e+01
9.489969565875767898e+00
3.497275546845260408e+01
3.200162051111534289e+00
3.768294607603768220e+00
5.895695078823305835e+01
1.608341534078512680e+01
1.154355785464860951e+00
8.474402699739259859e+00
6.709177471164044171e+00
2.392222526951962358e+00
1.740253704864058903e+01
5.605809176099779023e+01
5.178615933605033028e+00
6.177017490024730932e+02
1.140929793281766180e+01
1.038628393641031211e+00
3.450530860745334216e+00
2.241583586856572552e+00
2.745738100155749262e+00
1.117466894953369705e+00
7.630891359283591413e+00
1.316600322799690659e+01
2.774206181728365195e+00
3.016606656224809058e+00
1.444358765403665812e+00
4.973578053452689218e+00
3.271289685872763031e-01
1.940552761430016870e+00
6.234626610152519177e+00
6.941397712493003525e+00
1.107583188574358779e+00
2.353561636358444176e+00
1.388683419675047759e+01
5.086359386360586043e+00
7.447134067144334679e+00
3.527659769354167363e+00
2.992599556342236955e+00
7.597177178339709513e+00
1.529441150521078763e+00
2.769606410577352129e+00
9.872310091326254033e-01
3.778634496984012880e+00
1.017998918907487838e+00
6.599427731269708275e+00
4.582885576165499408e+00
2.394173824362236580e+00
4.248321635779475081e+00
6.336131291581378555e+00
3.370332881141986547e+01
1.487975607501230257e+00
1.389090157283816795e+00
1.911381713193806231e+00
3.471677860302240237e+00
3.707046687258435114e+00
3.923900677618984201e+00
5.436476228668134070e+01
1.610659457526425475e+00
1.327298106197564165e+00
6.601827614328553295e+01
8.337029611014671326e-01
6.541757438960353888e+00
4.500928179212627001e+00
3.364136410461547211e+00
1.561807185182638769e+01
1.844702346718256081e+01
1.733705712700611024e+00
1.091626331032201591e+01
5.942515883127839516e+00
4.221873057835664689e+00
2.010965553868185207e+00
2.459258169704825470e+00
1.533641342628459370e+02
1.688687108535859460e+00
2.680149156901163732e+00
3.031464003917070826e+00
3.360293389166842726e+00
7.777512683452394437e-01
7.470890586701123937e+01
2.331272466703919743e+00
2.907505262733403928e+00
1.574294326789077303e+01
4.581525153201814859e+00
5.774885574599192273e-01
1.574803920282892955e+00
3.896565592105414311e+01
2.431994810271103447e+01
3.471278156240071411e+00
3.501689356412979492e+01
7.711537984083001618e+00
1.465240317843941220e+01
5.531237426999928708e+00
4.465311435458127143e+00
2.571382421797848483e+00
2.675632087534319137e+00
6.769680119436727317e-01
1.314244468449652148e+00
1.093749146674360873e+01
5.828839006399675338e-01
1.767005401456631652e+00
1.972282984702900421e+00
1.864360687728330390e+01
3.443054531352941439e+01
6.598563487184840426e+00
5.200810328593609810e+00
6.527370767248330985e+00
4.527690773070357722e+00
7.294204031076788608e-01
2.736720782341809599e+00
1.272697074505984283e+01
3.871978798633183949e+00
1.683572305277245391e+02
7.252568264430759193e+00
2.420489194536198152e+00
3.894196541167243009e-01
2.737640862006200937e-01
1.215960187124856651e+00
2.105673665904316039e+00
5.943054510009719849e+01
7.544718965224995522e+00
2.035878842146461754e+00
1.417535526141851676e+02
1.648132683734075066e+00
2.966776477626575215e+01
1.083122848650821091e+00
6.116162170370384565e+00
4.243744317023471879e+00
2.140942633010678442e+00
1.306362763992721110e+00
1.534490435056932611e+01
1.433371023460089599e+00
6.919929046501010816e+00
3.610072149685026321e+00
3.450018854815807057e+00
7.428592109900676865e-01
3.926313116306634043e+00
4.497511757340208050e+01
7.480471779575145419e+00
1.278916688721513495e+01
4.270727936521594437e+00
3.923610937292525414e+00
1.515259366696211307e+00
4.262350704021767633e+00
1.247614144252432666e+00
1.231608381307545841e+01
8.788644349937026590e+00
2.706787464804568888e+00
3.628510179176153816e+00
1.020707630250003994e+01
5.842578095672255056e-01
1.376831926069192580e+00
2.764282028523870505e+00
3.822350976535444289e+01
1.449454390339674248e+01
7.848510046192699541e+00
1.098918856668433808e+00
5.706746044121143946e+00
1.603559691880498850e+00
7.657069578835757895e+00
4.291522835258026802e+00
1.317891157270737690e+00
9.885220279706796731e+00
8.304463430581360939e+00
7.083134423663531853e-01
1.554830977581250373e+01
2.072362466047138252e+00
4.711559145822159067e+00
5.307471577780892957e+00
3.192235269553112431e+00
4.254790482346747282e+00
1.010895710520099477e+01
2.313424752243225857e+00
1.969029422640570814e+01
6.751570886382492809e+00
1.323414862290347438e+00
1.746396457151754733e+00
5.811303484788552076e+00
1.708204794249800207e+00
3.869877907909824000e+00
3.883167936139625187e+00
2.208083949067807250e+00
8.327767920540317448e+00
6.374241743703135121e+00
4.241776134211239224e+00
1.088180561618181486e+01
2.409887900273932182e+00
2.014409286177722969e+00
8.586213407411726450e+00
1.760956327681505673e+00
8.965321612909463722e-01
5.347207175540653168e+00
1.091923398129372913e+01
2.516718510889607074e+00
1.494896415331154804e+00
4.798883928151319367e+00
2.842613828285132094e+00
8.659177217029451867e+00
5.281334306323545391e+00
1.594082733164303045e+00
4.880039494719493831e+00
1.653845360245739471e+00
2.743018354356344162e+02
5.029747011491709685e+01
1.198716366921573906e+00
3.218699744590815204e+00
2.680361463433877933e+00
2.983742680264419533e+01
2.292977045871806396e+00
1.406569449373165748e+00
1.479599433393014074e+01
5.575096488872718359e-01
3.632631200948992056e+00
3.916656757898180796e+00
3.857208819610952855e+00
4.631434841941486802e+00
5.781488105408687517e+01
1.169912227672892691e+01
7.099437155361635554e+00
1.113888956406809427e+01
2.099085269498764728e+00
2.668303438331954602e+00
2.328513720015207511e+01
1.043077071320221982e+00
5.554295994830771832e+01
3.692431387570533907e+00
4.657424294937516862e+00
8.847400217607040318e+00
2.966698893801569703e+00
2.841225363767351553e+01
1.215574384806654695e+00
2.601021676261160565e+01
2.361480529820525032e+00
1.187800976573883727e+00
9.859532830533455083e+00
2.197405709382490357e+00
7.844133643258969002e+00
1.125140699234861330e+01
8.571781654369697856e-01
3.537595234102436592e+00
1.661542036809480649e+00
1.201625707479919036e+00
8.144356746568806926e+00
1.793585574000052363e+00
1.959194856981952171e+00
7.267354634108097677e+00
5.834336155235202437e-01
5.144038783771474499e+00
8.973346218449642642e-01
2.659355476770410220e+01
4.161266991517687863e+00
4.436345494556413804e+00
1.570463029572835012e+00
4.466192434066536876e+00
1.900373542768415636e+00
2.691475430537951130e+00
2.965375475511462966e+00
3.067690306914746046e+01
1.184132300046011776e+00
2.211791732697762303e+00
3.310171448287170470e+00
3.953421531083948537e+01
4.982230661506801717e+00
5.633212178803525205e+00
8.387464378576510171e+00
1.886055283766054913e+00
1.172039625693053866e+00
6.166038826488015268e+00
1.248967072540544399e+00
5.405378533337300695e+01
1.844727164085712356e+00
1.709123895531489579e+00
4.954769174335333370e-01
8.521489488497810072e+00
3.432482485284982676e+00
6.175439417606529702e+00
5.134830683635680515e+00
1.272274009610703338e+01
1.242027368760900430e+01
2.495869395815426828e-01
1.034412080055885363e+00
3.857198746860979188e+00
1.796443164333716869e+00
1.222402347204147190e+02
1.352348608613689107e+00
4.785795769136819366e+00
5.854013078474535448e+00
3.100477181708805929e+00
1.220464327263459126e+01
5.678349288088128111e-01
1.229829712529840968e+01
6.134450908537605329e+00
1.279856297601721815e+00
3.503521956144794558e+00
9.191902841233671850e+00
2.529867531425849236e+01
5.909340733273837465e+00
3.026337470850752331e-01
8.338692627072625818e-01
6.281682178929415272e+01
1.603852000966620750e+01
3.935943181805113156e+00
4.888061464616305862e+00
2.974968008590344493e+00
1.003535987167404553e+00
1.180404181778220041e+00
8.709389215233233728e+00
3.103098847883335676e+00
1.752889608910190855e+00
3.129898951834228171e+00
1.578900798388997773e+00
1.991131114992689888e+01
1.518495000156363073e+00
2.974631531754666725e+01
2.203630334146767211e+01
4.763191151462439876e+00
1.483081035615156473e+00
2.824344283737030725e+00
1.135429068009152775e+00
8.511490044131933885e+00
6.597221614616311847e+00
7.565986568195478768e+00
8.925185639344344057e-01
3.926149485791041727e+00
3.044937868007174586e+00
4.475241230388255609e+00
3.387607446458523519e+00
6.572257265622732270e+00
7.385318322729205853e+00
1.752640733175562104e+01
2.146740955718504207e+00
1.870280788338720157e+01
1.685536490216177796e+00
3.280893538862784897e+00
9.390160975938508514e-01
9.977161372845936071e+00
2.334568081113387095e+00
5.863854408329000734e+00
2.459979836684460519e+00
1.733897789773942266e+00
2.206633409249349587e+00
1.429912048225004106e+01
5.838637522440529581e-01
4.887344416242557443e+00
6.968396007514984225e-01
3.426812961021675541e+00
4.867734935718626588e+00
1.141509589741494857e+01
1.305648147934586767e+01
1.915809442063900470e+00
2.017010937282701093e+02
3.846041701994278128e+01
6.502072960483409325e-01
2.817454982355518389e+00
1.564350152502600455e-01
1.715972295630028954e+00
7.452070375153866388e-01
2.138737684110894222e+01
1.931238024525629537e+00
1.636238817970800508e+00
1.036433011434043872e+00
1.537602585515650766e+01
3.284691724131408197e+00
6.345384715473100234e-01
3.922562422786567637e+00
3.154425093936812363e+00
5.383362063541441422e+00
1.605357105911984306e+01
5.323667802573575081e+00
2.228781658219833872e+01
4.305898050608872873e-01
3.116969139063038075e+00
5.636948941190897955e-01
6.882317785271567789e-01
5.410178609781346459e+00
3.236306102376388161e+00
8.678574134509974058e+00
7.512416178222085961e+00
8.351634154169688129e-01
9.307796246098389403e+00
1.271601654573615470e+01
1.758386994576251254e+02
1.811714860294207474e+00
5.961646035867746107e+00
1.637198123062614030e+01
3.733745423824528675e+00
1.461094254678627635e+00
3.256763828849350340e+00
4.150240676935753825e+00
6.091453539937715433e+00
2.739556072283307664e+00
1.164617925969960499e+00
1.403052927263639393e+00
3.084405253643220934e+00
2.678365785400025345e+00
3.067286662307689316e+00
6.806592056518596223e+00
4.153808652753177455e+01
6.109268372807616920e+00
6.533129940307467187e+00
1.265744426816634238e+00
1.501936647334920716e+00
3.374945981675241402e-01
1.166135748367851166e+00
2.520363358679508892e+00
5.593992280266381067e-01
8.504506170047326563e+00
2.503875029368803351e-01
1.093245437122179631e+01
5.055906142150251581e-01
1.410974813107824355e+00
2.551774770094733746e+00
2.980187802319168355e+01
1.381471609313708937e+00
2.874642596489725577e+01
9.607030228831732188e+00
4.066894681290814439e+00
3.060811597310302723e+00
2.857703534410880764e+00
6.619827581530006277e+00
2.268045150113932706e+00
1.199401300996640707e+01
7.813919923592063554e+00
2.790689528867537295e+00
5.373076775369304947e+00
1.036844262199933375e+01
2.763450992862437783e+00
8.958846911357941645e-01
7.174544358759388274e+01
4.622671248373150910e+00
2.770804630406724911e+01
1.985427293647533009e+00
1.829787006161770435e+01
2.224035692597819691e-01
8.834833041743433979e-01
3.272441989576037713e+00
4.505282028983504716e+00
1.729507491294355148e+01
1.269250876683299945e+00
1.301174374902581921e+00
4.021463994523413743e-01
7.602543044922982496e+00
1.222879703102122351e+00
3.136582155859191090e+00
1.606092738919097584e+01
3.373163504671985002e+00
1.862769942811951740e+00
1.615719676228734025e+00
5.797345792630179240e+00
1.122337739264783352e+01
2.633615948825926090e+00
2.189161087035330855e+00
1.125280281844383223e+00
1.946860522568111262e+00
8.901806529644854749e+00
9.308339104714480783e+00
1.160227834365785782e+01
2.148391136863275985e+00
3.058696908122295888e+00
8.334661791142724541e-01
9.918322198641832399e-01
1.027455927832023086e+01
4.635224178383882787e+01
5.737765362978171879e+01
8.375105132731253121e+00
2.985778822854892667e+01
2.130253406569551800e+01
4.197751288273339298e+01
6.754920452272304976e-01
4.069092433993827029e+00
2.219950001062491740e+00
2.454448031332511437e+00
2.029431927856808482e+00
1.371795363873023588e+00
7.248425726550153492e+00
2.020948246061067266e+00
2.763910658976775903e+00
3.330081986432322783e+00
3.154431077746176815e+00
2.907269905312453417e+01
2.027703719195566023e+00
2.834926284282909492e+00
6.209552099508713674e+00
1.821488575369051288e+00
1.598125724119827673e+00
1.135655846805798319e+01
5.651264742163474075e+00
7.826231992341424748e-01
2.906161312968410737e+00
2.791588049883706013e+00
2.813099221545557693e+00
2.425408615464017981e+00
1.348357769113347038e+00
2.281326589009475825e+00
1.115787079432313078e+01
4.526663681142893303e+00
3.290647044793641118e+00
2.525118337794520773e+00
3.323469856094777963e+00
2.199833657489804750e+00
3.021408681635882942e+00
8.623307717117629778e-01
5.572847239745964742e+00
3.736127000204938930e+00
1.375167901255136371e+01
3.313109281992209887e+00
2.179487829351631234e+01
3.605207620124228463e+00
6.606940711875729511e-01
5.917799666790274360e-01
1.035695294608917738e+00
5.844666473601592749e+00
3.426686923218431957e+01
1.637405694596925532e+00
1.150707788039518231e+00
1.524496945710456330e+01
9.003208055366698659e+00
3.969955928619294472e+00
3.353277585719780518e+00
8.934269362035921702e+00
7.724351236702060142e+00
1.023824169605320522e+00
3.005475566886067895e+02
3.939299378225143755e+01
2.310815613091505405e+00
1.215709515992367216e+02
7.227748775840161954e+00
6.775336731601837137e+00
1.942555323546006107e+01
1.026419915205301692e+01
6.889668066405131519e+00
1.090799997720185210e+00
2.011998181153997756e+00
1.100152659178159986e+01
6.652273647098077447e+01
1.564330520162128924e+00
4.558425842304730935e+01
2.768928847923499692e+00
4.720142741941183218e+00
2.111164638541549365e+01
2.597759600096073207e+00
1.368942009010670979e+01
1.674920419456166432e+00
1.061193955906513109e+00
1.124991139384334460e+01
1.467347338223828501e+01
3.380926764784558003e+00
1.012145828114334511e+00
8.751467609314744323e+00
1.305767579766451192e+01
1.172457049212382572e+02
1.901301011394833651e+01
2.944642539760686351e+00
6.587049572625267579e-01
1.913593198276525698e+01
8.290263873053394406e+00
2.166877818357929808e+00
2.653875047136346055e+01
3.687487434334161485e+00
6.294323573836931018e+01
4.519105529339142180e+01
2.706077490061374324e-01
4.676693639379837286e+00
5.240623228373694431e+00
1.171523696613647658e+01
3.777721062398958907e+01
3.408389118608794899e+00
5.541830440144619452e+00
4.300086447663288958e+00
1.100171759378047653e+01
5.740418440552470969e+00
1.228587128610385770e+00
2.483670420558216296e+00
1.465825488752020123e+00
5.584028899681314329e+00
4.654967924768565979e+01
2.917265003205613993e+01
1.591952526153708636e+00
3.013993120249275570e+00
1.506230413627806408e+00
5.320840657036906229e+00
7.262925183640468241e+00
3.368234209890892839e+00
7.117944927358473173e+00
2.510036002271946032e+01
5.723047048302785988e+00
3.985871717777327294e+00
1.219388421162399982e+00
2.147502382085671346e+00
3.458917075174783751e+00
1.231350756426982329e+00
9.809964924626231664e+01
6.385504129926674821e+00
5.292286939685815206e+00
1.482459387088145730e+00
1.357514142201980967e+00
3.924159283737403303e+00
3.572857358877450817e+00
1.060007384013110396e+02
8.954069402513828990e+00
5.401927647026870005e+00
8.924435480921864894e+00
4.017901388452247424e+00
1.522438779953078969e+00
1.217249278016092173e+00
2.183881899306663321e+00
4.496588915955147314e+00
