1.455591320944696454e+00
1.954932877340368247e+00
1.906656770565735570e+00
1.627823412044011375e+00
1.681105656812624582e+00
1.725163987048388137e+00
1.996775277094337664e+00
2.072040785457450518e+00
2.014276418692947157e+00
1.542110983093029297e+00
2.312905028876676816e+00
2.642330520184608122e+00
1.811083768477532274e+00
4.076178970259171308e+00
2.089660683841635169e+00
2.498741348783513949e+00
1.858720169857848381e+00
2.061398158402358405e+00
2.021301889061900781e+00
2.105525712779776626e+00
1.444668167770477574e+00
2.350023170842702847e+00
3.858321516269597851e+00
2.130724307808468776e+00
1.015801064984453772e+00
2.403252842603686545e+00
2.218990223511630333e+00
1.719068574334026156e+00
4.313776224238591084e+00
1.405353861294560414e+00
1.623824179219686581e+00
1.950059496030867479e+00
1.535136683599987117e+00
2.428936733613584309e+00
2.369322264621043672e+00
1.964086554729236322e+00
9.613918159618737302e-01
2.127730192236926499e+00
1.644612099165888575e+00
2.043744502019295695e+00
1.172609510051991322e+00
1.262054473302240076e+00
2.006300930874467703e+00
2.016748208828591071e+00
1.996082119894161400e+00
2.825739815839117597e+00
1.713995677135136786e+00
1.642332983415303094e+00
1.583460110364219409e+00
1.555762228423007931e+00
1.397931682126860808e+00
1.393758274368577021e+00
1.777126227379712819e+00
1.408481038712156685e+00
1.910817878898945610e+00
1.655244287158646577e+00
1.838037351966455235e+00
1.737290671049533053e+00
2.649709374701930020e+00
1.105649284379062181e+00
1.828911501692206842e+00
1.323171620964148865e+00
1.802274955098848830e+00
1.836914845579715294e+00
2.191738778049618919e+00
2.065374545912492366e+00
2.239551955385715054e+00
1.331998769476753663e+00
2.109594273150233956e+00
1.811556733816786169e+00
1.901017154322595770e+00
1.445100456278038070e+00
1.881103835111721523e+00
1.806843375243226912e+00
2.384634308866965924e+00
1.510876776220239526e+00
2.184708965894496480e+00
2.369166774738224124e+00
1.218066713399531986e+00
1.857464700886294340e+00
2.425386064179198886e+00
4.004576345440383101e+00
1.934034153407987677e+00
1.386043162800883799e+00
1.234897271279761233e+00
1.992231010187003326e+00
1.766408604080078826e+00
1.639833310987936388e+00
2.404169391125960953e+00
1.328123683145569167e+00
2.618981743813893814e+00
1.606189432911203641e+00
1.422930511520996477e+00
1.565167516318463292e+00
1.991744113628232116e+00
1.536856438498184652e+00
2.015043854286305613e+00
1.180760401626515632e+00
3.583209994849245739e+00
1.969254367499744918e+00
3.001167031241617877e+00
2.093303161635013510e+00
3.627901884567254154e+00
2.780939132011633230e+00
1.335806130531570268e+00
1.235797746707392175e+00
1.059747082119688377e+00
1.262677254004872296e+00
1.901460697500529262e+00
1.447033551772799687e+00
2.386178717662765347e+00
2.387751103736008407e+00
2.006479493308763740e+00
2.296615613594134686e+00
2.007742828630957543e+00
1.856270438519330712e+00
1.533734617384266308e+00
1.786742338885537018e+00
1.719627535145390684e+00
2.604290976539133329e+00
1.658202933950214231e+00
2.461885323176173035e+00
1.957930330034456379e+00
1.838352726887078070e+00
1.723375277331690603e+00
2.816112219979115761e+00
1.752737199790317835e+00
1.889635384173244059e+00
1.276657758304830192e+00
1.796319605234313999e+00
1.730568592383258775e+00
3.109030101312362238e+00
1.710148353645575270e+00
2.267475360222923619e+00
2.097797858517944203e+00
3.574819232559273807e+00
1.689470937963887698e+00
1.350562080414309918e+00
1.729350356879527206e+00
1.781526674716063852e+00
2.174239697470442767e+00
2.676815620368535598e+00
2.354986347865227536e+00
1.436739589985560839e+00
1.724426419140776101e+00
1.863857094220277899e+00
2.869864442649025627e+00
3.977238865770821974e+00
1.506370274745322924e+00
7.383341255933072445e-01
1.747666249253160498e+00
1.784206053555066784e+00
1.623541702704449419e+00
1.276478623116486633e+00
1.527561068974204739e+00
5.064277246039714520e+00
2.701564057930653018e+00
1.601315879210318149e+00
1.826436850452385574e+00
2.048360994638829702e+00
2.228378011022398741e+00
1.620532182207467420e+00
2.280739323302066968e+00
1.728121956488229749e+00
2.825073660731366232e+00
1.928424124960963715e+00
2.220010932127134851e+00
2.354206967263616335e+00
1.422176860725601122e+00
2.165337389340943997e+00
1.692881393835552695e+00
2.404859735280724387e+00
2.889873191088134785e+00
1.831059985639873933e+00
1.948242616382437342e+00
1.435547834251841737e+00
3.207736804339863301e+00
2.605395295193096317e+00
2.502354309312708303e+00
2.628191168937496602e+00
2.037374129476995144e+00
1.793152331172673586e+00
2.221303528588998599e+00
1.812603119077691449e+00
1.312822732701919071e+00
1.093052238820216848e+00
1.669856100910086294e+00
1.735009894074826198e+00
1.471904633632951986e+00
1.761380505093702364e+00
3.433937529405329148e+00
1.213252074074500975e+00
1.532854645962587137e+00
1.433147720225293131e+00
2.476061823434555276e+00
1.928417477394966939e+00
2.246970838118744762e+00
2.052118644747076726e+00
1.856779184838273089e+00
1.612232267094447780e+00
1.821924265367417251e+00
2.912249923188488410e+00
2.705159484856092700e+00
2.027114072546527535e+00
2.932172081693199761e+00
2.290969135070411333e+00
1.381297881754388834e+00
2.996053578222752645e+00
2.498250408688870827e+00
2.250159138031224693e+00
3.011620248573375402e+00
1.593198545178165837e+00
1.681878574461099340e+00
2.491389326205808441e+00
1.303149247696832491e+00
1.893433058555147319e+00
1.281191590698280702e+00
2.923704525884120553e+00
1.377400130087990782e+00
1.816032199900798005e+00
1.772985967463069468e+00
1.606670845766297928e+00
2.409895818132707035e+00
1.521771607520763459e+00
2.168864235635172832e+00
1.564419108253411350e+00
1.558057866119953339e+00
1.879637297559464848e+00
1.651641390192424730e+00
1.959286004434926509e+00
1.755318296261463518e+00
1.901934134769837303e+00
2.493570519504838323e+00
1.195764631533871247e+00
1.976565084943999073e+00
1.591942311011262268e+00
3.031113435916566790e+00
1.013404336399375438e+00
2.027890237221240621e+00
2.031208720595531148e+00
2.184859454960673020e+00
2.756940483808075992e+00
3.528672700935320705e+00
1.562684760499960746e+00
4.610794711905943366e+00
1.403876410367366656e+00
1.247082978429710609e+00
4.563404509335383885e+00
1.770675208408902579e+00
2.957049774028745581e+00
2.318127220390499676e+00
1.350979154558348494e+00
1.773251322677194874e+00
2.143187041515373092e+00
2.242478590079001854e+00
1.235681532838230900e+00
1.669156016663744468e+00
2.316238071089505191e+00
1.887460807535994434e+00
3.019875671694059793e+00
1.940097156133196776e+00
2.080135153151786209e+00
1.808269416620001735e+00
1.974122857519813090e+00
1.291085361709970014e+00
1.464446598608341032e+00
1.234423079238044618e+00
1.001372460623225269e+00
2.013825643050726644e+00
1.594639158380602995e+00
1.554682395495284863e+00
1.651873079448920922e+00
2.303229705251147674e+00
1.741126081445001361e+00
2.035431233386906680e+00
2.472457682444259230e+00
2.358955751873058837e+00
1.365725523680934250e+00
1.221027841098638156e+00
1.680995709634101276e+00
2.256843132073563574e+00
2.116153880745780480e+00
2.426331236320312446e+00
1.947233466877323682e+00
1.247273428243496740e+00
1.803339770482699000e+00
2.903354796841989049e+00
1.085355780945927107e+00
1.520187525068044332e+00
1.254087494273769643e+00
1.457444277876624783e+00
2.392013071469224705e+00
1.473108462457695778e+00
1.609510597733478710e+00
1.965770456950023171e+00
3.520630423408594556e+00
1.907183035326028397e+00
2.532337673331307215e+00
1.468592753952242091e+00
1.530560981763650297e+00
1.422856746280472651e+00
2.023135474773007925e+00
1.663610223799955268e+00
1.950651401816195785e+00
1.598805373913356309e+00
2.218211581176837921e+00
1.462322776321502094e+00
1.639040796984602810e+00
1.903998054641039550e+00
1.771459099555512173e+00
1.940977779756416721e+00
1.596687031893833542e+00
1.561458303734896358e+00
1.653178625678798808e+00
2.358764219473814983e+00
1.463215513370458964e+00
1.780310533405280005e+00
1.619237240399551192e+00
1.808535312771022641e+00
1.196539590860016489e+00
1.539787337591355110e+00
1.025485112905149432e+00
1.538972227545518212e+00
1.465877169643267974e+00
1.518481791019974603e+00
1.837585088019731305e+00
2.411832519038738631e+00
1.584057072832835145e+00
3.441981657720923682e+00
1.754566902386116567e+00
2.061601449190030966e+00
1.611934747960571901e+00
1.113993358593453387e+00
2.187763455039419380e+00
1.542199384342350044e+00
1.683131775379389516e+00
2.489444766464052439e+00
1.071172431225310140e+00
2.438951339178005995e+00
1.994438613634045065e+00
2.365349567664253971e+00
2.085324222614340250e+00
2.414356512188071235e+00
2.342096387031941784e+00
1.952363858855569845e+00
1.730313784664473165e+00
1.652535716791271980e+00
1.162104753144103331e+00
2.069430570914605916e+00
1.480319486283155239e+00
2.158940732758848569e+00
2.387608813223914161e+00
1.626889250060113756e+00
1.767576243184963092e+00
2.211993065829617411e+00
2.112288992136533761e+00
1.609276250714862133e+00
1.606566766701900351e+00
2.350010275798670278e+00
2.602070158662093124e+00
1.690132724448627943e+00
3.410768760395077592e+00
2.756211900792372216e+00
1.456696646545555307e+00
3.514931944030126765e+00
2.264751099126088629e+00
1.151743143912342004e+00
2.132049414720297520e+00
1.600041306055001389e+00
1.649280597488757660e+00
2.079429688343803484e+00
3.152009299051223401e+00
1.594656585267457904e+00
1.486112815112005103e+00
2.021156094551021631e+00
2.080295286098326812e+00
1.417595401904928387e+00
2.115461843292850919e+00
1.217567087591293618e+00
1.484108908793052350e+00
1.855875863178162888e+00
1.676791965351545288e+00
1.226525879346023862e+00
2.462413121592770260e+00
1.227654455333868189e+00
1.397474715291202596e+00
2.695175419190846355e+00
1.220634443983473982e+00
1.285732149779252875e+00
2.182778152678589656e+00
1.109443592417732827e+00
1.188027342574628165e+00
1.980403740709819393e+00
1.081337735266473921e+00
1.975253984031818622e+00
2.435078174918648752e+00
2.307551564664019672e+00
1.586510622759903955e+00
3.349086408316238384e+00
1.628649094912232087e+00
1.328314926556288134e+00
1.831978431342994540e+00
1.106872023798874949e+00
2.131476695400784660e+00
2.291946826431488837e+00
1.667545993686403882e+00
3.016156357895574569e+00
2.391725464773257315e+00
1.191075110714884921e+00
1.844557911441846443e+00
2.351472780237937599e+00
1.714687027556241139e+00
2.042511277449970297e+00
1.949326691777997445e+00
1.982386713947901002e+00
1.742869438227689027e+00
1.571460712095327672e+00
1.653974077214037441e+00
2.939491717920352798e+00
2.317163694875957081e+00
1.480673113833869348e+00
1.818943633227717349e+00
1.681755267224478212e+00
1.233270581595479198e+00
1.207076513445874744e+00
2.592335648700254680e+00
3.020826337588215171e+00
1.514809236674208970e+00
1.752243038257454089e+00
2.102335230225356622e+00
1.499244429359812836e+00
1.526661236663187982e+00
1.649295432568037345e+00
1.073079909980569235e+00
1.906199806573017907e+00
1.749480395727491144e+00
1.288307339663761208e+00
3.744192512537289463e+00
2.572751591270870275e+00
1.903697303061314239e+00
1.238827572537658739e+00
1.159121348689209352e+00
1.471190768683265926e+00
1.728331972853145659e+00
2.158700618939271898e+00
2.283788651406643666e+00
3.813297617757374081e+00
1.437342825536291446e+00
1.875908503604973188e+00
1.637301315183612882e+00
1.341030607807488506e+00
1.816544570753674481e+00
1.277312503529914212e+00
2.186735503702983419e+00
1.758052150855560658e+00
1.504829901701776329e+00
1.522078881022857821e+00
1.551306276856248223e+00
1.252248387910584793e+00
1.193016368552400452e+00
2.426233243612068602e+00
2.961320055834828935e+00
2.345270715718730248e+00
2.223038620990920755e+00
2.901182546675165064e+00
2.058480669641739258e+00
3.025617765543310966e+00
2.323564383646801623e+00
1.845280837972072208e+00
1.286507970287577018e+00
1.427253409369897419e+00
1.487003574604385037e+00
1.652132159916266607e+00
1.832158313478973621e+00
1.588425812005578974e+00
1.962180883340127302e+00
1.271280253088652223e+00
1.827050275507849264e+00
2.202988064810081248e+00
1.274581450726696596e+00
1.991253337212034014e+00
1.728555801963355787e+00
2.217438605063682289e+00
3.505336188549336818e+00
1.884461323419628576e+00
1.558555301681598060e+00
1.684900174193241007e+00
1.192387484502318795e+00
1.349344438862405848e+00
2.967339415727700214e+00
2.128027734727094167e+00
1.726142204998635910e+00
2.011382709547933523e+00
2.631200754974627021e+00
1.831166880654175211e+00
2.064237229026121945e+00
1.695640827920604332e+00
1.932610889629439610e+00
1.745335942134800034e+00
1.794798968576032161e+00
1.674708417290242224e+00
1.767712845893137263e+00
1.844865425676480486e+00
3.617703153888060630e+00
1.488270171948492315e+00
3.456637072089590479e+00
1.482548247905099315e+00
1.291910348909953488e+00
1.299657342752648326e+00
1.483056781788946621e+00
1.295457636151991165e+00
1.806566255953757416e+00
1.585451858174651285e+00
1.467912919700302909e+00
1.415548335084898968e+00
1.585533904928379645e+00
1.940727333012413292e+00
1.953360927501608169e+00
2.300411736876745827e+00
1.596619405159600547e+00
1.719555227774388628e+00
1.741118270953310843e+00
2.172195352963742110e+00
2.092838352408543212e+00
2.631383294178438970e+00
2.291426604314001914e+00
2.613628134975642947e+00
1.910146743330982888e+00
1.921396881243985000e+00
1.541614827229906393e+00
1.859525385203776970e+00
2.233417580132488478e+00
2.051624620801440813e+00
2.149315208754923212e+00
2.971907037431869458e+00
1.602501008025438711e+00
2.765574931944806636e+00
1.854377667937176621e+00
1.485267370284680588e+00
1.427775896078216533e+00
1.942912219252900918e+00
1.397400924041735326e+00
2.001212310210104039e+00
9.343610694707920050e-01
1.775437601354620476e+00
2.998391042958400643e+00
2.167677681463902495e+00
1.828784030017524431e+00
2.338191086150113396e+00
1.829457699207484689e+00
1.925418933492656359e+00
2.342578995931769548e+00
1.844710288174663759e+00
1.664762661604082927e+00
1.593799963228682337e+00
2.542561291914725796e+00
2.014361761144848106e+00
1.894228525986419331e+00
2.808757460541662532e+00
1.880623057075602844e+00
2.876887301783765949e+00
1.672296559598443810e+00
1.886529761717154141e+00
2.323571495150662081e+00
1.901284735819123162e+00
2.326933312169829460e+00
2.197191968975567011e+00
1.581938392113339864e+00
3.072604658156195878e+00
1.382870713305581756e+00
9.865255113181422564e-01
2.352656039110346597e+00
1.533978574996819333e+00
1.388546207781148123e+00
1.814666726224319016e+00
2.333871647714395703e+00
3.751243536020079539e+00
2.340248881657956748e+00
2.593075122855895032e+00
1.430719779503206723e+00
1.599214842724504315e+00
9.035180733815264542e-01
1.840395060699887786e+00
2.126795464813084902e+00
2.356994358186040639e+00
1.751482823895044394e+00
1.966811568046856529e+00
2.236948368750431015e+00
1.471269295015081635e+00
2.055049131964512998e+00
1.639173578010810539e+00
2.012275989994589231e+00
2.484970039708093381e+00
1.308561748745906250e+00
1.828574899187610514e+00
2.604447454336066059e+00
1.428112828573686155e+00
1.869603263694624706e+00
2.586999494870313665e+00
1.672584197742431833e+00
1.499155349009833271e+00
2.605885778622677229e+00
1.950829475623013343e+00
1.653505501854453996e+00
3.331173477665276383e+00
2.856945047117386505e+00
1.426360323144235887e+00
1.734295124357437379e+00
1.564420085001906768e+00
2.341489591975124629e+00
1.669247444342409459e+00
2.244291329762283738e+00
4.058927954856678788e+00
1.496335061278293299e+00
1.696688982578303806e+00
1.485549458457065874e+00
2.616902928008754348e+00
1.463758045166185351e+00
1.330364018328744624e+00
2.308477458880452193e+00
1.410502477335739302e+00
1.514801364833059827e+00
1.903546968357922031e+00
2.270302665368747252e+00
1.762849630266213996e+00
1.483101906336067533e+00
1.301011439246326118e+00
1.166434136905880159e+00
1.695974413796166091e+00
1.533204283690908332e+00
1.658844934951355876e+00
1.986416589412334233e+00
1.441007531201006664e+00
1.626694664554297454e+00
1.471991606668318742e+00
1.383111520037024977e+00
1.396619974463573000e+00
1.053861436691024833e+00
1.830926681456401806e+00
2.194641838394724598e+00
1.634094430903701101e+00
2.683334474197840436e+00
1.995199823511504045e+00
2.512806881526294500e+00
1.801811904802695263e+00
3.125956970279112568e+00
1.931143819277494567e+00
1.974222387500174980e+00
1.257639092593771046e+00
2.640704239555029531e+00
1.920507903524579119e+00
1.940171700585383574e+00
2.191972725804422595e+00
2.054342787802135195e+00
1.567570802034240485e+00
1.817713016362814127e+00
1.419614039768550162e+00
1.802028271999051467e+00
1.286850246721463531e+00
2.168982338969373647e+00
3.491221266945184087e+00
1.403334285877120502e+00
1.631949964957522425e+00
3.240054001746619061e+00
2.259461710688628777e+00
1.675291667501954240e+00
2.115062257826175518e+00
1.710431094212465863e+00
1.707183379543390611e+00
2.277193218144488718e+00
2.128227325039413476e+00
8.205728786867630964e-01
1.672392972749674467e+00
1.877170853278542495e+00
2.016278317114385654e+00
1.541026514383702972e+00
1.854372764236025040e+00
1.116876593660314443e+00
1.418390467107651487e+00
3.058434671821580686e+00
1.350402164438046837e+00
1.331816592138246325e+00
1.656166175093145787e+00
2.006615032996563741e+00
2.426312120111839388e+00
1.411580563689690537e+00
1.964720081985506406e+00
3.051081134030082076e+00
1.532329402695929543e+00
1.947026695602902979e+00
2.530028372056890795e+00
2.296027711723714670e+00
1.624138670216368485e+00
1.211187286626639770e+00
1.747646324228897319e+00
2.403839337987244917e+00
2.174580919675011881e+00
1.371461778796741582e+00
1.171120968105581861e+00
1.201983719171479725e+00
2.986746352157142237e+00
2.077925902787921331e+00
1.483246041694228801e+00
2.381884382325208716e+00
1.333967631441127510e+00
1.695569685496895573e+00
1.884249798240987372e+00
1.904070029345973136e+00
1.687103253037889106e+00
2.166545057786358530e+00
1.226553522040716881e+00
8.793266575116973627e-01
1.663649419852642586e+00
1.879766909653298512e+00
1.192949097481734499e+00
1.758246612174042545e+00
2.592447401578255928e+00
1.843427351770782652e+00
2.032047984500714666e+00
2.279119260144858217e+00
2.743065426708326981e+00
2.315034309153230829e+00
1.398779439995542218e+00
2.323485431574087823e+00
2.487080539004675739e+00
2.794742350064128633e+00
2.787844837198832249e+00
1.839481752483194787e+00
1.030416985552480291e+00
2.025375097887321729e+00
1.660251108448588697e+00
1.615814106258274263e+00
1.970455030339660629e+00
1.863753411614179623e+00
1.248396433974305664e+00
1.871384480718658816e+00
2.047173954643361160e+00
1.419875573677017666e+00
2.971744641161900180e+00
1.676204740573684182e+00
1.413788473803000434e+00
1.449374985956146000e+00
2.063519870340344564e+00
1.825968459465463045e+00
2.163215381792031877e+00
1.361299432661170039e+00
1.313246504960150496e+00
2.349117975021674187e+00
1.479835559033684689e+00
1.841242858469299915e+00
2.668164419580397073e+00
2.094429750065198714e+00
1.694150280130636066e+00
1.877237263829931058e+00
2.726531745991263023e+00
2.869734699017434831e+00
2.535633664627775730e+00
2.849261620534794925e+00
2.514507775426274794e+00
1.640238353409584571e+00
2.582076773872240327e+00
1.557066894357498787e+00
2.010545617563501253e+00
1.716423732546416447e+00
1.960763714230777444e+00
1.698866091692732505e+00
1.923018125503912046e+00
1.857068601865821122e+00
3.216192602431622305e+00
2.026595964100743608e+00
1.287798525050465770e+00
1.870615435781615821e+00
1.310969997532254405e+00
1.440887043205359097e+00
1.249032208977189695e+00
3.435082027529163806e+00
2.273000287425489319e+00
1.644438693389312700e+00
2.542870355028191476e+00
2.339625397958944752e+00
1.536042721940249267e+00
1.374454462191048609e+00
1.186590283486773867e+00
1.608463236952204278e+00
1.210923432318503412e+00
1.425679899023988728e+00
3.501674868239652127e+00
1.757919775002463769e+00
1.425617847027879304e+00
2.048291579169188026e+00
1.687833104436253562e+00
2.608051206552794099e+00
1.608994643746598507e+00
2.069303350173334888e+00
3.769600441277629610e+00
1.900078387797319079e+00
1.572205300240503867e+00
1.464334531143182128e+00
1.979607092628650866e+00
1.903073458526331363e+00
1.933071736184455158e+00
2.468211170525583142e+00
1.816692124099839045e+00
1.568230178204375047e+00
2.183278522223627505e+00
1.655340678919263286e+00
1.925766255015075812e+00
2.379416375561825614e+00
1.821809111650934510e+00
1.336448898810993935e+00
3.881485886810644992e+00
1.671233866633522247e+00
2.057579247443496850e+00
1.409992394197542298e+00
2.462169758273811127e+00
3.302779470919970706e+00
1.688921650985677703e+00
1.768592580000226011e+00
1.798853295725302504e+00
2.147032976138972593e+00
1.623479116821701540e+00
2.009394208927614223e+00
1.440201545434169228e+00
2.356057426228620688e+00
1.564743407648695683e+00
1.910588113186783898e+00
2.521121250093929511e+00
1.838343529368275275e+00
1.742561669819559178e+00
1.392439978999665096e+00
2.762007922619858391e+00
2.517762322494266680e+00
1.562343730901942562e+00
1.647448831644894085e+00
1.983447261265575357e+00
1.802561471140763816e+00
2.288183966903276634e+00
1.726334163262013499e+00
1.531742145817059031e+00
1.592143843027779004e+00
1.638709990795126581e+00
1.421122966793470388e+00
1.412198605582075217e+00
1.987336260302418278e+00
1.676667996133842431e+00
1.233639274796219931e+00
2.039542413457232861e+00
1.744278747457304490e+00
2.206085621196588686e+00
1.412081872275271710e+00
2.644344857292688200e+00
1.308148056369596191e+00
2.052177558039982586e+00
3.171912142762430609e+00
2.626209781062128990e+00
1.822065490120073239e+00
1.490889011427056543e+00
1.842175716792047169e+00
1.375308573485210406e+00
1.863715195000235525e+00
2.046674320828985039e+00
1.942394758860186643e+00
1.702481719224667955e+00
1.706706677521464544e+00
1.056342849652524007e+00
3.866244416554349694e+00
2.612539497094591212e+00
2.625654818249915312e+00
1.957967723247047820e+00
2.407900738276288255e+00
1.457115955571555377e+00
2.068909946638860298e+00
1.288377815124439829e+00
3.355656361272217669e+00
2.358620535447843558e+00
2.806817348141174673e+00
9.670361885957009518e-01
1.954048337527552803e+00
2.071271611181642047e+00
2.934589865580503609e+00
2.549585399845612166e+00
1.835993994382769667e+00
1.840728978227264001e+00
1.650190065127117967e+00
1.539340835589060763e+00
1.667510992615550025e+00
1.619226157041463443e+00
2.414130661403421918e+00
2.151585393398478097e+00
2.309922860961313162e+00
1.789625239660090239e+00
1.517400206022013753e+00
1.920147625275064662e+00
1.529649722214445617e+00
1.897868939013068301e+00
2.325288995811432002e+00
2.498009020122899049e+00
2.534828549764233330e+00
1.677100514996907821e+00
2.535067165711026416e+00
1.485116186622406964e+00
2.317706900715198248e+00
1.904390285390869186e+00
1.670558619588374372e+00
1.766801095243520914e+00
2.447001354790317773e+00
2.370652415906809640e+00
2.527771472570996547e+00
2.153436291672056857e+00
2.829308465876336776e+00
1.957429301805426514e+00
1.787316311930652324e+00
1.980155149367502032e+00
3.162852149988302219e+00
1.072341762594823944e+00
1.549409697448561163e+00
1.589418190284456855e+00
2.528300627284607138e+00
9.460586136182078665e-01
2.770021561086144057e+00
1.249084505701562930e+00
1.732157232062285113e+00
1.590377884514767137e+00
2.294311983036033009e+00
1.433503596863854535e+00
3.791231408062843755e+00
3.261117142050752538e+00
2.456561002860238929e+00
1.786652060599805747e+00
1.909651086104134698e+00
1.723168680383375895e+00
1.930107569811093216e+00
2.202110285613778196e+00
1.539617277733298817e+00
1.700691744440929742e+00
2.396708295972741265e+00
2.401198452524607951e+00
2.099031464495137111e+00
1.706732918592702042e+00
2.932600486935403428e+00
3.768596731851327153e+00
1.254013993021943607e+00
1.923781450298260198e+00
2.565901538413262184e+00
1.641094357155239436e+00
2.015300992959585979e+00
1.512791189634989930e+00
2.161207056393282588e+00
2.406358964998011718e+00
1.187515048789658412e+00
1.483173516694855198e+00
1.097462730340308168e+00
2.570475855448135949e+00
1.511094625678031544e+00
2.262933894350935393e+00
2.185231497867774930e+00
1.925561159596601346e+00
1.203324557137286366e+00
1.278336438908980188e+00
1.336866113456781857e+00
1.443974091619083300e+00
2.714274203809940111e+00
3.137487927750101768e+00
1.298430293548114234e+00
1.154461435399534164e+00
2.185178701262572076e+00
1.827005615869588206e+00
2.063655457602878940e+00
2.582831766484154912e+00
2.052266349860367267e+00
1.365436920879690152e+00
2.078624920718943780e+00
1.382235336991878505e+00
1.528602538933696575e+00
1.920906593171606502e+00
1.974878370098014591e+00
1.510632384935363337e+00
1.745735628325017386e+00
1.276693927750901514e+00
1.738480780623447686e+00
1.797572595981306698e+00
1.445408193510336226e+00
2.723162594273373927e+00
1.536443794755004921e+00
1.936264054494832187e+00
1.746069206979310229e+00
1.806326575689054748e+00
1.184177722120719034e+00
1.583358733305754606e+00
3.542922139651700775e+00
2.085334618386421202e+00
1.974922064082577089e+00
1.785385561194972492e+00
2.321708886117067383e+00
1.971390054712749862e+00
2.250748381920574470e+00
2.156043810331848665e+00
2.515760938624319376e+00
2.800255445987348324e+00
2.217715553335762646e+00
