2.340606736939371046e+00
1.878806754293606662e+00
1.436389412578204183e+00
1.183405262037104055e+00
1.849689868393567416e+00
2.718616253152317253e+00
1.715810585024605484e+00
1.638701249355655198e+00
2.137032720253482232e+00
1.756087602650650670e+00
1.681063831199739012e+00
1.198858935604207643e+00
1.880853409436018087e+00
1.747326965061453352e+00
1.764624646189429047e+00
1.376651192148871106e+00
1.646163492786419935e+00
2.254798221877625686e+00
2.284082732029926177e+00
2.480537508207273145e+00
2.329789080660467526e+00
2.572448512175757873e+00
2.198642718217985959e+00
1.868713084515898570e+00
1.471931853342311580e+00
1.831217413505412450e+00
1.852254455765048213e+00
1.898194237536815931e+00
1.657025438883496848e+00
1.763209586337820767e+00
1.378378377801335430e+00
1.514113651310722286e+00
1.729712387915387506e+00
1.338144866652535514e+00
2.496944453871742464e+00
1.342424611343259855e+00
2.840750642204752374e+00
1.987679638650710956e+00
1.572284835900593869e+00
2.639546737392833187e+00
3.158215738021216801e+00
1.764304351217817368e+00
2.147579717072352512e+00
2.140000748967418875e+00
1.847232042814181741e+00
1.608130753156977288e+00
1.705985965741380728e+00
1.848937320276506036e+00
1.222418715631389485e+00
4.183666209191202690e+00
3.105911740559725409e+00
1.183551847515807776e+00
1.688932609926448336e+00
1.266132813771063459e+00
1.573297253636385840e+00
1.361172262567773128e+00
3.120287572636720519e+00
2.436993891195109008e+00
2.091299607764504298e+00
1.616917871638865023e+00
1.456824476179056749e+00
2.441040782505267348e+00
2.372522155372940755e+00
1.827605845149919972e+00
2.500275883653096276e+00
1.201869469277197178e+00
1.410485054454160281e+00
2.117484176099790893e+00
1.342330931776879233e+00
1.411957972621308510e+00
1.661468413243308184e+00
1.618887593289386473e+00
1.549513634067505086e+00
1.956485822966834043e+00
1.442139539927023151e+00
1.890253907935246058e+00
1.105733931626165623e+00
2.584068937736294647e+00
2.863775875891076517e+00
1.890101013339357872e+00
1.906747148872554254e+00
1.722740887264721632e+00
2.196673293965062612e+00
1.758389108273783030e+00
2.752041887028953582e+00
1.975911692309826773e+00
2.105099497854797885e+00
1.397585214582240720e+00
2.780991517840031069e+00
1.269107164355869122e+00
2.986784117697897756e+00
1.344130485405362618e+00
1.595642403146542598e+00
1.884958907403287753e+00
9.864162241437913758e-01
1.671802850435291310e+00
1.679737366747993788e+00
2.134508475270481931e+00
1.788384694104966588e+00
2.129230549368621439e+00
1.778804696215797065e+00
1.508546785783823729e+00
1.654229541034215156e+00
1.744290003487358520e+00
1.627579387332169780e+00
1.746698637348707672e+00
1.706510739883276617e+00
1.108014439212861912e+00
1.809515254907644533e+00
1.145490014530603062e+00
1.644862681055753173e+00
2.029465563753302337e+00
2.297452469343211678e+00
2.885460923603318850e+00
3.027711625397893958e+00
1.574179248720850133e+00
2.230158781208102514e+00
9.891260441945147752e-01
1.592749992150931382e+00
1.494696542701568598e+00
1.991683958718906577e+00
2.150419960763483740e+00
1.549988922052228713e+00
1.583665205233485418e+00
1.604234538201749105e+00
1.408152098739422931e+00
1.758094716420318226e+00
2.422388925280363203e+00
1.793812360842820475e+00
1.951327684073624003e+00
2.480367732382326107e+00
2.292039680183218131e+00
1.293636975338664952e+00
1.557992612132163002e+00
1.866719943280826133e+00
1.708715293297998983e+00
1.816927362807106761e+00
2.103125960147924189e+00
1.576981049712546490e+00
1.618130182556159813e+00
2.083018268062389211e+00
1.768178951094022233e+00
1.999347639052353021e+00
1.402523390245340007e+00
1.233684677616912140e+00
2.592902740846019238e+00
1.441021687663437412e+00
9.965114411538129602e-01
1.674867781366421005e+00
1.783931157580249671e+00
1.668776239714369058e+00
1.941711355362244706e+00
2.348860000192546593e+00
2.373050129838187416e+00
1.238076585871841440e+00
2.684759283372045946e+00
1.831308337612810533e+00
1.062090359165246189e+00
2.926015177903026121e+00
2.011929883999562296e+00
1.901494950235675274e+00
2.135961181558209354e+00
1.307192990533321275e+00
1.865106223542416064e+00
1.576042220940071736e+00
2.197158610624756481e+00
1.897115950721682598e+00
1.309263689861187574e+00
2.417246601203721923e+00
1.276583616302537250e+00
2.904639431991842269e+00
2.225813924170660485e+00
1.693267319019667871e+00
1.643485554852474495e+00
1.728647237074660392e+00
1.170456193426444136e+00
1.731259381433096101e+00
2.361810660734194212e+00
3.175403187415635653e+00
1.522670583117674559e+00
1.541171837223865637e+00
1.630261952431185657e+00
2.245001431702585482e+00
1.705736831200639569e+00
1.398919104597695862e+00
4.139041106837936468e+00
1.846948134473710423e+00
2.619887542507200795e+00
1.451466678974221214e+00
1.645614624606385634e+00
1.629103659421531347e+00
1.547439559556518018e+00
2.163034759939352014e+00
2.070095236333308275e+00
2.155563150352564072e+00
1.312028275352055351e+00
1.331997530557003984e+00
1.785333291350719387e+00
2.861799570382586477e+00
2.090756699817242215e+00
1.287122320901134431e+00
1.446001847479954083e+00
1.499756340004662514e+00
1.422044014932954070e+00
1.089982735508144174e+00
1.683860497261166156e+00
1.303517143074046869e+00
1.483743200457133593e+00
2.888786340872817604e+00
1.558661635594647654e+00
2.000029007858103114e+00
1.565949933507342351e+00
1.521593151978711145e+00
1.591794182788497825e+00
3.419806477288888313e+00
1.461218201485548374e+00
2.284559219303543998e+00
2.104865555855881087e+00
2.060532977019865264e+00
2.672158440271920732e+00
1.967570455191994583e+00
1.859430236167376682e+00
1.206399558295510932e+00
2.429998919462619256e+00
1.569616962303809204e+00
1.687581762042828393e+00
1.903858882253700369e+00
1.661284837336421960e+00
2.118251951841546799e+00
1.950050191113905873e+00
1.985502394703810403e+00
1.519251196903031120e+00
1.807724563051930300e+00
3.709094787639507285e+00
3.090367653993717934e+00
3.247658573983545960e+00
1.707019605027382925e+00
1.681966925461787277e+00
1.631359511886073754e+00
1.332714128375271478e+00
1.261098707211542935e+00
2.027285272605295674e+00
1.925378792634585778e+00
2.495999913234227208e+00
1.548941974456838455e+00
1.731084967476899328e+00
2.001986628727826734e+00
2.001233357307538263e+00
1.822042200345356466e+00
1.845444402326836153e+00
1.298499554849643189e+00
2.578846028440805682e+00
2.106484722690372013e+00
1.831446648185762971e+00
2.526742691117471296e+00
1.777792233991651205e+00
1.768383305106001835e+00
2.065873178039904001e+00
1.895168213562567150e+00
2.125330007851363945e+00
1.645109505251048931e+00
1.418331166697441192e+00
1.267227857282655856e+00
1.777585733827944825e+00
2.217560028356917901e+00
1.993417804650215786e+00
1.836633254571133245e+00
1.016549448619192830e+00
2.215244690439187814e+00
1.928604319995768757e+00
1.493873012188099647e+00
2.135726863266598219e+00
1.205901748429421882e+00
2.286003436314046677e+00
1.930407753416498950e+00
1.725610253015381179e+00
1.848195457577887613e+00
2.475983331490116957e+00
2.524922230463492401e+00
1.941133937659184738e+00
1.588858794164023092e+00
1.905083237763759874e+00
1.267351355582565953e+00
9.516822275988399138e-01
1.753978915032770480e+00
1.531058842669301479e+00
2.953694597346004702e+00
1.838838854746459139e+00
2.200663168765619293e+00
1.655350371198699655e+00
2.272677363394192795e+00
1.471513227758610043e+00
1.618635647110975961e+00
1.710504766297541668e+00
1.697239814985736173e+00
1.266577558347166566e+00
1.860156464171298207e+00
1.272704735396824161e+00
1.730123646031263673e+00
2.197970551149982743e+00
2.421886933369201245e+00
1.945347926977440522e+00
1.385218907306206892e+00
1.293163960580949512e+00
2.673566773242540329e+00
1.675604728686698852e+00
1.602234169688815824e+00
1.551087966822066289e+00
2.022008946183443623e+00
2.006637647792425483e+00
1.583171599847185140e+00
2.109817436902467147e+00
1.725461316143865886e+00
1.645666787373878392e+00
1.823027732874006768e+00
2.032775628696144921e+00
1.961318973170179003e+00
1.766935257103051216e+00
1.788263090354216489e+00
1.503131883735478125e+00
1.848177300127694433e+00
1.843304568629202667e+00
1.585834094613129297e+00
1.760000545325979271e+00
1.727766702255558728e+00
1.817528716976934300e+00
1.471792531795098169e+00
1.919428921435081259e+00
1.760362777190740413e+00
2.457017653228001475e+00
1.680999432980578412e+00
1.230818009974862681e+00
1.865500306890412796e+00
2.467598988032510210e+00
1.746348356320352124e+00
1.285433767614282630e+00
2.153305241030616823e+00
1.176135246996726336e+00
1.806101370176882215e+00
1.208935716128649585e+00
1.578929438368700255e+00
3.178011330334614470e+00
2.500059968686695111e+00
1.712538571977506141e+00
1.454902383698892798e+00
1.499153178555036048e+00
2.212491352934393252e+00
1.620403404324895602e+00
1.497822457335237889e+00
2.116687878734293093e+00
1.882355554765537953e+00
2.422700061127780469e+00
1.517343830579111152e+00
1.600743857184212082e+00
1.739869048360212611e+00
2.369591342139794499e+00
1.193245774982180984e+00
1.367510312048506149e+00
2.173119060745741127e+00
1.561872152108378264e+00
2.263896595590598970e+00
1.601996193644371402e+00
1.485059010597615581e+00
3.065781632157124292e+00
1.412330637803725475e+00
2.107497617020142933e+00
1.650095579051836348e+00
1.686137399725057939e+00
1.602704609558149418e+00
1.757109054424569994e+00
2.008601376621914625e+00
1.388025262829635009e+00
1.581467860036706030e+00
2.441356894817080292e+00
2.112334567909446292e+00
2.232985668832454529e+00
2.348793685380597740e+00
2.167556168833600694e+00
2.157429817615473144e+00
2.844730960308334389e+00
2.094003199718402097e+00
2.003357003387191249e+00
3.506116111853946560e+00
2.377946411709845886e+00
2.137593318677196486e+00
2.432907859846346277e+00
2.225102584993126076e+00
1.405748944606185269e+00
1.934781174887447497e+00
2.158355731552683121e+00
1.812219375004400446e+00
1.521233920222119895e+00
1.577559870122791974e+00
1.490133614169128373e+00
2.461814682075110117e+00
1.487756680340120985e+00
2.465696298777174889e+00
1.681735578602042036e+00
1.557839477882772439e+00
2.051678725798551817e+00
1.357812715735430498e+00
1.448213848964439610e+00
1.498961173892611409e+00
1.775970093199127353e+00
2.687129918833024878e+00
2.829550331466539781e+00
1.333463348117665426e+00
2.480930492220617012e+00
1.879774294843124860e+00
2.304857318575418201e+00
1.886057616151605831e+00
1.936317799546652951e+00
1.540763756813738672e+00
1.436961228840908378e+00
1.801639109202441524e+00
3.002246074349428806e+00
1.882467748589246259e+00
2.626355148200569367e+00
1.221500754745017625e+00
1.633590863545534955e+00
1.601999348677154655e+00
2.239311918450475059e+00
1.337996760549414077e+00
2.705611129036682883e+00
3.039978491399067284e+00
1.286037080229079033e+00
9.641527317112456030e-01
2.259077538911391070e+00
1.954631642524975010e+00
1.114026492886547759e+00
1.743510356329572630e+00
3.539328433167306720e+00
3.278375778381501959e+00
3.479969333901526962e+00
1.536877354506123838e+00
9.798050341229138649e-01
2.116631510623483869e+00
2.193602949004104019e+00
1.993049660555315628e+00
1.814251687598443574e+00
1.861374830192085161e+00
2.286868718346548590e+00
2.927212319249483219e+00
1.415057499706694033e+00
1.888871161227647866e+00
1.966454518965733644e+00
2.075187259033118181e+00
2.468040519184507620e+00
1.325133500288992350e+00
2.734581220622120945e+00
2.151990677162664678e+00
1.706983704183600681e+00
1.983270610805520695e+00
1.579066317768214711e+00
1.684874450545935431e+00
1.857113534978955816e+00
2.226711895760278725e+00
1.867240920622145195e+00
1.525194560663536647e+00
1.677081591026808649e+00
3.540347365325048123e+00
1.622386477798212656e+00
1.551355752085186390e+00
1.721039489926866173e+00
1.429869495723106843e+00
1.596246349951957466e+00
1.313622157660417900e+00
2.217074519381045050e+00
1.432405791558138297e+00
1.414108677684099202e+00
2.296252547262036536e+00
1.486120003484536989e+00
1.412774964656668075e+00
1.724011619909008530e+00
1.798982950220773924e+00
1.311682696709380647e+00
2.053827477967454573e+00
2.527790049719015997e+00
1.455836782232217352e+00
1.628030383633468636e+00
2.004152361157151230e+00
1.404421789885806016e+00
1.632657240445298141e+00
2.048652236103308599e+00
1.062834639881318877e+00
1.650212748290506237e+00
2.580529611647448096e+00
1.885954338506242944e+00
1.976171609510268823e+00
1.575884608557052813e+00
1.598303476071364138e+00
1.598107190253333032e+00
1.525053735995141491e+00
1.641396727881175854e+00
2.913164620995750465e+00
1.802430103322109067e+00
2.201683488621906104e+00
1.798722022252805308e+00
1.700555705374707127e+00
1.118123440685767411e+00
2.067438652926683496e+00
2.016629407886559644e+00
1.149270622678508103e+00
1.960738915343079647e+00
2.407717598016144489e+00
1.747507276791033792e+00
2.111483934564429621e+00
1.644534521617488476e+00
1.491547714739182018e+00
1.775186191252717371e+00
1.479695549110739972e+00
1.434858046869266657e+00
1.434814627884559934e+00
2.105175562847612980e+00
1.598393204200119655e+00
1.476628029798855879e+00
2.426092712288251185e+00
2.780512771522368975e+00
2.110079485795560927e+00
1.762359016353720165e+00
1.349410750242733048e+00
1.254801994666324472e+00
1.939730886279929178e+00
1.447414982987020426e+00
1.466897896398989154e+00
2.051128617404560650e+00
2.459173327049636093e+00
1.753400837818765767e+00
2.957645518647097127e+00
1.462872887126433374e+00
3.526396890858684241e+00
1.460371238294995377e+00
1.724773600057472933e+00
1.962994477888099887e+00
1.743272834962787732e+00
1.868084667713452607e+00
2.583683400652314610e+00
1.637038167552914647e+00
1.912639501930789576e+00
2.388811932003952254e+00
1.412419930411225710e+00
1.498886015513104741e+00
1.772255091856928644e+00
1.514503570235693930e+00
1.590798346715280642e+00
1.717476445694483322e+00
1.631369008789867125e+00
1.432373972150737140e+00
1.315055596746461219e+00
1.787351643379585076e+00
1.720041731628744408e+00
3.050869993817463488e+00
1.650114052744404258e+00
1.894907613650435252e+00
1.295001838517729764e+00
1.385136517364273789e+00
2.368420342917858523e+00
1.349419005117278303e+00
2.599480903733254689e+00
1.271460741939949735e+00
3.237284335050083950e+00
1.577058142288697562e+00
1.943627549459967074e+00
1.538142743245837440e+00
2.318477670475817209e+00
2.328728568979889779e+00
1.255687321004549384e+00
1.329433710319327222e+00
1.545093011573486885e+00
1.559511885444632595e+00
1.028724940792444809e+00
3.150029051070907915e+00
1.672525127705444481e+00
1.826631132384811007e+00
1.782733246877520994e+00
1.948911234066530884e+00
2.473305778061355653e+00
1.706578103397921709e+00
2.005299779718698439e+00
1.818014597862538162e+00
1.617625763700380803e+00
2.370240176687406830e+00
1.875356742275247957e+00
1.460701811371683201e+00
1.292304189522738289e+00
2.293131270311990821e+00
1.427636244945817312e+00
1.514661501838441504e+00
1.328171929912118854e+00
3.112538223329218479e+00
2.177405027458119147e+00
1.602731364758115618e+00
1.190038018487087124e+00
2.497015332117724640e+00
2.672929663640982056e+00
2.209287136667302587e+00
1.706434276102383851e+00
1.295166596537166370e+00
1.634332851283204935e+00
2.002192672754288694e+00
1.544814029296767810e+00
1.299985203846807602e+00
2.149765985538361956e+00
1.300972161477164990e+00
1.632954160875881966e+00
1.901359705368631747e+00
2.575579196174968999e+00
1.494479102553772032e+00
1.620312528613223835e+00
1.331519521372751536e+00
1.354405891424148356e+00
1.492101939503405195e+00
2.134283502895291562e+00
2.349514996162142211e+00
2.353239442493752165e+00
3.013261871569156813e+00
1.999804672392639260e+00
2.102513045078422405e+00
1.879969090251141450e+00
1.458394832143956599e+00
1.769867809124513247e+00
1.818596089526826498e+00
1.746658423084169298e+00
2.169873704813634951e+00
1.993000344881848518e+00
1.712185162018864393e+00
1.184791660496258725e+00
1.845559600420471957e+00
1.523853776792381431e+00
1.425985300212786244e+00
1.737534239516394186e+00
1.674361293629406111e+00
1.307518308911330029e+00
2.667727978916791809e+00
2.290926510300325347e+00
2.782786185244237487e+00
1.734658568688448144e+00
1.869281985700134818e+00
1.974953868861650585e+00
2.421994887270896069e+00
3.114894503485799326e+00
2.166803255546341234e+00
1.754877893314086279e+00
1.647552865821208634e+00
1.436146663290567727e+00
2.773014700377261388e+00
1.654453065096791464e+00
1.619552141889400776e+00
1.970184453843411232e+00
1.938558385965888364e+00
2.016240129448789276e+00
2.521349393649132242e+00
2.754929791770983627e+00
1.570698440144133290e+00
1.935908110150851069e+00
3.872049110848690745e+00
1.231993979200490807e+00
2.145003777728775152e+00
2.651938078453466741e+00
2.177473767646026293e+00
2.430385417149238503e+00
1.926976013316039404e+00
9.770014237491838616e-01
2.010977158000406995e+00
2.250841429854041564e+00
1.928660166423774358e+00
1.970621444155092439e+00
1.381927145388284650e+00
1.243020819259962995e+00
1.632220776610201041e+00
1.720345083127642338e+00
2.638591975071924445e+00
2.154797181157921404e+00
1.293244762714600427e+00
2.507658205215506086e+00
1.428768404815063287e+00
1.713111917835953513e+00
2.092715316455409535e+00
2.338458562292694332e+00
1.665509093018655795e+00
2.405872249571765931e+00
1.498119756640571731e+00
1.545929011120843244e+00
1.071363239088832131e+00
1.323459839585391595e+00
2.044327376231640070e+00
1.680214317679082914e+00
1.416130871716401618e+00
1.626073827795958993e+00
1.360045954425940673e+00
1.570687336617579977e+00
1.697405684457687025e+00
1.800320293103132130e+00
2.152670216559668948e+00
1.477057892286450125e+00
1.764903840093072329e+00
1.626529263983053974e+00
1.496970355021739918e+00
2.304218084360046159e+00
1.965189935526614473e+00
2.004549398993166420e+00
2.025100227661589702e+00
2.504368973714608426e+00
1.756699700925282270e+00
2.714248352057255786e+00
1.546887418299746075e+00
1.810938747961437612e+00
2.101612931390495653e+00
3.485516494451392333e+00
1.610684318794162406e+00
2.045976093978473909e+00
1.717833372353593679e+00
1.446866338965772547e+00
2.442891073763615584e+00
1.182300438357707151e+00
2.771217706598649855e+00
2.552773894820226541e+00
1.998280426826323231e+00
2.381748092430312269e+00
2.793763815705626374e+00
2.451528693808307402e+00
1.577164099927461427e+00
1.513415366094042813e+00
1.683413888344884368e+00
2.421260425537669736e+00
2.282434923787499681e+00
1.973468246857138064e+00
1.224259227895781788e+00
1.055962297022948748e+00
1.383555388411565445e+00
1.453000921735329465e+00
2.414858258707406780e+00
1.156284795122518583e+00
1.359766793177457522e+00
2.109051778301435309e+00
1.941433202788403811e+00
1.741158990927971439e+00
1.415905621777392209e+00
1.785275331818164446e+00
2.429655956473305345e+00
1.347801039508611742e+00
2.002477116380664945e+00
1.313707391436184313e+00
1.919008931359917458e+00
3.555106207078437830e+00
1.581039460937783581e+00
2.026155390393375555e+00
2.962601170565608122e+00
1.381345659441184148e+00
2.590278033958420156e+00
2.419816223912159447e+00
1.861291248075670479e+00
1.574943771840057849e+00
1.511379962006722755e+00
1.927245973011325164e+00
2.596443018217234666e+00
1.169181841540467337e+00
3.478420167577014777e+00
2.427798598247737694e+00
2.221180781682671412e+00
1.842622932132723879e+00
1.568486572065209472e+00
1.371061769769943650e+00
1.958575236586918233e+00
2.149371837984366262e+00
1.827514390271294920e+00
1.447977285545964721e+00
2.317941593128108213e+00
1.831061120291377575e+00
1.413918448518716842e+00
1.935532129027135007e+00
1.651759033481594363e+00
3.003632515540587633e+00
2.086764476895355269e+00
1.140698434585115884e+00
1.807883087201962002e+00
1.700899074002782729e+00
1.604433733372159221e+00
2.201976446360506490e+00
1.474017348791911930e+00
1.874624771386033562e+00
1.805602646662794797e+00
1.560269630795172224e+00
2.648550446753043186e+00
1.825944471959540572e+00
1.580543623194744951e+00
1.925662916111531953e+00
1.243116820111702880e+00
1.830802724584313479e+00
1.845999355275823595e+00
2.040311952523295780e+00
1.521594361319117850e+00
2.415369985438681422e+00
1.668132335520057685e+00
1.792119232731496092e+00
2.641148835162972830e+00
1.812868513027452888e+00
1.373795925274005070e+00
1.756316206649646050e+00
2.352357448888694247e+00
2.970581948806477968e+00
1.352321757786441259e+00
1.985146723094984411e+00
1.608431759354747026e+00
1.399738393818739990e+00
2.396217462560836342e+00
2.366278473297821705e+00
3.939624457980704708e+00
1.834919790171014808e+00
1.819897389521294429e+00
1.484971849770510222e+00
1.671121674050392469e+00
1.605078030230753017e+00
1.729012183605619590e+00
2.095620690505606287e+00
1.294965344385204276e+00
1.550588716469652573e+00
1.002047487052613262e+00
2.837488263942898215e+00
2.115755337218844012e+00
1.835430526273966301e+00
1.942158692538854536e+00
1.635494763881000679e+00
1.663509734617871549e+00
1.814082733441028550e+00
1.358065940801673310e+00
1.775801704881152077e+00
1.645571384932784209e+00
2.116533312829083968e+00
1.511532300481134072e+00
2.194089133142015591e+00
3.335627048167974174e+00
2.398839177009679080e+00
1.581777575678791958e+00
1.165460537502575944e+00
2.146910671012675298e+00
1.620649119515744863e+00
1.427683334020013683e+00
2.036152965288564598e+00
1.955950446229708817e+00
1.964522030944590547e+00
2.027769808314997757e+00
1.605796560913248738e+00
1.334369190009214945e+00
1.761767358992776034e+00
2.131417948788358885e+00
1.663960151993008507e+00
2.222449902859760407e+00
1.643915506545553740e+00
2.566720785335865784e+00
1.610512300140440667e+00
1.756719546949739863e+00
1.296106979875614185e+00
1.747267904719151943e+00
2.137733066379794433e+00
1.807662192183616678e+00
1.510495033633693529e+00
2.843019456358833796e+00
1.294803086850688567e+00
1.465339143036056280e+00
1.663014263072846166e+00
1.890479346242617709e+00
1.574436439514702135e+00
2.209380367286895908e+00
1.625739291510245321e+00
1.262530816871954231e+00
1.436902472877916725e+00
1.756782833722588144e+00
2.212867451221021131e+00
2.017449000149583505e+00
1.215216290565694246e+00
2.686149203822653764e+00
1.235741478606612098e+00
2.050669195496131803e+00
2.121041296548600741e+00
1.978443288229463137e+00
1.517006983020260380e+00
1.920634902188822046e+00
1.499665521468600771e+00
3.032216237616404797e+00
1.616062724913951865e+00
1.670109218695706721e+00
1.615933123338500366e+00
1.637454026988611089e+00
1.356761623981437737e+00
1.752516535991213154e+00
1.542433876130601567e+00
1.788895312507101210e+00
1.747754052326899288e+00
1.925935770165802641e+00
2.055434935501220917e+00
1.539411424876426793e+00
2.418914616359027381e+00
1.068870937547982347e+00
1.392487865750002385e+00
1.465094775663275062e+00
1.899137736368271545e+00
2.300998488361506666e+00
1.958157673479754557e+00
2.139707630820568252e+00
1.736167929065579374e+00
1.139934050661741027e+00
2.250529572613011453e+00
1.645172453148372238e+00
1.519220333623454211e+00
1.931068723557526567e+00
1.417410174258781241e+00
1.531689373238319662e+00
1.796700116420200555e+00
1.444721971220077839e+00
1.713407559341852959e+00
1.796061853498157168e+00
1.626328739612979080e+00
2.499749136915277337e+00
1.422472913795179039e+00
1.101862080385527465e+00
1.551112715524523233e+00
1.354722154926433886e+00
2.437086496947327596e+00
2.265711504019135791e+00
1.572689208272330053e+00
2.069033067669112214e+00
1.752047113201876227e+00
1.525604665239658875e+00
1.654429876124513310e+00
1.555910693649782184e+00
1.212797698453657036e+00
2.124537859675466045e+00
1.931994086721935400e+00
1.781091043799769569e+00
1.815337350937289651e+00
1.462838010559985635e+00
1.476779189615996746e+00
2.060754927773100764e+00
2.228303453967911629e+00
1.941390255850735214e+00
1.636998924920135323e+00
1.273392094289058196e+00
1.384925519997025622e+00
2.855947895415042570e+00
1.447464268822781897e+00
1.594183083566418802e+00
1.772654487139446067e+00
1.126544700787150743e+00
1.805007334355189119e+00
2.583192126749766171e+00
2.147819629831410726e+00
3.594321835677053656e+00
2.304686284426038512e+00
2.146752183300877803e+00
1.305755460755722908e+00
2.048531719514606220e+00
2.555386480219853151e+00
1.103756753486305753e+00
2.040063181338964693e+00
1.665697641317326783e+00
1.599983876684690554e+00
1.562943418644444638e+00
1.512757710126927613e+00
1.530253005090501883e+00
2.019440000271042646e+00
1.109201255730809965e+00
1.643894273951720164e+00
1.330182832816646510e+00
2.374564942274930424e+00
1.495030071205172062e+00
1.362093949687952943e+00
1.653200368558503941e+00
1.623830803471389528e+00
1.525596048668389715e+00
1.844262402771665421e+00
1.635095193452766216e+00
1.458845185556312707e+00
1.570827570643748672e+00
2.148159973481134966e+00
1.854504956767370816e+00
2.471900091321476367e+00
2.825206837962126905e+00
2.536583640208368351e+00
1.611916942577635403e+00
1.400138413588367436e+00
1.611805625758499838e+00
1.475201275943863299e+00
2.309719008424012898e+00
2.322572367656008385e+00
1.817356643340465094e+00
1.951648029374151605e+00
2.899860548169271190e+00
1.788264509137274416e+00
1.821243896069450141e+00
1.357109099214644843e+00
1.570156831061678693e+00
1.888890057068915551e+00
1.577247709305780843e+00
1.157785201056277469e+00
1.734233310065407707e+00
2.213388658582982949e+00
1.398957676445244491e+00
2.668933849852303197e+00
2.001151974261874855e+00
