2.707471787668453977e+00
3.183226000036145642e+00
5.256959915471007605e+00
6.755554570782925650e-01
1.077915956194219982e+00
9.969002524324938719e+00
6.826654772420297057e+00
4.101379469329613947e+00
5.075816359772477249e+00
1.305743495344353633e+00
2.282942014966130806e+00
6.145292692286243863e+00
1.872243319570245257e+00
2.226724911848639188e+00
3.926461641440296635e+00
1.462491731648268845e+00
4.754423832449658605e+00
2.906415391852859909e+00
1.220465113018862180e+00
2.460120749358570613e+00
1.484163858904717692e+01
1.237008059414702821e+00
3.407140760285864545e+00
2.486091997813039800e+00
1.075219264391024865e+01
5.700157883087409338e+00
7.835382826693859215e+00
7.920031039257673378e+00
4.526878067257419147e+00
4.556205812433870683e+00
2.429156073418266004e+00
1.494148128282630550e+00
2.668251792138609080e+00
2.144706361942788853e+00
7.491243425387149379e+00
3.150052202506487653e+00
3.834667955980000542e+00
1.712900938475664159e+00
1.872689223857179952e+00
3.737098412221647070e+00
1.552485537670236004e+00
2.047042771134570227e+00
1.162615126255029496e+00
4.344242908264813074e+00
3.545182367353590713e+00
2.672158632928879562e+00
2.658046131416166524e+00
2.747285725532022216e+00
2.552508418460872175e+00
1.729232659282138096e+00
2.032455983171165936e+00
4.436227593640546196e+00
1.874114292866380094e+00
1.958355753705453450e+00
8.216534461750020668e+00
4.207455028124767793e+00
1.792473447676735221e+00
8.964416109492761020e-01
3.664872502362811701e+00
4.964563746649313991e+00
2.253670271787476143e+00
3.342536050686143234e+00
2.626487064143735672e+00
6.515465669668817128e+00
2.655619215983338943e+00
1.502216651341548248e+00
2.549577551404806464e+00
3.329095330495490668e+00
2.573833836855860646e+00
3.346893677275668999e+00
1.603434026211409735e+00
4.284914169871866463e+00
1.833100479843611241e+00
8.285895369686517853e+00
1.203978041459536685e+00
2.447807765271102109e+00
2.784788821789915936e+00
1.740156541063001994e+00
2.030409227037448527e+00
3.307133763213909727e+00
9.364189683576160661e+00
1.891869319012469575e+00
4.125976911280099024e+00
2.444270603468620795e+00
2.330898448774934906e+00
2.611835678347161682e+00
1.789705164965754491e+00
7.158770135097202392e+00
4.647226141709073666e+00
2.143715437529268186e+00
1.015832385828403162e+01
3.084347813185346343e+00
8.107854412714703418e-01
8.479518360192891180e+00
6.845005144127554786e+00
2.144499213610152832e+00
3.028352934785270456e+00
2.345300318505896264e+00
4.752043495451835575e+00
1.834300840052102544e+01
7.155104566954785916e+00
1.428718117500673346e+00
4.146841285244590836e+00
4.028055736126336051e+00
1.801026248847316547e+00
3.100143422018414086e+00
2.071212008195203680e+00
1.615969905217459424e+00
2.363065990483736556e+00
1.370280569517333680e+00
1.140039207424198731e+00
1.538841810694744572e+00
2.351815412408258421e+00
2.104394119625025539e+00
4.168590754519606811e+00
4.003385298524713143e+00
1.848327405365797871e+00
9.878634873840071995e-01
2.413845146641782957e+00
7.318048433460403679e+00
2.341379366166819409e+00
3.836253341918394622e+00
2.564775623956446537e+00
1.194568002024859332e+01
7.769887277529710090e+00
3.387758946759274803e+00
3.435104770448670575e+00
2.492285363026928380e+00
7.994934386421765460e+00
6.671309827241499235e+00
2.783544002165443843e+00
3.809379368097645102e+00
2.640918530927400365e+00
4.531911654202546380e+00
4.895943232329020844e+00
2.758030288993837509e+00
4.416088325371025469e+00
3.691513206062956076e+00
4.422539197951452117e+00
3.850230240886863164e+00
2.369211610786596367e+00
7.308716661352115729e+00
1.685999177083045364e+00
2.760672769163104778e+00
7.129034141780620004e+00
4.664085332468848044e+00
8.404966996497037712e+00
5.063675507636126838e+00
3.794409808033800235e+00
2.961687459021251190e+00
5.717585624087466734e+00
2.410196319278146149e+00
3.338066349183976378e+00
3.597073880807218682e+00
9.599692738736906872e-01
2.598554251217810585e+00
5.399225947739473952e+00
1.834272036248520310e+00
1.193603144458996734e+00
4.945101741284041452e+00
2.625587954716730010e+00
9.826960999929920115e-01
4.910805613987850649e+00
5.393525753598861217e-01
2.098015985014605178e+00
1.438853979539380656e+00
2.409465532647694808e+00
3.701436695592915882e+00
1.047329777678355223e+00
1.899035198474995800e+00
9.331890447097718422e+00
1.429179688100356893e+00
2.814430098079875098e+00
1.028558329651462344e+01
3.862320000169491507e+00
2.513523795196913380e+00
4.054748477987852873e+00
2.164813985731236734e+00
1.574228801192932181e+00
5.451210225684889110e+00
1.225784334958549593e+01
8.054262866803600929e-01
2.492454520334620671e+00
2.248827127993590302e+00
9.744019392128949741e-01
1.880211459566512922e+00
3.816781752558751961e+00
4.624756603926027054e+00
1.315703635275641714e+00
1.312794981958739449e+00
3.440178975200066880e+00
2.089555194303954533e+00
5.587495331590051073e+00
3.985474082768779791e+00
1.072433560801908436e+00
1.268569642972390499e+00
1.015100769925778934e+01
3.149266186964244429e+00
1.194654612291830675e+00
2.282598837417451509e+00
2.398816745266577843e+00
3.296800328878548125e+00
6.645855194475804417e+00
2.387394274873329003e+00
2.510236352611228572e+00
7.352626775653163804e+00
1.258817364233587144e+00
1.260533237261492800e+00
7.517720465220222081e+00
3.231158491081402850e+00
4.914854365887440402e+00
1.332438787010987014e+01
3.246671540512875875e+00
3.220850274482558451e+00
1.923852615206036898e+00
4.606387188708301217e+00
8.256973188572995781e+00
4.904908865066822443e+00
1.207969278507053978e+01
1.358444908423486863e+00
7.657188187167903060e+00
4.529824943264078918e+00
3.215340249232653935e+00
1.569867142339314903e+00
4.887286792545643799e+00
2.183609308833082352e+00
1.657486381619975635e+00
3.245600083390535850e+00
2.338919905404398758e+00
1.498353171631832126e+00
2.524616291672602841e+01
1.801203499406066166e+00
2.581005696693479567e+00
1.922375928362727748e+00
9.979437185140168864e+00
2.599572287152044137e+00
1.666467148716999747e+00
1.058390430973699559e+00
2.287714951221197612e+00
5.220072269795209330e+00
1.350070675975634904e+00
6.077383928946950675e+00
3.457028240422033605e+00
1.157575072269650729e+00
2.797456972167049027e+00
3.324749661465275175e+00
1.778579949685778816e+00
6.385883907054578756e+00
1.138970181326109632e+01
3.843671699814375398e+00
5.965923009644908959e+00
5.028250014237774401e+00
1.426601084188560131e+00
1.650932937378882803e+00
9.440738598058441289e-01
1.509579151169710531e+00
8.237397151491856917e+00
3.260797566202408238e+00
7.760769701200715076e+00
1.002785906738129640e+01
3.384206014660085859e+00
1.056564575402639150e+00
6.218871692329073220e+00
8.337274026386994663e+00
6.677791957089433517e+00
6.527356112518612363e+00
5.538391765618539075e+00
1.086414767938698178e+00
1.705216631876166122e+00
1.837916888104661028e+00
2.154284536030271369e+00
6.191478738920834779e+00
2.784945214142357628e+00
3.082386572958463855e+00
1.772427165044300867e+00
8.945710637768623519e-01
1.582559280440854366e+00
3.760758239887616927e+00
1.321489060316022623e+01
2.506109775100940684e+00
8.309544086611816427e-01
1.509962275151681022e+00
8.295575666720569341e-01
7.840303100686507598e-01
1.986826319580349498e+00
2.858850578781476859e+00
1.181259514333188543e+00
5.060699828789545940e+00
3.975104670134969265e+00
1.617488586874281653e+00
3.070516041176152289e+00
2.422940121923064627e+00
2.494005257492683203e+00
2.146235367915179104e+00
7.963775803454137048e+00
1.910523328098577167e+00
4.207409780994874282e+00
1.595666564612735261e+00
1.654247137157357939e+00
1.119942933394769646e+01
3.602413440176829962e+00
2.149933913034271171e+00
2.755480192056722011e+00
1.533277954973730850e+01
7.958122326952076442e+00
1.472110810651235058e+00
1.562488990236928998e+00
8.088835340956344044e-01
2.355084056628082401e+00
6.113082566481705449e+00
5.410450984372745076e+00
1.108399680112648156e+01
3.152261290254589454e+00
1.305260852465251586e+00
3.731220035627079490e+00
2.538329735095189221e+00
1.767142188009935611e+00
1.744440235640974723e+00
2.006380172949966401e+00
1.021453452576384713e+01
2.143183333267319579e+00
1.558125434558583677e+01
5.140246781794017394e+00
3.133461423876449548e+00
2.816477969004562265e+00
3.390325534483997760e+00
5.470439870800960946e+00
1.148209063496518922e+01
1.518782717848979891e+00
1.908034669614607992e+00
8.959460262814340492e-01
1.376351637011563511e+01
5.235651901723838542e+00
3.533225788977256698e+00
1.994875903965769526e+00
6.346617354617317019e+00
2.138380357785584440e+00
4.536880009120697999e+00
2.555476010020530708e+00
1.077243430661255275e+00
1.559580447431833994e+00
1.817043341778901144e+00
5.906009320591668610e-01
3.894268762811115003e-01
1.902824854615003058e+00
3.144770609406158268e+00
1.749947228544479705e+00
9.515770890473321586e+00
2.146927254085932102e+00
1.431002579851841094e+00
2.018781013295368520e+00
5.681662018972269301e+00
1.278125532945111331e+00
4.316272302313399756e+00
1.162894873992432521e+00
6.475588414686986205e+00
3.212238891849661826e+00
2.655184806755413351e+00
1.384379461557082802e+00
2.396439094344914533e+00
2.717657151341386967e+00
4.433042712978760846e+00
8.684214158189552668e-01
4.041645473271037403e+00
6.218682507770050272e+00
1.910574306014080737e+00
2.220919270352747610e+00
2.218562427508631529e+00
2.673754691042341758e+00
2.699238634658067681e+00
7.292759713376828046e+00
3.651281724158007336e+00
8.800365741686126952e-01
1.407034996053156961e+00
8.968828668456282571e+00
5.789151252699189953e+00
1.595066989367023957e+00
1.936230913150994493e+00
2.141987089036025971e+00
1.549841519525844147e+00
3.009833986152631979e+00
3.026044169239871184e+00
4.311378531230772637e+00
9.006447275332670088e+00
1.847761143564715214e+00
9.703762576347097379e+00
2.373720097289051090e+00
8.369421014370771461e-01
1.600460153056921797e+00
3.221924573618148990e+00
4.856416399718233023e+00
4.061631600816494547e+00
7.943271252668476778e-01
2.953139752876912549e+00
4.357173210844345945e+00
1.487706888967138097e+00
1.778607322337607544e+00
3.961129716454325767e+00
4.106761618816613613e+00
2.601091413999325308e+00
4.615946769298784780e+00
3.495171083219551722e+00
1.853137495142247237e+00
1.515375840990912160e+00
7.917921116905624057e-01
2.433032698036922348e+00
3.967212510172245299e+00
1.111794349639063428e+00
1.666203674569150550e+01
2.983630408976537751e+00
1.244445823733434597e+00
2.870655627408237542e+00
2.114364167371054481e+00
6.692705589697554025e+00
3.315124237951133868e+00
2.055112480862766233e+01
1.527525933776906042e+00
4.827779308603827424e+00
2.614035817558107766e+00
1.201952589172811336e+00
4.562517103225882664e+00
6.530056732642850470e+00
1.570257885137681164e+00
2.603734104868840049e+00
1.564280895517219605e+00
3.181923666108260829e+00
2.674453212002830149e+00
3.371898326691085579e+00
1.813605068408344678e+00
4.340087103416127690e+00
1.606854330588359137e+00
3.977818695507267854e+00
4.505476495285230421e+00
2.127601716404994736e+00
1.522394506952665205e+00
1.157788083842732130e+00
6.780491288216831336e+00
4.834184933108621074e+00
1.238296006336613297e+00
2.529914173296275770e+00
9.696421387920958423e+00
2.026851262888380134e+00
9.280646138694448322e-01
1.534365577459014585e+00
8.113261958952090680e+00
9.652661054899664972e-01
4.829087582216630814e+00
4.027919875825616280e+00
1.194130234581909589e+00
4.539316758430717691e+00
7.834422175618749318e-01
3.738696451354623473e+00
5.020406960793565077e+00
7.355701302219556759e+00
3.663448674811053518e+00
1.424929065095700054e+00
1.128460539561912501e+00
6.196956210377601693e+00
2.340222955740332456e+00
1.185443253001110619e+01
1.395522898711227278e+01
1.357691175844264242e+00
7.444550398043771722e+00
2.321390644851960783e+00
1.704495390865352622e+00
7.279391414222506462e+00
3.479104535851563540e+00
2.156858310646241339e+00
1.516535435666456433e+00
2.294518451957040739e+00
2.154206082117127163e+00
4.812625423842733952e+00
2.174557513548636578e+00
7.314549503692245658e+00
2.175477774696644495e+00
2.981740692945348492e+00
6.474039305775944886e-01
4.165661081336442528e+00
1.821265622789199012e+00
1.422953397991993718e+00
7.341259570748019936e-01
1.384230890386028756e+00
2.061669729836161036e+00
3.624874180906651588e+00
9.477448952132943916e+00
1.700776364620040226e+00
4.781611494110122429e+00
8.585251403068375753e-01
4.246661973350024155e+00
1.251325394518758793e+00
3.379571485834788280e+00
1.281218011851547711e+00
6.320557441928914777e+00
4.883825273941319267e+00
3.758234144179915859e+00
1.766997395066750354e+00
2.148183884336284599e+00
4.478383918028896460e+00
6.433889958863845848e+00
2.661145179079869028e+00
1.345535812315701740e+00
1.296125999374437843e+00
4.113014089619555058e+00
8.299892042194654707e+00
4.625070134726773752e+00
4.087015414521725454e+00
1.264955036531779209e+00
1.448903912347218492e+00
1.260619491150954508e+00
6.004613228369289679e+00
3.968604098098515109e+00
1.352140799755076284e+00
8.931733815690620082e-01
1.265473508165328997e+00
6.904288394539783269e+00
2.103789537393182307e+00
5.579643678051075639e+00
3.929735329653697651e+00
7.590663230569519193e+00
2.754809136146803450e+00
1.644749844633338842e+00
1.433466832845393224e+00
2.474592383153976893e+00
1.568939292690712639e+00
2.261397739656687111e+00
4.810332481280561012e+00
2.415623301212864504e+00
5.713685871201803934e+00
4.310491256457136267e+00
3.103153208796130436e+00
1.942638410132936588e+00
1.221076992502777570e+00
1.575689209244492073e+00
1.480170757627082612e+00
1.701540365694006240e+01
3.437712034382776949e+00
6.264593984187713183e+00
5.112712447730926257e+00
6.725719206198541578e+00
5.846068947464716503e-01
7.370751177572194557e-01
5.215927991885071613e+00
2.316314702976945750e+00
2.319396408175904867e+00
1.483178682269609139e+00
3.429630625311885783e+00
5.915576200298912291e+00
3.698215009527483055e+00
7.991798541233023911e+00
1.450663221012519433e+00
1.734568939907045415e+00
2.412354843519958880e+00
3.171050247133809563e+00
4.239526881057173568e+00
2.779594425149613190e+00
2.466437933667176896e+00
2.235916551548748021e+00
5.723746635279173489e+00
9.900577423498784224e-01
1.346793239802744013e+00
3.597155199204688625e+00
2.076817353698967583e+00
1.960356020207070893e+00
2.022458974829399736e+00
2.876410868497746964e+00
4.012344015280582710e+00
3.034319135602210338e+00
2.353140662571718167e+00
3.504804941345909253e+00
1.611848454933126007e+00
1.673950856791901742e+01
2.254259041048504386e+00
4.432449431453383326e+00
4.621425991111318687e+00
2.850781262167637831e+00
2.518996851095579803e+00
1.103325959540685020e+00
4.259951353636708404e+00
3.592504211376649437e+00
6.931537521303156701e+00
6.817879777462119151e+00
1.037912089043306674e+00
2.398868007432930050e+00
1.041906648684904457e+00
1.107528658437046731e+00
3.228668397747405994e+00
5.227954848499330787e+00
3.823701638252084312e+00
3.111516965395144219e+00
1.098466779339012600e+00
2.859438388683272159e+00
9.209118732415742414e+00
1.913340411102975924e+00
2.650190287251693810e+00
1.005721039774613912e+00
2.547020489249838260e+00
5.176646442353003863e+00
4.987452774631717212e+00
6.424118245062807375e+00
2.384179902782724625e+00
2.051696790264029957e+00
1.099992997036914000e+00
2.077560203372596170e+00
2.582932189829874048e+00
4.968913527847923284e+00
2.088978088797128763e+00
1.130788950723881525e+00
8.793494170151500811e+00
1.839155215340658733e+00
2.683186494588626125e+00
3.707116968312198058e+00
2.189104590812737339e+00
2.250628399398405755e+00
4.592843407443749193e+00
1.519092469602693729e+00
5.496647581785244263e+00
2.684584828686738867e+00
6.204461298967474114e+00
4.923062442002223094e+00
1.306576477728444097e+00
3.252468615976354283e+00
2.082977032229270442e+00
2.458913014442818401e+00
1.368515296595522512e+00
4.436327032912086743e+00
5.629156603304410922e+00
2.786706285351278289e+00
2.802336858503725381e+00
2.709552993588845826e+00
2.485606394971359379e+00
3.966730260949717479e+00
5.357855976982348167e+00
3.987936538613183313e+00
6.970161735547374171e+00
7.689447488722529478e+00
8.849232656302533639e-01
3.639977747798444963e+00
7.838568404374578691e+00
2.439348546591505684e+00
1.151303017390068684e+00
1.078767259448716542e+00
3.311543127450963464e+00
2.794770972377649709e+00
5.996562338201854914e+00
3.248644382215152060e+00
9.217245978959212493e+00
2.352171009821297787e+00
5.040520037044125878e+00
3.363852549031398631e+00
2.237757163429488383e+00
2.077969270854872263e+00
1.686907774916395431e+00
5.241748452902894151e+00
4.723821257647774274e+00
3.760634382476752968e+00
2.612494029660261230e+00
1.125090690432549723e+00
2.243778259130008390e+00
3.764066255153692975e+00
8.314438663000510488e+00
1.001467701845830760e+01
7.057371809272320995e+00
2.426749678760387496e+00
1.925914986015285768e+00
1.957162715950406140e+00
3.116419907794990785e+00
3.909407277255921187e+00
2.735956211134337579e+01
1.311596363062902393e+00
2.184926799801560904e+00
1.646788918668247392e+00
5.153514698593648191e+00
2.282197445765605348e+00
1.660168615989392915e+00
1.337847543912405346e+00
1.355454952962093707e+01
6.281168884608944403e+00
2.138694623680784446e+00
6.383974751614612808e-01
1.201487226323334667e+01
1.756677091951761582e+00
3.900911333861198038e+00
1.008568202447884588e+01
6.234562374435344445e+00
5.756510125740525119e+00
3.344423182049323096e+00
3.363808808662014371e+00
7.067357126684832735e+00
3.716675532002789772e+00
4.301108688591846807e+00
1.201437644727391785e+00
4.909823393748206755e+00
2.242264685031170046e+00
6.537727214552092603e-01
3.431504790514367187e+00
2.752152345887110663e+00
1.133776920700513280e+00
5.062827051354030772e+00
2.198645386232799481e+00
4.887486629510513936e+00
7.148343165559999157e+00
2.535155403929564955e+00
1.750316001862923798e+00
1.072412833517145003e+01
1.379183165355012797e+01
1.942698076358819970e+00
3.395051665453173939e+00
5.425631875298923212e+00
2.036116625337996311e+00
1.349049494106836500e+00
9.806567632882307706e+00
2.374405174422119291e+00
7.108578344721436792e+00
6.269901528583911698e+00
8.247168625763308114e+00
2.796099864664259194e+00
8.692165431626415639e+00
2.991494132585196031e+00
2.311693532547927088e+00
4.777949620583592960e+00
2.380428244762492263e+00
2.972381454711521709e+00
9.979976367195236842e-01
2.543268721230242058e+00
4.361713224523248833e+00
7.957086984870694657e+00
8.480125512106615915e+00
2.969718235227546188e+00
6.699721462009130768e+00
3.583181452565292524e+00
1.346609229498312388e+01
2.296558486415134492e+00
3.824525798171031443e+00
5.581467227334864667e+00
6.671772360354799147e+00
3.616437658338806482e+00
3.015876561569084124e+00
1.936191572693934049e+00
5.302438367618287351e+00
1.807850764577203728e+00
1.424020454032235206e+00
2.469777060328563589e+00
1.101127436252333247e+01
1.539036449378558657e+00
4.977708299115076507e+00
2.091345531900356214e+00
1.337895920273812544e+00
1.953544804960155146e+00
1.633551147545702076e+00
2.676417135749657117e+00
1.519491024182831884e+00
5.808045253339138014e+00
1.106180230083354976e+00
7.508659227405518610e-01
1.012380741045521049e+01
2.936587819977524383e+00
2.287636886772653977e+00
2.563027010384842708e+00
1.366054839389717834e+01
2.134025384284637283e+00
1.549196116779345989e+00
3.195439286582676175e+00
1.838375849915859117e+00
3.601199610830729814e+00
1.141315622713628075e+00
1.974008155661194142e+00
6.678365878754080054e-01
5.185896136670400836e+00
1.110265430731396386e+00
5.759359282526938628e+00
1.775239503510691375e+00
1.159821354468577370e+00
2.034876254595042955e+00
3.706038535716259741e+00
1.874547165773512214e+00
9.877394455164784759e+00
4.128921469642088837e+00
4.202489270385153297e+00
5.296248525993451750e+00
3.680356634584851072e+00
5.145383706067188534e+00
1.695767239682176708e+01
1.749280668452558807e+00
5.000336159932775359e+00
2.565554872846531609e+00
8.616359701824627848e+00
2.069835204065850753e+00
1.495714812938564453e+00
2.518971547188415983e+00
2.700284330504975738e+00
2.522093935349664662e+01
7.449408807573981051e+00
1.088849593623091971e+00
3.300405867430405316e+00
8.856059427403947026e+00
1.305875251014054506e+01
1.833850210489649468e+00
2.934548438690818628e+01
1.966411434257848478e+00
2.631668366558347127e+00
1.090844068000148326e+00
1.543187956741454592e+00
9.389152192160533650e-01
2.285916338977101336e+00
6.033471480578878499e+00
1.864615119259765308e+00
4.047799480094971258e+00
3.660022477922552753e+00
6.430251814125607090e+00
5.067256660124835221e+00
1.454837786134786537e+00
1.313674349976734712e+00
4.119678611507800348e+00
1.070096160671345054e+00
1.917277809376940034e+00
6.240631612091535052e-01
6.865616557675719100e+00
6.628344216729349370e+00
7.686215473258195985e+00
1.900006295762076469e+00
4.000726978016261093e+00
2.825518551406274170e+00
9.981295550055655497e-01
4.353497176470602525e+00
2.309487210687002356e+00
6.427457044015834065e+00
2.923278224305523754e+00
1.226540640794661385e+01
6.072477329550654446e+00
3.807816769947448332e+00
4.453311709222302461e+00
7.854953451110061380e+00
1.337807636188352189e+00
3.695444336898419113e+00
2.853129326776300712e+00
1.717313620357840076e+00
4.259976509116921939e+00
1.839873645963244986e+00
4.689887430633921994e+00
3.524698235031512805e+00
1.619556083352421405e+00
3.027371232051677907e+00
1.881211123051957479e+00
3.185998485188555662e+00
2.509376799292267091e+00
1.328395289431946402e+01
1.642664080658449777e+01
3.128034580797992792e+00
1.417227072681869871e+00
1.754202798444115530e+00
1.156199824310516711e+01
9.445569587027022873e-01
9.883810385447562297e-01
1.208677379077309766e+00
2.172203209938299295e+00
9.006815472751922513e+00
2.184204850478096649e+00
1.722119664053649801e+00
2.784995030658485859e+00
5.212057585086232514e+00
4.957348149943936910e+00
2.867012858240987505e+00
1.324819292951131322e+00
4.030141278929567861e+00
3.213563215973523235e+00
5.894973570412927799e+00
1.252314488386089719e+00
1.450393509218099064e+00
1.666879723562007198e+00
1.693187565138149164e+00
5.761706411577639741e+00
1.698194884638331681e+00
2.636919046506472686e+00
2.784359146590418277e+01
5.531837222365771467e+00
2.547769504205236402e+00
4.895907757169499774e+00
3.282863633388869218e+00
5.204340481778383598e+00
7.173271421014383087e+00
1.967452079570329859e+00
1.336699691555070402e+00
4.970898343608914693e+00
3.561737670551540447e+00
5.019118813544863222e+00
2.603725630227931020e+00
1.880420145506752183e+00
7.499080477446086412e+00
1.088525321974588733e+00
1.042770820820855482e+00
3.610814081983243273e+00
6.880316656432825084e+00
1.219280557783334729e+01
1.109049670806859567e+00
7.682531656302345802e+00
3.717849187868101701e+00
1.577464991496202895e+00
7.507107165405758842e+00
1.850186825653574063e+00
1.198530043107833842e+00
2.507244487164557167e+00
2.448003287757628321e+00
7.120890415246206828e+01
1.662137304707127949e+00
4.492157262497006975e+00
2.034353556945221797e+00
4.227584028243145831e+00
3.974977912915502287e+00
3.656216942408824888e+00
1.903322783854553446e+00
7.209557075695771644e+00
2.087978864451419003e+00
1.460646395800007102e+00
2.938661404049703219e+00
5.839225671674797447e+00
1.879268727946176165e+00
1.207090236683263651e+00
9.181690673472531206e-01
1.916752186121748913e+00
2.636787146179960128e+00
2.737509444166390526e+00
5.425832058833139904e+00
6.251119390856088032e+00
1.448882517431705708e+01
5.916062274453437908e+00
2.471265194859633585e+00
2.062193470696334074e+00
1.949126036677174323e+00
3.861593272880724736e+00
6.563881339879816146e+00
2.275200355131091978e+00
1.050813291840748454e+00
8.469460568285889224e+00
3.055337526758751476e+00
2.408472405040056774e+00
2.802637843808753360e+00
1.534501446048653017e+00
7.617954286056302093e-01
1.089999436340519878e+01
4.862991452261987035e+00
5.734644405046342541e+00
1.279175116166904935e+01
3.693205799142147416e+00
4.891273372204870462e+00
1.653059009894750853e+00
3.566901585442731726e+00
3.719448317064081522e+00
8.154986797600418669e+00
4.942098615004668183e+00
5.184383197481893468e+00
3.753193212659170275e+00
3.719439293822068837e+00
3.970729491187246385e+00
3.653864080138874204e+00
2.430816893034267956e+00
9.934345808549989165e-01
2.504725942989909804e+00
4.248442459208944477e+00
5.585932689838021048e+00
2.935401916507982989e+00
9.714794099913362402e+00
3.213668454851072198e+01
7.564523792402201074e+00
9.136874503615226573e+00
3.882718231544673770e+00
4.285571175181002168e+00
2.763705032408206197e+00
1.070151876918664691e+01
1.775154652800615018e+00
1.469183352582138502e+00
2.847101993633770256e+00
1.864713597264248346e+00
4.195350289456100334e+00
2.122893215688820501e+00
6.335292368720788936e+00
2.251022417881863191e+00
1.659638443530822460e+00
1.875996954740642986e+00
2.767658994165070663e+00
4.437665944539107343e+00
2.022298185380343227e+01
1.527745369912777873e+00
2.653774061988751320e+00
7.699330022624741865e-01
3.142640071086052256e+00
1.358549400928793283e+00
4.062148918817522159e+00
3.997024437280053633e+00
1.339410011191826477e+01
4.287056958216288294e+00
2.867212324111476640e+00
3.987189283041488785e+00
2.195572565687230249e+00
1.546263646752292997e+00
9.204595578807381884e-01
1.258263217912207743e+00
4.889477374963145273e+00
1.708009696180309289e+00
1.423464350414685331e+00
1.335701982862082859e+00
