1.391848337405661828e+00
1.628416134847913588e+00
1.515379188248578757e+00
1.037072233515295316e+00
1.890178292695323226e+00
1.315164357957404384e+00
1.600922361985753994e+00
1.451981305008273271e+00
1.541634436276134501e+00
1.292825984670250561e+00
1.530379578434323484e+00
1.576989808379094082e+00
1.376128304721052853e+00
1.130287433447241030e+00
1.502796388064053801e+00
1.480671642926640663e+00
1.434421820935900538e+00
1.643882343104192456e+00
1.274188817041808530e+00
1.510147229094287002e+00
1.477309619453583744e+00
1.217245735061217804e+00
1.525517772022379370e+00
1.709758968032099702e+00
1.552284140904279353e+00
1.062004239256225224e+00
1.554453186036469203e+00
1.654376030348055915e+00
1.411020095356705362e+00
1.387082652187823451e+00
1.522229852837924335e+00
1.413309227708447358e+00
1.315010852215558579e+00
1.170281827703794297e+00
1.421870169155662778e+00
1.645665889320703901e+00
1.465628649879191503e+00
1.335185169203372935e+00
1.304696108510502217e+00
1.454791730769571023e+00
1.286049026494711089e+00
1.424723988861053892e+00
1.375682760633271107e+00
1.658052441304432412e+00
1.510207173163660821e+00
1.702121811565975085e+00
1.476938384683518235e+00
1.631620565268805167e+00
1.698170235937111139e+00
1.426856710274340800e+00
2.639114938095671548e+00
1.362962921150022266e+00
1.449622692752274622e+00
1.651703884467711658e+00
1.358673734977764669e+00
1.687247368765590894e+00
1.365474934042423927e+00
1.363264121523518613e+00
1.633191558289169842e+00
1.596856404264256124e+00
1.531758341218825814e+00
1.329109539355733061e+00
1.418132223159220384e+00
1.359639089961867553e+00
1.814073219906530587e+00
1.397393795527736904e+00
1.396662448823609015e+00
1.414919090385123424e+00
1.485332044535226270e+00
1.703003046411217802e+00
1.560227134976633678e+00
1.630756885126940059e+00
1.231819782339115488e+00
1.536691065994400196e+00
1.132583921787073233e+00
1.201580729054265273e+00
1.167274962064163590e+00
1.461221582055723278e+00
1.252168539283778026e+00
1.474404925896620977e+00
1.183274381589862978e+00
2.063911245558671670e+00
1.325211832804762402e+00
1.516988157484337352e+00
1.328550170116544304e+00
1.342170253728358853e+00
1.311903114097448642e+00
1.545002159599923486e+00
1.322168257514480860e+00
1.461233136140796418e+00
1.389093836284772010e+00
1.408782222244798321e+00
1.222593709198005252e+00
1.727877433103580884e+00
1.372516675277130505e+00
1.504575474796486789e+00
1.231378732305933754e+00
1.227035376735367667e+00
1.659928332354789315e+00
1.225967434299691572e+00
1.570071774275745735e+00
2.000402140503781290e+00
1.431144576317902040e+00
1.870631196645028194e+00
1.327917937547210325e+00
1.521739400575698564e+00
1.600872102100095340e+00
1.417425886969933213e+00
1.486368411825544911e+00
1.572981118361478359e+00
1.065629733057269490e+00
1.442515378375628154e+00
1.311669552549644679e+00
1.215327629448462288e+00
1.860313124296560039e+00
1.493475999959494205e+00
1.416885004936903281e+00
1.557425295103547436e+00
1.138428604929497379e+00
1.600643952989144525e+00
1.282017456728216320e+00
1.627316032283673275e+00
1.779329250527504680e+00
1.354107226454713375e+00
1.906685618990788811e+00
1.675203616486858893e+00
1.754676807473352085e+00
1.369142898159987576e+00
1.215533525907989798e+00
1.661519791240976263e+00
1.367994009507259578e+00
1.446586827868749703e+00
1.807006552075522743e+00
1.174490749084877272e+00
1.846967450852322390e+00
1.832582503478728642e+00
1.461515883025799045e+00
1.596079806005881618e+00
1.398655470888443997e+00
1.320778985299940311e+00
1.742521604198413510e+00
2.094495469586735936e+00
1.554348597064505677e+00
1.262890699679295459e+00
1.332133255124178461e+00
2.164442516522124826e+00
1.465516528873944901e+00
2.006095559445895571e+00
1.734124468937052521e+00
1.315710461205714887e+00
1.451031730974701617e+00
1.462713046351217905e+00
1.494626829594740913e+00
1.135813878092248430e+00
1.287786257747302265e+00
1.351262694791762087e+00
1.550638646891067562e+00
1.305553411953599863e+00
1.477912095526856096e+00
1.566749782476217101e+00
1.666259475132853662e+00
1.616301775415638575e+00
1.462475774584950372e+00
1.292556517618397516e+00
1.343979900141051509e+00
1.488219111704603748e+00
1.362768318438589921e+00
1.584173600402380755e+00
1.359924184806912351e+00
1.294706671549625154e+00
1.291339105480741711e+00
1.447642753486784395e+00
1.487941841340757021e+00
1.471539908639328376e+00
1.295327351042919961e+00
1.756880807532641864e+00
1.409993141432073438e+00
1.609421591731876378e+00
1.305398593322336653e+00
1.755239466194362663e+00
1.299579553996371484e+00
1.229551883812734170e+00
1.006314283651607466e+00
1.466455328798247804e+00
1.333891580820095069e+00
1.263016058579089496e+00
1.885476774982957959e+00
1.494400951890713758e+00
1.884956997749787977e+00
1.236943439455796767e+00
1.492369371853628390e+00
1.574222470652389072e+00
1.532643481463858537e+00
1.322497844104680187e+00
1.515477016299275670e+00
1.965216482928742847e+00
1.553328907209752030e+00
1.364035941261098506e+00
1.794655633972815689e+00
1.278335984411811399e+00
1.395353435790225527e+00
1.579279432275673134e+00
1.231546115551457543e+00
1.377472213582101590e+00
1.822382517203385399e+00
1.632652268507182036e+00
1.628967547500600466e+00
1.165895774016371345e+00
1.235655869333389223e+00
1.625473891999842602e+00
1.320318138043658385e+00
1.523936838527490956e+00
1.694433870896332461e+00
1.503525353858866875e+00
1.600198013087612336e+00
1.256022808015144765e+00
1.324757073491678039e+00
1.621691645289564665e+00
1.186126330117635241e+00
1.677929202027873101e+00
1.457044202603292815e+00
1.655725326283793208e+00
1.271849030852601370e+00
1.419911832772786209e+00
1.863631990680199690e+00
1.561128170502793511e+00
1.711272274449286757e+00
1.651151712834401097e+00
1.415394630657668129e+00
1.693744367900259729e+00
1.165209401413853207e+00
1.518787912308191990e+00
1.389719294857221898e+00
1.520018068515369247e+00
1.744074400890701648e+00
1.782815433057034271e+00
1.145010937588766042e+00
1.450352711498189340e+00
1.354011967902215563e+00
1.383104956878780101e+00
1.129008972322754989e+00
1.277573103860731418e+00
1.455288352768884463e+00
1.489140792175736250e+00
1.122832316183226098e+00
1.316227856348540115e+00
1.309203163116653412e+00
1.220764954181102091e+00
1.496773486299841194e+00
1.410408996264891135e+00
1.430929885386607481e+00
1.729266733640204112e+00
1.842502947354490939e+00
1.317282878619790099e+00
1.468930917018980153e+00
1.882094459751994853e+00
1.555635996367275231e+00
1.353091500817125148e+00
1.276691798393163157e+00
1.337550003583949598e+00
1.572045089845943266e+00
1.462630161391768047e+00
1.711903780179073964e+00
1.710562756560396469e+00
1.125725335393050974e+00
1.639847231702972863e+00
1.483140256375891086e+00
1.739675501547097269e+00
1.453339756484794965e+00
1.520628919720617533e+00
1.549765140977018341e+00
1.578414810496956644e+00
1.514685200072962479e+00
1.826715040607663321e+00
1.552243803134762956e+00
1.522453095044250748e+00
1.387653785818003138e+00
1.622062065446978618e+00
1.492061602279995070e+00
1.585215653348410969e+00
1.598528555955586850e+00
1.526123955799789211e+00
1.415631946941163344e+00
1.270096754557626495e+00
1.946021644657699667e+00
1.671684923882126306e+00
1.492314866139914153e+00
1.842506865257175441e+00
1.341831482495272843e+00
1.446074462775772229e+00
1.305260807495041586e+00
1.564903528304785851e+00
1.436954473677629185e+00
1.591009740580370257e+00
1.529419278612561994e+00
2.004386885676698871e+00
1.239990949576036172e+00
1.555755244562414319e+00
1.359252664170474079e+00
1.447804796383588277e+00
1.904193623421556181e+00
1.368008548188485829e+00
1.448659929388256051e+00
1.585565125147601284e+00
1.315494901557657359e+00
1.325073168496224252e+00
1.626670768711712567e+00
1.603588109618015789e+00
1.123023677402331444e+00
1.109425302072018615e+00
1.485541818979991602e+00
1.463422208861708151e+00
1.613609233408602295e+00
1.849856435763897355e+00
1.344281678906180222e+00
1.051353544155424924e+00
1.574341025678259509e+00
1.517011123033752851e+00
1.409030061429004332e+00
1.891428517945897170e+00
1.280898189003077947e+00
1.456970556394211691e+00
1.266379459486220327e+00
1.486247544749491611e+00
1.607524605284559316e+00
1.244174640219597228e+00
1.718609829237897291e+00
1.270396041420899458e+00
1.450589158748962104e+00
1.193282460839297343e+00
1.435341783113589509e+00
1.671213618636826936e+00
1.575376917751354799e+00
1.953230504795092637e+00
1.344257749614434116e+00
1.714317297476906976e+00
1.390309407652105422e+00
1.239650399098582767e+00
1.481730685073654685e+00
1.608816593072432966e+00
1.522420108115412285e+00
1.579376534754685313e+00
1.496181986581476719e+00
1.489875568197099431e+00
1.293451043751408402e+00
1.525982522157493859e+00
9.684374190844843300e-01
1.692598796824807739e+00
1.415364049825182491e+00
1.532561054769906006e+00
1.526905280820697097e+00
1.576165040467606637e+00
1.770143498921895375e+00
1.747045943227546028e+00
1.099942658670050033e+00
1.456704712989239425e+00
1.384041055156497446e+00
1.513530531265711021e+00
1.095658768291647434e+00
1.269214935025133606e+00
1.480491445978404430e+00
1.941795011876709331e+00
1.673978141687217036e+00
1.572818992687495143e+00
1.500542213749497478e+00
1.714243105181106008e+00
1.023275674801864321e+00
1.464181349715961478e+00
1.637826955244513050e+00
1.444371363304096656e+00
1.766315044596175277e+00
1.315778416876204115e+00
1.598976682065656796e+00
1.836505929460892084e+00
1.240955594348253754e+00
1.669183389824496988e+00
1.920981708569841295e+00
1.572447097478159250e+00
1.229870967642456625e+00
1.488566365992447071e+00
1.279278761666889253e+00
1.660497404911787545e+00
1.289271488976303504e+00
1.472002435198084047e+00
1.051004753154721527e+00
1.168190655042007364e+00
1.824652318212485191e+00
1.908784070598037896e+00
1.582679160299328869e+00
1.505715532241943322e+00
1.060341663318957295e+00
1.219046005488424678e+00
1.310429994302883427e+00
1.521776630566591404e+00
1.561247566147906385e+00
1.548995148667985822e+00
1.328547849545372861e+00
1.419286776799636440e+00
1.188785383511453908e+00
1.784790062056330839e+00
1.151170868709429307e+00
1.304198137071610919e+00
1.468181356776059099e+00
1.783479297059437751e+00
1.193203133651342895e+00
1.504265886233145721e+00
1.033791550100456647e+00
1.356308877541728020e+00
1.432147775241720211e+00
1.477340595561160042e+00
1.399380343747708810e+00
1.496363265882642679e+00
1.166207620695108638e+00
1.238112032321378564e+00
1.212847050054898901e+00
1.916482476669896462e+00
1.514832064803040224e+00
1.413361660074533344e+00
9.624202897461653361e-01
1.506766385969011468e+00
1.487893980311703501e+00
1.735756148501299112e+00
1.295424332219968111e+00
1.879884623230761775e+00
1.395259398582361143e+00
8.229908770543730157e-01
1.513811452633349042e+00
1.538246154457804105e+00
1.429716769120042974e+00
1.315397590836389741e+00
1.437156446585555969e+00
1.155415090024562774e+00
1.515546635562161626e+00
1.514807652512800473e+00
1.555071780273364235e+00
1.139848404344821375e+00
1.863034559616533636e+00
1.933478870068550126e+00
1.502733407149684064e+00
1.846262599955440509e+00
1.436169544459109160e+00
1.772576674447810863e+00
1.440352806855343060e+00
1.433400112645898394e+00
1.639049105377590410e+00
1.970286141456899065e+00
1.393112668319946845e+00
1.614497779288237345e+00
1.724791549290491277e+00
1.554996062883748476e+00
1.335292456948765860e+00
1.421637825647591891e+00
1.604028342956029141e+00
1.296139925994507003e+00
1.471838630136600656e+00
2.245784468171754700e+00
1.346784461143502698e+00
1.538023854355301090e+00
1.394219916482698718e+00
1.181008364436986424e+00
1.664992009718918142e+00
1.736144164309571636e+00
1.607309665531668319e+00
1.704406282644732817e+00
1.957542680383346667e+00
1.340043596292217254e+00
1.363211236863001163e+00
1.491590414075256721e+00
1.669371365037857879e+00
1.789320318347771943e+00
1.177020755216838577e+00
1.715255802519641604e+00
1.667652159308663506e+00
2.050985846101933685e+00
1.215735081147101937e+00
1.743616538481613132e+00
1.511679926890392878e+00
1.390414711779560886e+00
1.397323876956321209e+00
1.296695632759508943e+00
1.036941512256747799e+00
1.464475641780790927e+00
1.791794818170907799e+00
1.503104539246498117e+00
1.534289322333423966e+00
1.612331660114085130e+00
1.071914219537523083e+00
1.703727103036180024e+00
1.412430460257268594e+00
1.823666722371444893e+00
1.584609103601905877e+00
1.396475597274438707e+00
1.169820157355409895e+00
1.274260618670398859e+00
1.328473750717972468e+00
1.293305392773688167e+00
1.405250513729217721e+00
1.442776267854521954e+00
1.270811826619155482e+00
1.347969584556446110e+00
1.561848606449921961e+00
2.002062551951302893e+00
1.631793295699732305e+00
1.158711508444645766e+00
1.482319732532268119e+00
1.270604354187611973e+00
1.613925508300651623e+00
1.591008264051878340e+00
1.767836722659693605e+00
1.525865732863196156e+00
1.215656289569577719e+00
1.212986105724191299e+00
1.196818045698122557e+00
1.631903444401875181e+00
1.361177539255044922e+00
1.423387547051886637e+00
2.116803781602188739e+00
1.323430048437702178e+00
1.540680186247371353e+00
1.558049864441660715e+00
1.410744027801539291e+00
1.443527419424621927e+00
1.289475417720680861e+00
1.215218747487827322e+00
1.464432051828645998e+00
1.316907098011052879e+00
1.370714517250042119e+00
1.366208554774462458e+00
1.643417811453171673e+00
1.419743990814725354e+00
1.884270971702630249e+00
1.379003382035863368e+00
1.527328574813759943e+00
1.364505373391059706e+00
1.583126858801284564e+00
1.483379375057362504e+00
1.324350557551581042e+00
1.672442705379053152e+00
1.654981379598957414e+00
1.631959707405450599e+00
1.775868163688985257e+00
1.753038802759925296e+00
1.795560710134492144e+00
1.775403093974598612e+00
1.601268291076005434e+00
1.494672460522042057e+00
1.407206517978207394e+00
1.333753520420045913e+00
1.225889182923144194e+00
1.352376064599658756e+00
1.614336492207596674e+00
1.600918107301059212e+00
1.337125144213551664e+00
1.408032898703731384e+00
1.670625394117263518e+00
1.868387721676305180e+00
1.896177095631633946e+00
1.365792146139442220e+00
1.328576856290411667e+00
1.409630760508326031e+00
1.395476623277707606e+00
1.436358780154274983e+00
1.123364854714150818e+00
1.351172836258741849e+00
1.303554406268726762e+00
1.235481776581087043e+00
1.393202551154922419e+00
1.611028574926831158e+00
1.117390181579803965e+00
1.462121586007319562e+00
1.519675780395257192e+00
1.154182552757648805e+00
1.079545685149433831e+00
1.753392480879265802e+00
1.237749080231004939e+00
1.329941807077442917e+00
1.437458778612495491e+00
1.942724558914358912e+00
1.337793314703790593e+00
1.410225027172433698e+00
1.633268229728680687e+00
1.645496946345605060e+00
1.723794398308072795e+00
1.193649864901243030e+00
1.526048821169944780e+00
1.784569542435663125e+00
1.487218240272352832e+00
1.525980669947998525e+00
1.515649844285691605e+00
1.443083553055798385e+00
1.628831125567961946e+00
1.546092309001117160e+00
1.735695334244166554e+00
1.192709249802741178e+00
1.635565458830652297e+00
1.596248081590949219e+00
1.542533986249204458e+00
1.613637935237077103e+00
1.507678509786003707e+00
1.347572973110067407e+00
1.358015936813139479e+00
1.493488654520454872e+00
1.466170725559488908e+00
1.456111847578037244e+00
1.943541889121376709e+00
1.510355146044027430e+00
1.371534650004723854e+00
1.822357989197620043e+00
1.137367786086733723e+00
1.098488758605957516e+00
1.488357815881001134e+00
1.402335905256661963e+00
1.603247721133702175e+00
2.010980559604512941e+00
1.622982895377862445e+00
1.515809404283557482e+00
1.741457058705977223e+00
1.929968857690605111e+00
1.397155354840593944e+00
1.529017131366913418e+00
1.721660118100702297e+00
1.236003167345802956e+00
1.466280280622567878e+00
1.559633539921665646e+00
1.341885541191491837e+00
1.321679469403216789e+00
1.647618082159865383e+00
1.355433571867449505e+00
1.507515494196004502e+00
1.161433392576498358e+00
1.112941841685591848e+00
1.638608599256461407e+00
1.894083749858008980e+00
1.365183022042177452e+00
1.758410163787464064e+00
1.490625562520461411e+00
1.547411325815173599e+00
1.369084589934521423e+00
1.355202024637809144e+00
1.703039245821494019e+00
1.497587101173197155e+00
1.210911846073293496e+00
1.157857623402184011e+00
1.576357836016956115e+00
1.299106494219542940e+00
1.685383091230871599e+00
1.457921900004787608e+00
1.461392623300262761e+00
1.129607792894729901e+00
1.565349453391459367e+00
1.051179778768533524e+00
1.492956656752173483e+00
1.771960313139568033e+00
1.396598351748375988e+00
1.301225044566934219e+00
1.635737547544112269e+00
1.208533615383856175e+00
1.319440354080334110e+00
1.433788578344166620e+00
1.477070794782804786e+00
1.566641635521529352e+00
1.464941669730883689e+00
1.643298223118098589e+00
1.369025319545022157e+00
1.261164873406286135e+00
1.721559349962681784e+00
1.467889217954127412e+00
1.263803188272550893e+00
1.444175983878764447e+00
1.798404340785440869e+00
1.430404885661814562e+00
1.240251319430474064e+00
1.524333609638270026e+00
1.994976403573109902e+00
2.001785312287105878e+00
1.297687942365592484e+00
1.472343321734633781e+00
1.433891023183934799e+00
1.599863768730159785e+00
1.706257321839959706e+00
1.484051697570444306e+00
1.531108428613365602e+00
1.339047101670019835e+00
1.666701991946170969e+00
1.759811369177255669e+00
1.089177967078337916e+00
1.561193926132087961e+00
1.480999287443846679e+00
1.483456862715410107e+00
1.114057958537673088e+00
1.404065693686074257e+00
1.095511374977419239e+00
1.373016135749927980e+00
1.299920191229271715e+00
2.033884116091813521e+00
1.187548924483018631e+00
1.467957134426598920e+00
1.644064905946152511e+00
1.180114409411036069e+00
1.815671669974974201e+00
1.376505430469905589e+00
1.708960480906589918e+00
1.252542718047100490e+00
1.779640891002898906e+00
1.762635802488178971e+00
1.581799807470908537e+00
1.570803900840142209e+00
1.610572013116426060e+00
1.562259603687293774e+00
1.384387790487872971e+00
1.930979620677466757e+00
1.630805899267359083e+00
2.020621332208900611e+00
1.748237490812353245e+00
1.130277206300364767e+00
1.328880134705479721e+00
1.524220009099056750e+00
1.355044798229272374e+00
1.042477877016882104e+00
1.857565044592630610e+00
1.777908352379015122e+00
1.520474278704103455e+00
1.326995645111259003e+00
1.553267515517186892e+00
1.727159022164375779e+00
1.431123337058042067e+00
1.419440242269263575e+00
1.464689414586193950e+00
1.283927915357357730e+00
1.199430932362471669e+00
1.296922964295590619e+00
1.267930266312799148e+00
1.356249998845956206e+00
1.688961115436033555e+00
1.747336095100246567e+00
1.360602611474247325e+00
1.777435997412040170e+00
1.785704442767144018e+00
1.428376792449456145e+00
1.568994187714903177e+00
1.372540974277446368e+00
1.636978137872721284e+00
1.626564866174115664e+00
1.688799270495080940e+00
1.378149317347265645e+00
1.653493096845483290e+00
1.406460279655808332e+00
1.550462828089447465e+00
1.492819954877973476e+00
1.248143340913606458e+00
1.358870746131381591e+00
1.125132520694182903e+00
1.425769076638230937e+00
1.655315081192622717e+00
1.273866077229672822e+00
1.586863793870698425e+00
1.442502143747641297e+00
1.259412798587008053e+00
1.230124524835173316e+00
1.240862595641600397e+00
1.187630834876790553e+00
1.317210850632098973e+00
1.403204842464622626e+00
1.920329566494034079e+00
1.451495021176677724e+00
1.290585276650372704e+00
1.287525239690360923e+00
1.526571321854701013e+00
1.440643932537737593e+00
1.448138490614228058e+00
1.487804942777837480e+00
1.505660846328109592e+00
1.641583727104462875e+00
1.821308197022700082e+00
1.308356108867036793e+00
1.357553086324195357e+00
1.270004990709216575e+00
1.526112542696869134e+00
1.319879964871688349e+00
1.804779333690031073e+00
1.531774444936508495e+00
1.492378383826051813e+00
1.578812780379895475e+00
1.369630002230221244e+00
1.322504154301730628e+00
1.352771607281169519e+00
1.222218089724103063e+00
1.327988406407040634e+00
1.523600354615100905e+00
1.375109428913449561e+00
1.338240153195172866e+00
1.625422653596211076e+00
1.439425572856906976e+00
1.452706057001030393e+00
1.447833811647510682e+00
1.650848877953619676e+00
1.555868935846815182e+00
1.190800547877381543e+00
1.425014781793333407e+00
1.252156512008718359e+00
1.342626338344202308e+00
1.218629049143495235e+00
1.282894855395614320e+00
1.496656769246720531e+00
1.930781720439218141e+00
1.583205905226297450e+00
1.508296358603300025e+00
1.414593841745590330e+00
2.133055411995422812e+00
1.801234948904717914e+00
1.547375481807468756e+00
1.251941570956193406e+00
1.530647005827012963e+00
1.650235217016721823e+00
1.522225507059866034e+00
1.035983167638001801e+00
1.768313498719580545e+00
1.252807386297708492e+00
1.169887292461571526e+00
1.623548979962260219e+00
1.499266067530711233e+00
1.413053008706286695e+00
1.571806156235228347e+00
1.234382200167838617e+00
1.516168878272300180e+00
1.395240891888254398e+00
1.950727765172905137e+00
1.280207732915934704e+00
1.889811883096270240e+00
1.026904553640521689e+00
1.486012244401002214e+00
1.472409493131892289e+00
1.307157463457829571e+00
1.436786407470217242e+00
1.365051718128513780e+00
1.316319777166651273e+00
1.239123425096958719e+00
1.241955034885631415e+00
1.437973250236843858e+00
1.602660810743891329e+00
1.471543052836377319e+00
1.366510695833215161e+00
1.330710471235728276e+00
1.895485159973146594e+00
9.369019404870932988e-01
1.492384489148649296e+00
1.599077338089574196e+00
1.376474601848643564e+00
1.387462471253601448e+00
1.197949146536395615e+00
1.446875378353512875e+00
1.345697768895448565e+00
1.242818509923810710e+00
1.502050203525905570e+00
1.378089008415359862e+00
1.321951138797442971e+00
1.696902483471143031e+00
1.396741888270200738e+00
1.754982451569020219e+00
1.490435640473702028e+00
1.165642880445587393e+00
1.328147566494846110e+00
1.299237811128441944e+00
1.624042146931617081e+00
1.191833885530552584e+00
1.702214899937924519e+00
1.760931334692645622e+00
1.591553889520766818e+00
1.722726599260822278e+00
1.517984144083059483e+00
1.255479599835370719e+00
1.517413592987195692e+00
1.552169390127744686e+00
1.295369558698039381e+00
1.533996979225916713e+00
1.429484674916323472e+00
1.664371306557459240e+00
1.472068136597470822e+00
1.571277363814427508e+00
1.661454484069500248e+00
1.377457784236539418e+00
1.438313296392868867e+00
1.661732738662338393e+00
1.727261445806509199e+00
1.596837158616762453e+00
1.678223960569965811e+00
1.457955494413988529e+00
1.402868388818788059e+00
1.793344182867398384e+00
1.138684137229507343e+00
1.539689888854037125e+00
1.561186695631358923e+00
1.530871704493582008e+00
1.412934929623439695e+00
1.312815613794021008e+00
1.312069926446120194e+00
1.450091210356591498e+00
1.555136456352083973e+00
1.571064556405971757e+00
1.062569765226293317e+00
1.577051350892297865e+00
1.392993862603384203e+00
1.284285878461993935e+00
1.354610715880310901e+00
1.381904217179106720e+00
1.293628551191803533e+00
1.350614084151910310e+00
1.449979020375242511e+00
1.204525355193042602e+00
1.517834600941365686e+00
1.423782119059405549e+00
1.437913754554661194e+00
1.649807025750021694e+00
1.708038670876328879e+00
1.969690830744632581e+00
1.385159775630785628e+00
1.231108335651800001e+00
1.762599730984322433e+00
1.624955758997321587e+00
1.561947245236668058e+00
1.069176775097439025e+00
1.218409463975998586e+00
1.395620380550358197e+00
1.528987738259333984e+00
1.210949639998714300e+00
1.313745955240638974e+00
1.295984434283826481e+00
1.075759770248989611e+00
1.450888260327107160e+00
1.562928269047305641e+00
1.362976814386032354e+00
1.680650655398642002e+00
1.331590065065987538e+00
1.394587224352508148e+00
1.503407411619869682e+00
1.744981314100100045e+00
1.939358734675610485e+00
1.472364857112812508e+00
1.444309412044173735e+00
1.536773902994046592e+00
2.033601042919474189e+00
1.418951560448425964e+00
1.473015400861563018e+00
1.291915779206958881e+00
1.557748054080708267e+00
1.193635153524444270e+00
1.550048272672390759e+00
1.336575765228530832e+00
1.150704710931065522e+00
1.184620408610530307e+00
1.182573494534566505e+00
1.099129083349293046e+00
1.156126836528610813e+00
1.665950145169483143e+00
1.335121282208469262e+00
1.450741234520808609e+00
8.710962611424196700e-01
1.798011552358456777e+00
1.644905934990535501e+00
1.476361331347675998e+00
1.687982322484120168e+00
1.303471540928853312e+00
1.345463535320208015e+00
1.623692196543552457e+00
1.108326006580872880e+00
1.263080048466137084e+00
1.586518423917356202e+00
1.444079263676774527e+00
1.906401566005361703e+00
1.613144036385093516e+00
1.461228829874553270e+00
1.403870891949802191e+00
1.800491172435561449e+00
1.597818728178689307e+00
1.744014479169921028e+00
1.390866746792920328e+00
1.234029239945731549e+00
1.714477565223135658e+00
1.151646284860973202e+00
1.208457479360302678e+00
1.415856631218632700e+00
1.340962422721598823e+00
1.336454753068353485e+00
1.233286214090612454e+00
1.336907100607512833e+00
1.642211216670735219e+00
1.277117417555889922e+00
1.316630895261554191e+00
1.775488452146271490e+00
1.506329576287176009e+00
1.332554679656183572e+00
1.564241427494763581e+00
1.258543975204210241e+00
1.331060568189364579e+00
1.734136349926898468e+00
1.410577919150878268e+00
1.291373480199916379e+00
1.406515485132012522e+00
1.466549038144420614e+00
1.189459841160239284e+00
