2.656102108530498107e-01
5.207725123818687241e-01
2.730954089370020710e-01
4.008658908639302076e-01
1.903589614911462558e-01
5.945045846194904615e-02
1.056512639410554788e-01
5.015676186451745178e-01
1.915262952972599519e-01
1.003552355023423631e-01
2.413171431279853285e-01
1.668856530432645813e-01
4.718374086220305519e-01
1.405781624039888489e-01
1.642942269372089092e-01
1.427050316646758799e-01
8.420082501103474948e-02
2.220907277891913112e-01
1.120821662370612704e-01
1.801421060628806692e-01
2.585772821543300126e-01
2.355279241574918248e-01
4.825699713147045267e-01
2.564708121592947365e-01
2.200188741138112136e-01
3.632913596687066815e-01
3.719857954824842827e-01
1.560153716446255334e-01
1.928072551993282868e-01
2.323195343637846633e-01
5.196961961901094273e-01
1.388999512737399133e-01
7.750216369363992497e-01
7.973489860969271148e-02
2.593838216051203016e-01
1.635611061223090912e-01
2.745589347643437317e-01
3.775221626894437743e-01
3.406256307305104425e-01
1.523044881932156813e-01
1.476154189626346647e-01
3.744698247758586618e-01
1.492296648068386355e-01
3.536773415233966933e-01
2.340518526595412041e-01
9.236275210305928962e-02
1.003548989249384571e-01
2.612441723587649589e-01
2.231192137259274400e-01
1.237224687800449890e-01
5.246404956559089228e-02
2.944541387745832628e-01
9.117361385209121760e-02
2.998995284534595185e-01
2.523613170988319721e-01
1.660227846475446356e-01
1.224157391239666104e-01
1.275506324296780403e-01
5.208610770356348896e-01
2.311883247153893872e-01
8.972083089462636052e-02
2.667690756954625431e-01
2.818421559884485839e-01
2.884907275879379229e-01
2.230198826544914636e-01
3.599218873840941968e-01
2.692342849197903454e-01
4.584401754386858152e-01
3.034568108367626249e-01
1.370342363729478707e-01
2.006643641472153905e-01
2.037113556978614737e-01
2.364294926478263392e-01
2.669422628057783742e-01
3.146730896395860122e-01
1.080611661869487872e+00
5.272784492574817961e-01
1.815068466121758373e-01
2.067124937245207739e-01
8.462177048834236270e-01
2.125835485838527272e-01
3.783895741492050990e-01
2.706195524820753651e-01
2.115943683326873548e-01
1.364740056470268026e-01
7.055465374956909619e-02
3.014668725836815999e-01
3.971067354213821399e-01
8.270915488197511101e-02
2.584352262436495629e-01
1.297298520868497007e-01
3.067336927691922122e-01
3.656725503733387894e-01
2.082330163946707058e-01
2.950196753753033252e-01
1.045989976345838984e-01
3.204194496509831791e-01
2.123907690824455574e-01
3.435668768610092294e-01
1.673650862664438355e-01
1.010637377699923067e-01
1.142709154268145566e-01
1.242563954418393291e+00
5.416213818198648555e-01
2.678370386928358715e-01
1.099676352176970351e-01
2.066576223990180539e-01
2.351297741994965440e-01
2.550440531856861259e-01
8.837745429051246937e-02
6.968588764499589194e-01
3.048529156331658552e-01
1.240011797826619522e-01
7.724012468366737716e-01
1.681699284021796470e-01
1.141778209744879619e-01
2.087170867114029604e-01
1.460688675007038306e-01
3.718063726596469998e-01
4.531102737975244987e-01
3.607199955137859182e-01
5.959647273371510012e-01
1.294075437375069304e-01
2.462638844572189734e-01
2.300412460690239025e-01
1.677338809936151920e-01
1.312641454497570359e-01
1.216344245812263775e-01
1.746175893100762877e-01
4.596755758389003965e-01
1.351664542801657987e-01
1.165802742710538992e-01
3.358797064786618325e-01
3.533038857238395836e-01
1.428647141854427205e-01
2.521835221813609196e-01
2.233987940310370179e-01
5.036636001458583145e-01
1.577090654543616133e-01
2.879092781655582800e-01
2.480914177287225075e-01
1.686256319427590633e-01
7.420782935713440276e-01
1.755563165460843622e-01
3.900588589560002872e-01
5.494843164256510981e-01
3.823268025134607395e-01
1.011021388305156921e-01
7.232158817814908769e-01
3.377795521493439646e-01
1.527393707436668913e-01
9.966453989076087816e-02
3.226299744329766406e-01
2.292957281643611123e-01
1.295776037484100418e-01
2.690968485258896092e-01
1.801648965144018733e-01
2.435292862960167781e-01
4.104640580718204590e-01
4.813251599794065028e-01
1.660063658803093423e-01
8.481065228271676970e-01
5.468438276031547529e-01
2.230891799691034350e-01
8.567082505997102027e-02
2.158148346223153213e-01
3.822119389737196893e-01
2.307826833284100654e-01
1.765142327727125537e-01
4.532867579722207330e-01
3.401185641861570463e-01
2.894621077415254207e-01
3.796073805273217916e-01
3.460245831067580990e-01
5.715591411236765618e-01
3.045935243547704396e-01
4.928483521618757246e-01
2.104916792610003196e-01
1.931285331890854606e-01
2.959353930729412552e-01
1.719389133173572504e-01
1.396429787268562150e-01
1.637875468903416121e-01
2.070176854203901740e-01
2.062943268697653709e-01
2.101863300795294709e-01
9.513010959214507345e-02
4.762351796351704802e-01
4.781910720379022872e-01
2.583993898032046488e-01
2.706139435512386338e-01
4.355539712055224721e-01
3.077111807816100830e-01
3.401111401128235068e-01
2.311810829078534968e-01
2.763845217967626500e-01
7.269282588462047667e-02
1.853322470987302240e-01
1.589745746707759422e-01
1.275754946666038947e-01
3.876415139815130861e-01
1.394733727174824189e-01
5.496215628253768859e-01
1.021914026233268630e-01
3.456543477363772099e-01
4.368164168013732307e-01
6.705794204596550456e-02
2.877927857884449159e-01
1.803681800883291109e-01
4.252582055748334033e-01
7.141170924354123262e-01
3.440617832560223244e-01
3.075409152763134979e-01
2.104933213683598536e-01
1.580255735517411553e-01
1.738024604128623196e-01
2.225162018137953335e-01
1.908692487206978261e-01
2.295897394369939282e-01
4.923511549054294112e-01
1.060201340970059053e-01
1.406341412149152148e-01
4.650632305613184303e-01
9.949856171015399042e-02
1.593974926815554805e-01
2.793710947445664505e-01
1.632790999556202050e-01
2.518445678073049643e-01
1.132503706281511868e-01
3.314189389235570604e-01
2.033349656033051067e-01
2.429693627352871865e-01
4.072429333147674635e-01
3.161361269976402100e-01
2.546488434285948399e-01
1.605540810682317687e-01
1.880971093533210792e-01
1.962616764796720759e-01
4.234345575754510094e-01
1.789684657839532012e-01
1.595711536485582560e-01
2.846702414925345592e-01
2.059414089191284880e-01
2.874358259356877277e-01
1.554238343431212921e-01
1.456554150555629812e-01
2.453291728849787412e-01
1.177504268625909484e-01
3.875351278860560411e-01
3.785635272469623502e-01
1.823942738324448309e-01
1.556816220257632721e-01
1.576676095321939697e-01
4.430305166493440638e-01
1.520497364969798648e-01
2.408225148590461273e-01
6.091871224846602262e-01
4.039939055619188868e-01
1.956134108153068096e-01
1.266319448245281643e-01
3.305288475725809416e-01
1.605609383113658084e-01
1.937229007774574074e-01
4.419411623278886592e-01
1.259477121827433377e-01
2.430382637929790202e-01
2.775816932846980611e-01
7.976600049185056385e-01
4.857032324847141980e-01
3.164308968583877113e-01
3.627158936594969685e-01
1.820705061220637411e-01
4.202649239021187255e-01
3.752691976871784241e-01
2.796990541095822347e-01
1.889609561757958356e-01
9.673313491424996580e-02
1.055543511919210253e+00
1.168546879770100827e-01
3.717339465763310202e-01
3.525845011009595131e-01
1.102529700832725057e-01
1.361199522441196297e-01
2.330951397417688475e-01
3.076146811781255153e-01
2.909677222874862967e-01
3.901968513247765502e-01
3.239670739833439561e-01
1.487453882025238650e-01
1.460678040452077608e+00
1.220186995009450714e-01
1.798717655068150234e-01
1.486294278840297745e-01
4.216851269431557414e-01
2.195145293804156017e-01
1.189430161149817172e-01
9.236284478873529880e-02
3.165548104498901449e-01
1.233732581040444809e-01
3.482240888193253170e-01
7.305497702179204744e-02
6.310726545918422525e-01
1.680666255149167454e-01
9.177948142075094407e-02
4.436213867308239633e-01
3.923915433466245717e-01
2.314778867002884044e-01
6.206456052712305826e-01
1.618655714409551749e-01
1.761042257372734121e-01
3.449514502701030438e-01
4.348035850408414893e-01
6.267373965173878014e-01
2.095729194441743604e-01
1.842602955871920911e-01
3.922265282236236383e-01
1.958758756064137851e-01
1.396273083445040697e-01
3.561421273933798037e-01
1.385427037542004969e-01
1.335850556834409786e-01
2.850540793437167930e-01
1.844101678167903713e-01
2.561583497689496891e-01
1.190343028404873410e-01
1.360277690273764273e-01
2.150233813081212919e-01
3.221024588571194114e-01
1.316224044244800884e-01
3.488631760215506472e-01
1.867212222813554034e-01
2.911542240010797644e-01
2.301321804160610662e-01
4.750569863622526312e-01
1.128296914528823386e-01
1.738907454981533929e-01
1.735308779409716340e-01
4.274849173491131887e-02
2.588491573314068983e-01
1.206980589498771878e-01
2.095802038483997320e-01
1.713973978173237711e-01
1.965238798291929767e-01
4.363145097738730382e-01
7.806125963001098178e-01
4.696144348597596774e-01
1.154855440490516888e-01
2.250554690712035788e-01
1.091047858182093155e-01
1.170597390316898273e-01
9.518141134491306388e-02
2.950774033549711239e-01
3.572576380179243172e-01
1.981915793743871390e-01
4.143762953788561187e-01
2.217049360122011203e-01
3.725972492356637855e-01
1.891592484848725053e-01
3.995801163910175924e-01
8.701295644540200935e-02
1.588510301112433243e-01
2.850821175642264116e-01
1.310272444265093428e-01
4.178455063109465795e-01
1.638108642705589646e-01
2.852785291595424932e-01
6.551945081927222914e-01
2.010534146437385483e-01
5.265427453411806180e-01
2.441148915246716955e-01
1.519141931665581036e-01
3.451046432788505980e-01
2.853635955237607824e-01
2.007028529423495744e-01
2.860678402380859020e-01
3.882482739899855151e-01
2.643774167854959778e-01
2.126469298582789325e-01
1.969312144507294748e-01
3.164824995546079434e-01
2.558991477394392255e-01
3.901515344840956190e-01
1.459915291923828684e-01
4.591188245763383469e-01
5.079349624456017676e-01
6.530272311279330388e-01
1.553676429172545226e-01
3.005293129140100272e-01
1.030609251326607134e-01
1.342687650588118009e-01
1.453666431436006767e-01
2.489261984019735530e-01
2.255460305775902896e-01
1.809221429381513702e-01
2.603251508034350459e-01
6.345217594916077175e-01
1.222134693857382937e-01
5.815174804041579187e-02
1.629569705958409387e-01
3.341903038963472961e-01
2.474491051999274938e-01
2.323885084798987255e-01
1.870216882983549711e-01
1.858487417490388982e-01
3.141599593118878930e-01
1.704856709458898723e-01
2.255410035640764976e-01
3.787561733848849310e-01
2.997196217703632093e-01
9.889126513317117451e-02
4.309679574881398745e-01
3.346317987250841952e-01
1.123398779263301978e-01
5.945202616256425321e-01
4.421397357009618778e-01
1.331759273998601445e-01
1.241695863572767067e+00
1.191025504577186700e-01
7.937296805520697163e-01
6.482602796664903577e-01
1.879663352599262316e-01
2.443487466210835513e-01
1.658157560117793639e-01
4.831819617396149180e-01
4.298180853460213391e-01
1.724273596066162040e-01
1.713587066815196180e-01
1.956178895075561808e-01
2.602951366854479587e-01
2.979490345136192042e-01
2.997086478393949927e-01
3.069626628587346362e-01
2.928798543448631886e-01
1.659567691350073981e-01
5.095686416564045862e-01
3.122173703807823997e-01
2.399874960550650305e-01
2.277286427936507374e-01
1.215233708075369873e-01
7.516212074068203686e-01
5.305975670498889185e-01
2.635704187010318722e-01
3.160768223927072351e-01
3.339566358316242156e-01
2.807132987061979335e-01
1.933788047238231556e-01
1.625558187385573172e-01
1.038442621843743696e-01
3.333597336066592698e-01
3.135083244244613598e-01
2.112272549759306173e-01
3.722552423750048467e-01
3.564636741861036962e-01
1.437891470836856200e-01
2.731637277283985310e-01
4.750770745702777020e-01
2.939259977531655799e-01
2.983648231240400017e-01
1.318148699230344556e-01
3.563422445263774718e-01
3.074507364042198265e-01
3.613913981025202449e-01
4.378902270734190694e-01
1.570483439677742288e-01
3.508294749439831439e-01
4.565607968768386482e-01
5.494700893738795333e-01
1.939852971627785416e-01
3.232925943100803390e-01
1.237928355472874969e-01
1.562677148690248263e-01
1.859758712039515649e-01
2.906124427939933974e-01
1.782942280548878156e-01
2.673151047495576638e-01
1.490023916241870749e-01
2.911166679628139908e-01
2.426355516985802818e-01
5.869209029863489135e-01
1.693062666299418872e-01
3.524227554109843896e-01
7.753818593879792387e-02
1.385611964256802664e-01
4.801271374841187822e-01
3.293662705134456359e-01
4.478715227224662199e-01
4.279154662535309961e-01
2.368689887227543034e-01
1.238906264892649239e-01
3.668430748838655275e-01
2.595150997268838577e-01
1.874156794540678406e-01
1.250353537104254842e-01
1.417086474708617594e-01
1.825174144383753805e-01
2.408322430231515654e-01
4.044982999280476443e-01
3.045298384270035963e-01
1.912556961524659038e-01
2.282519972582970902e-01
2.190401041733215093e-01
5.929862925043597466e-01
5.798148604889948876e-01
2.939974890578320732e-01
3.383419742409855546e-01
2.282543940905205071e-01
8.881422770540295386e-02
2.298825005671131794e-01
2.338594098444004010e-01
1.959211747311455087e-01
3.336426188904983436e-01
2.678320752998883392e-01
3.362830638065525402e-01
1.343755926926216704e-01
4.248031115014505033e-01
4.647562625977039730e-01
1.386832314252791354e-01
1.672562557830142849e-01
6.002287121203571107e-01
8.857238015285633093e-02
2.511712496033836062e-01
1.481658641431846668e-01
2.287718053873961654e-01
2.678054939327789152e-01
2.539212366489983497e-01
2.124047504301731504e-01
1.585694382572520877e-01
1.740250606297401303e-01
1.534509551531733074e-01
1.564511812731038676e-01
3.959507397297378217e-01
1.206228889194030235e-01
7.995464566578095456e-01
1.564546731025399096e-01
2.280075697038944083e-01
7.610638574287634794e-01
4.383105684835990057e-01
1.463078371733400329e-01
1.343556727473864398e-01
1.894495106806964591e-01
1.984767820351627521e-01
1.824125398692565958e-01
2.395808234990163543e-01
2.081646531914068399e-01
3.883994174458768600e-01
2.468008930919745325e-01
2.516572601154080102e-01
3.853871041444591472e-01
6.982738791657253641e-01
2.229975424746031276e-01
3.754693484879999543e-01
2.436166269929336270e-01
3.140268737863785020e-01
2.475754247526921470e-01
1.872130473198946876e-01
1.774889235018864142e-01
1.103746346042036586e-01
1.693589067052830022e-01
3.055556892240792743e-01
2.119616907874679601e-01
4.987795016519324665e-01
7.856016428000267560e-01
3.563138896483911688e-01
1.092862060534158519e-01
8.951695150388119804e-02
1.090258484682303936e-01
2.522810523128811155e-01
5.908861066181511634e-02
8.376474051012663402e-01
1.182789971241487575e-01
1.048256090183598832e-01
1.556858798183532455e-01
1.071709361933437660e-01
1.853598052820369102e-01
2.112535661415365362e-01
2.007665074210247258e-01
3.814494716855246215e-01
2.400451221902468457e-01
1.183687899697528217e-01
1.920635749534523873e-01
1.244847241354259809e-01
2.337063083596691848e-01
1.825392280038972415e-01
3.778681608445493278e-01
1.900638972481291655e-01
1.216994787494349028e-01
1.743217817192585506e-01
2.008040273846023183e-01
3.819372977414389747e-01
7.042778734963875409e-02
2.486692123933645637e-01
1.584566594564602582e-01
1.817144898820636512e-01
1.046402108017679966e-01
4.355798464029289052e-01
2.967909754567317759e-01
4.900511909002585043e-01
9.216409919901784320e-02
2.563751504088006561e-01
1.866791116448848764e-01
3.810387860345818556e-01
1.214332714406688579e-01
1.866960020982979251e-01
2.145582932558090794e-01
2.485559109164710012e-01
3.662158579367723044e-01
7.772113483481525587e-02
2.602184768979199370e-01
1.461502106154146940e-01
2.165088526643524636e-01
2.612470235065298407e-01
2.306368468253904846e-01
2.381623211031300424e-01
2.717190512752284404e-01
1.797756726388825277e-01
1.557012965371553093e-01
1.710997944632109136e-01
3.138838783183924841e-01
1.432987512144575093e-01
2.437779905420384141e-01
5.614823797087172830e-01
2.036466611646066960e-01
2.255657783459998622e-01
1.303438668142433143e-01
1.587030532941817451e-01
1.183662820599783588e-01
2.415378260736553706e-01
2.272453443120067418e-01
6.118864559527320557e-01
1.825950091517152818e-01
4.024611931657618991e-01
2.111728494606899542e-01
2.393237263411778226e-01
8.215923145774189917e-02
2.190476507904908499e-01
1.070199875364366560e-01
2.213705315101000548e-01
3.621292081460871781e-01
1.813119983597379914e-01
4.306793446895488819e-01
2.030738214187364499e-01
1.253101235142373704e-01
1.115169850980434474e-01
2.463634824331438489e-01
3.893437486905269584e-01
3.227817225673402790e-01
5.361883922038125361e-01
1.117540459857034318e-01
2.143540431144883851e-01
8.629116147824174299e-02
2.357064253638805063e-01
1.324448269390773314e-01
3.673221508385265399e-01
1.444083847210966831e-01
2.324499561212958754e-01
1.142989227860459062e-01
3.357217969899263799e-01
1.509890600627825930e-01
1.782742596978570959e-01
1.431467097203547312e-01
8.999772305130804284e-02
1.087022312749338776e-01
3.088437872676627061e-01
4.295565900238995649e-01
2.329230016468579467e-01
4.464354260797481766e-01
1.257084313744264714e-01
1.146123337661736213e-01
6.284717419052779919e-01
1.219379475309171346e-01
2.119089612023308533e-01
1.135752402508902470e-01
1.534332113552641097e-01
1.108994044843119586e-01
2.132504606881281406e-01
1.253768142742991420e-01
2.338916533617302895e-01
2.365440563694625464e-01
5.053686878217071854e-01
2.351660562927688491e-01
2.113755663552852326e-01
4.512473802557490088e-01
3.794999697206332123e-01
1.293384950499194275e-01
2.723529745985443506e-01
2.795319790024044515e-01
3.970219660090980596e-01
7.421882796483607603e-01
3.604718921827161360e-01
1.490304453239136295e-01
1.697200850322527210e-01
1.188176520298982186e-01
2.825024952661005506e-01
3.141898053560277515e-01
1.301580733947752533e-01
2.579871746981430292e-01
1.525194487688983636e-01
1.089111456569678282e-01
2.964360505687381742e-01
2.916049918462900181e-01
1.928913432961538721e-01
1.607230543579074300e-01
1.846437338958475116e-01
5.053081600570642484e-01
1.381603410281163902e-01
3.269029899531714634e-01
2.633543959736167617e-01
1.675458095853570861e-01
5.868367117767849805e-01
3.559553037267759179e-01
4.592607233831731972e-01
5.506472560407149608e-01
2.803732159903317700e-01
2.089234748956648458e-01
1.874100592045341573e-01
3.390005552398737687e-01
1.422311987770284170e-01
5.478437511413808414e-01
1.300466086575748637e-01
8.759541709719184666e-02
3.797289731110927158e-01
2.015128940025453508e-01
2.192347587433901013e-01
3.860761859672013352e-01
8.445412571906270316e-02
3.027246063666513276e-01
4.441781468714618986e-01
3.716314137267168194e-01
2.728638904211855842e-01
4.709529924000852574e-01
4.337485269012084088e-01
2.168183009465467215e-01
1.808975605303822509e-01
2.385610203063955881e-01
2.380332407254818483e-01
1.639693030932505013e-01
6.058759959882744489e-02
3.400238399648632392e-01
9.150381413468236524e-02
4.491525761168276842e-01
3.223941674520982015e-01
2.476394311161545791e-01
1.373538956787664911e-01
1.246033006485703365e-01
2.803443847688408264e-01
7.769442151952797859e-01
2.076397540485966642e-01
6.442665976688243257e-01
2.550709264352312156e-01
5.694376434519027308e-01
1.973108152183898345e-01
1.292168044765661383e-01
7.757272122984304463e-02
2.541812027024482612e-01
1.347110207913713997e-01
1.764144783203585864e-01
3.936720263744319936e-01
5.216900370303252377e-01
4.494075312102553399e-01
3.160350473513566238e-01
2.990513334645017451e-01
4.421743433603056439e-01
3.030350718018356981e-01
2.630250003774049494e-01
1.724673574409081866e-01
1.866682063846058781e-01
1.295129657498634845e-01
5.909397407576204575e-01
1.488742829469678619e-01
3.946531928340772377e-01
1.899654377158832286e-01
1.918891185325157789e-01
2.737681482584913284e-01
2.143906931746211164e-01
3.970463865187182639e-01
2.183523555221129064e-01
2.542230456039836772e-01
5.451965933447360663e-02
2.133646843199440424e-01
5.108388635264007327e-01
1.905518223003949407e-01
1.551961130749592022e-01
1.051541965148473506e-01
1.198241833311816801e-01
1.485800733384571304e-01
4.015234661965201846e-01
9.527291340367889383e-01
1.371435824241921675e-01
1.588301330547260415e-01
4.675406343965624045e-01
2.141177729693179987e-01
1.741453393778443770e-01
2.928869255832197149e-01
4.808931029611995256e-01
3.162278360842981084e-01
1.195839537150214182e+00
2.082782007209610653e-01
4.442544136344084293e-01
1.947322320156189002e-01
8.964720721282304350e-01
5.028520220628429627e-01
3.835297540671672722e-01
1.564444270974418849e-01
1.158975479861329566e-01
3.475958956624216056e-01
4.776944088705263325e-01
4.732911899552418866e-01
1.393998956617230889e-01
1.166552269471288761e-01
3.829672827631470655e-01
5.496894942491490355e-01
1.266947801101733773e-01
2.526254679293103989e-01
1.844442972675386094e-01
1.678160054332356044e-01
1.503453966888268489e-01
1.344300598067590669e-01
5.817722295999223914e-02
5.133613880574869892e-01
1.675457630432316269e-01
1.118173344698558530e-01
2.435943803445219380e-01
1.531455648295505512e-01
1.421609094696846820e-01
1.736697697220319359e-01
1.519275568133030552e-01
1.730435249977506640e-01
3.387893532076483027e-01
3.277804321263314002e-01
2.821923529701797495e-01
3.145024326867498221e-01
8.943271109784235728e-02
4.356465867251285151e-01
5.810411174887183394e-01
1.942286679341540812e-01
2.649662045636950181e-01
3.700433924868925528e-01
5.239765543280844318e-01
3.177793711293507295e-01
1.229852163598625509e-01
4.874271927388986736e-01
4.936413582440526970e-01
2.853641856432518331e-01
2.829823924564744964e-01
1.382812549023009763e-01
1.538039854509222204e-01
3.793927315086048080e-01
1.318234985248288582e-01
1.371264836432543877e-01
2.995881713872187713e-01
2.125441645203742791e-01
1.528393266080443624e-01
2.582480893706903258e-01
1.322625802171072951e-01
2.276250992156969299e-01
2.035312467418730342e-01
2.253852135840029858e-01
1.234754597898898854e-01
1.643011531281427517e-01
4.403812043998320824e-01
1.411528568304233344e-01
3.867274739648021153e-01
3.865891651435706122e-01
2.377805586098801494e-01
2.803413255942910354e-01
1.149644952130926684e-01
2.959084969344535909e-01
2.305939859313585749e-01
2.872872221208751520e-01
1.851815982029507979e-01
4.520370864072755235e-01
2.971164927596968708e-01
1.872725996920718283e-01
2.073937361115165412e-01
9.176334392807003471e-02
3.747329432569067031e-01
3.650311738882052182e-01
1.433596207892582630e-01
6.860833440806350936e-01
2.305749591432994516e-01
2.906720812030516021e-01
5.536148111279509676e-01
4.418842661034716457e-01
1.536671470105845649e-01
1.654289216578949395e-01
1.007922436720671000e-01
1.711723204326149606e-01
2.205982747531012589e-01
3.441092479161217965e-01
7.302177365031127521e-02
1.829508479941398813e-01
4.623871376024578095e-01
7.838290606821867179e-01
4.370175246233461430e-01
1.280173770567367697e-01
1.019338517882295125e+00
5.213995430967853784e-01
2.663306555426393496e-01
1.195085396920328308e-01
2.976625489094316124e-01
6.778467671842192122e-02
1.590505392637354132e-01
1.810175653976439925e-01
3.552045107611991881e-01
1.466574887355988621e-01
1.481251172885697798e-01
1.889021246658001973e-01
1.638602680605648343e-01
3.508901707655447400e-01
2.831365551540460657e-01
3.056296949191579793e-01
2.870190136454520702e-01
1.217329978886628056e-01
2.771604068999866666e-01
3.621202531153052129e-01
2.671920056920136233e-01
2.858040391592364116e-01
2.249787577051610699e-01
4.375747259645327292e-01
1.098422159724209146e-01
1.186885153611139387e-01
1.357816688725785870e-01
1.985668826223130345e-01
4.766859989187186564e-01
1.530769521062916860e-01
2.852643181082629709e-01
1.342506196384303796e-01
2.032882879559650413e-01
2.444545141786643727e-01
1.138475018197481065e-01
2.019408305036592965e-01
2.359634384914352234e-01
1.400637220685881090e-01
4.351986203056820157e-01
2.520484196249938025e-01
2.755412375437144012e-01
2.561854047447332250e-01
1.484541323652963096e-01
1.249023083869940792e-01
1.250970024835804661e-01
2.278610018823480077e-01
6.141240803221563738e-01
6.583834530683585484e-01
2.590007720412672021e-01
5.557717248937382726e-01
1.760160867165079801e-01
7.251800806196553872e-02
1.212750747913326210e-01
3.597200691008286544e-01
2.872666050168427576e-01
6.991146426602481423e-01
5.195741178186528142e-01
4.756593050914255105e-01
1.156225306896807026e-01
3.758220440620930747e-01
2.237402780676520653e-01
3.232243759579603304e-01
1.640001499115525951e-01
1.798314042606325991e-01
3.556677534960527298e-01
1.507342961589677177e-01
2.151595404169748538e-01
2.949457916209208275e-01
5.281962723609101573e-01
1.064463051613043360e-01
2.048166354420268842e-01
3.378151170041072682e-01
1.487392342550845070e-01
1.913154167799081262e-01
2.247376867202123263e-01
4.248120703656235730e-02
3.448356435285782617e-01
4.082080792674802616e-01
1.466968170026092810e-01
7.415684875699622702e-02
1.305952315439128930e-01
6.152450550498501647e-01
1.389131199036509612e-01
1.176003876234341938e-01
4.707896671155648027e-01
2.331145390734603029e-01
1.378506224475776754e-01
9.301005211591412136e-02
4.467359886307384897e-01
3.337571065133495551e-01
2.850290211825201592e-01
1.085406926067927769e-01
1.847628720487149434e-01
3.467812931146514455e-01
2.036551386915793904e-01
4.715270726978230131e-01
1.143843145252556037e-01
3.021832687979862375e-01
2.741379257319194740e-01
1.563259268211039665e-01
2.828224336272584516e-01
1.755438123964386532e-01
2.603595639685557517e-01
9.654016382950030006e-02
2.826854368098128956e-01
