1.718110354385476324e+00
1.327059149860300380e+00
1.233136136120161153e+00
1.695193609315003513e+00
1.787019878068499601e+00
1.266542803325126032e+00
1.379724576482035614e+00
1.284761294243788932e+00
1.631698027056518008e+00
1.378553352949286603e+00
1.343608495803846115e+00
1.398020773752224777e+00
1.577808471292783565e+00
1.218012382517295489e+00
1.705535555363135058e+00
1.410680743841213669e+00
1.497081088379309755e+00
1.504562094009864071e+00
1.486025983747065737e+00
1.187943496809002797e+00
1.315730075532317356e+00
1.690319431162444985e+00
1.505175439991812691e+00
1.016598898290044461e+00
1.464253287297779593e+00
1.456724474389186508e+00
1.171459191336071237e+00
1.449545878195505955e+00
1.224053916637797501e+00
1.737677637153616672e+00
1.325804693266452450e+00
1.955870412165704897e+00
1.451422386439515266e+00
2.106566938202917960e+00
1.375401032162306247e+00
1.529768339967151336e+00
1.535774850912248635e+00
1.469551223889361991e+00
1.479342969364976002e+00
1.621153743926721402e+00
1.385602434720851539e+00
1.569679475823558157e+00
9.640120002995847814e-01
1.378285681220048575e+00
1.457593401452630388e+00
1.592282264235714617e+00
1.481407006750200761e+00
1.552277018209589743e+00
1.516297572389032622e+00
1.463853097337923570e+00
1.358120638565783134e+00
1.218765652537581845e+00
1.516900934238443854e+00
2.034883861895541379e+00
1.305308340969725700e+00
1.319472741596783072e+00
1.202634888593218987e+00
1.811211699617579773e+00
1.436574837999196941e+00
2.029561354578306887e+00
1.587046249027842970e+00
1.606308009948539839e+00
1.292210437611922114e+00
1.406248483461634891e+00
1.494614326207589938e+00
1.867170031930303065e+00
1.477774304169832131e+00
1.230800926221268021e+00
1.472845540801112074e+00
1.318620297387929297e+00
1.507339073440658650e+00
1.562065033174609319e+00
1.464369961370052708e+00
1.384693514304617956e+00
1.882187101057726686e+00
1.630850067623633048e+00
1.620399799972196631e+00
1.359272639009282413e+00
1.866243333723787368e+00
2.262637200491535161e+00
1.132629504200165282e+00
1.413852750211030296e+00
2.318383588795872807e+00
1.816790898390595821e+00
1.201861474737677016e+00
1.192161126341422461e+00
1.914710769965348058e+00
1.447893026581582809e+00
1.574988468628474525e+00
1.765016466582439048e+00
1.434005201694647846e+00
1.863279801566149807e+00
1.578721803046297056e+00
1.212785186378430913e+00
1.732385768644553181e+00
1.173344988688316937e+00
1.074208470140679772e+00
1.488846086378767808e+00
1.343848958885831113e+00
1.401932114504699900e+00
1.156465244526597491e+00
1.607256683595884805e+00
1.241437716665729996e+00
1.378254756583347174e+00
1.319496085935104590e+00
1.418611807565842931e+00
1.632679416432949671e+00
1.470265861389392192e+00
1.221065741767955792e+00
1.490902131635159167e+00
1.193144276332170017e+00
1.306555590114210963e+00
1.418148335694908946e+00
1.570313274963715200e+00
1.392378817779511557e+00
1.217168192955892847e+00
1.379942771738829954e+00
1.042495114472215878e+00
9.883779435290546145e-01
1.544762373111506326e+00
1.202500723102805091e+00
1.323064946580781331e+00
1.239231852729095085e+00
1.210304579500655509e+00
1.335760915411462912e+00
1.739700169147361253e+00
1.161621252822274686e+00
1.586816179215030598e+00
2.023606993965694656e+00
1.497948828138574884e+00
1.763027584934169223e+00
1.176741807435873755e+00
1.195999886505929810e+00
1.141287385705173074e+00
1.375886525818640349e+00
1.328525287710258684e+00
1.771289595758384738e+00
1.772693078471681005e+00
1.370979314407829275e+00
1.304144468837080462e+00
1.254138121535457229e+00
1.834906670091598357e+00
1.354184836486245880e+00
1.678654681709549790e+00
1.364270821043269688e+00
1.336252849167695045e+00
1.613506069494695883e+00
1.797606424250478785e+00
1.393522254411759587e+00
1.390549275710212918e+00
1.476799859252917457e+00
1.482495305351401393e+00
2.057341278963999098e+00
1.248460774914166072e+00
1.757061107941444877e+00
1.796539375270622241e+00
1.187968781479378677e+00
2.268336956550578432e+00
1.549863958554134058e+00
1.345432579192430644e+00
1.580608520291512553e+00
1.616178733160691383e+00
1.562946644947678987e+00
1.310166063624251587e+00
1.460920738138918207e+00
1.702419998303883242e+00
1.624406674330231448e+00
1.564019956302153957e+00
1.434015696560620556e+00
1.438803193257540691e+00
1.614237634895245410e+00
1.630707985494053158e+00
1.670268411832552147e+00
1.493706380902051434e+00
1.600275184487988778e+00
1.720623265417598358e+00
1.370624765368099851e+00
1.500250449948984599e+00
1.147474334133432361e+00
1.232081539187409147e+00
1.422944624018437132e+00
1.214249675349150515e+00
1.760399616421886249e+00
1.343885803188585859e+00
1.406072815191350189e+00
1.421275629180483113e+00
1.373163739614131407e+00
1.298165057351552187e+00
1.876950411383181860e+00
1.374127244239509604e+00
1.521869225144232063e+00
1.426468337416894938e+00
1.327298817447070789e+00
1.469759162368451166e+00
2.389222976617871641e+00
1.513681859588840384e+00
1.261264804389900851e+00
1.624007876138881645e+00
1.234435435291515004e+00
1.685956640914539229e+00
1.262262363257689479e+00
1.490684372149275072e+00
1.576297697967043776e+00
1.297754522269771504e+00
1.581326912820586017e+00
1.831533799678149776e+00
1.873619162588943121e+00
1.554861116911679719e+00
1.790840407932638323e+00
1.322381753164215912e+00
1.435837056365298903e+00
1.423703009612613979e+00
1.743319385692295054e+00
1.303878581119735092e+00
2.071787697424492425e+00
1.153785528992810505e+00
1.227442385745038056e+00
1.111409092743436799e+00
1.523216295967924738e+00
1.693329549745025808e+00
1.332644873504024607e+00
1.978906989249036519e+00
1.418640105453828237e+00
1.643410875596734932e+00
1.592378593180955981e+00
1.354394599672115174e+00
1.598069240324456741e+00
1.550456782532318778e+00
1.594724129479238028e+00
1.556864597390902327e+00
1.600332304825124119e+00
1.329414524981362256e+00
1.122494026593495287e+00
1.421050150953580671e+00
1.921588936936259984e+00
1.813127917064848438e+00
1.169871597208521186e+00
1.933405679784861331e+00
1.448905302374030146e+00
1.995649314636456229e+00
1.384245411652611724e+00
1.677855088656664551e+00
1.086065729731356289e+00
1.181438047235915390e+00
1.441303880749165156e+00
1.347360836870218792e+00
1.552809682493634380e+00
1.565622795178611248e+00
1.393670474859228126e+00
1.885107008284503394e+00
1.481993774501670913e+00
1.591723935765399389e+00
2.446879478090637328e+00
1.325229260496364025e+00
1.447663414946750882e+00
1.767453084599525770e+00
1.359406254864813368e+00
1.381117384778811852e+00
1.566086912009657439e+00
1.518415473676229643e+00
1.092138894166557295e+00
1.804079940753417821e+00
1.420217294271303610e+00
1.953914409211308101e+00
1.374812463279221131e+00
1.231414108802210583e+00
1.468346538268348933e+00
1.216678748909830299e+00
1.784335807719215294e+00
1.775812389642747791e+00
1.240514317110701370e+00
1.596277637016999318e+00
1.385314226333293153e+00
1.516521823362280363e+00
1.360296245924629721e+00
1.500674834268576952e+00
1.572009575558760863e+00
1.584876051323330204e+00
1.316170409296815613e+00
1.718330181681537061e+00
1.389093444804100796e+00
1.693948422633241746e+00
1.360821707033579964e+00
1.156272487452581599e+00
1.823851233129775817e+00
1.495210295340060336e+00
1.179167318214351390e+00
1.359631902759736555e+00
2.265654158080097513e+00
1.367380646031764790e+00
1.841601374752856124e+00
1.200333530562303741e+00
1.556253921604824564e+00
1.179525868596194016e+00
1.518475489518709809e+00
1.426519466076271447e+00
1.468316859423371978e+00
1.710493766946196148e+00
1.278383669536746758e+00
1.256430209325176905e+00
1.105748891930929956e+00
1.110822998494059854e+00
9.991892530421817575e-01
1.389614078331902869e+00
1.584457176212332952e+00
1.398370075670239521e+00
1.406919536882426103e+00
1.823240048066833152e+00
1.331828803325609822e+00
1.727315939921610477e+00
1.655427683404566919e+00
1.474487862338730970e+00
1.588197063260823327e+00
1.317765506173958823e+00
1.256773160390889599e+00
1.334614026785942542e+00
1.678602161398191850e+00
1.423843340740889696e+00
1.365471873978800321e+00
1.627055470225996947e+00
1.733092140117274305e+00
1.305800017800739177e+00
1.212829423527572947e+00
1.735496025316020985e+00
1.883598136960878078e+00
1.721839002584793610e+00
1.601883562282143014e+00
1.929883389775526537e+00
1.274413562312827430e+00
1.852836720919359470e+00
1.418181096536803798e+00
1.348594628845973586e+00
1.682301937525105817e+00
1.644988509586807979e+00
1.890439306300170541e+00
1.553485289960449878e+00
1.502149523585000646e+00
1.439124186296861563e+00
1.522605143220544965e+00
2.147439997206640694e+00
1.501248050251648980e+00
1.067084531871484998e+00
1.406049208237188708e+00
1.411231168425582494e+00
1.468590675150404756e+00
1.277987566483263837e+00
1.370629835387031203e+00
1.404945029538740231e+00
1.254558890001714166e+00
1.570089102687922900e+00
2.081874741013687746e+00
1.698612153205330877e+00
1.595826460778062783e+00
1.559217954816785268e+00
1.296984006820983470e+00
1.495848542056714470e+00
1.827210900107822056e+00
1.670981355495736009e+00
1.475459437926436523e+00
1.609061469775527664e+00
1.596240732254117001e+00
1.622824836590984976e+00
1.406126773781893435e+00
1.556233106499524732e+00
1.561247596672214577e+00
1.216166159961611148e+00
1.421144169910318222e+00
1.344199512717022760e+00
1.179385283752024005e+00
1.560772561369990985e+00
1.266367168436136614e+00
1.313347459848869470e+00
1.321260820063197006e+00
1.783254169625059449e+00
1.328698209498268445e+00
1.924596487220275876e+00
1.183924660531613604e+00
1.791436738785909588e+00
1.930740847965632501e+00
1.501478138308018240e+00
1.526489857186303256e+00
1.647559227493224254e+00
1.341335340285215949e+00
1.399263978524967200e+00
1.298920044284396003e+00
1.678576536196495717e+00
1.537272491886872317e+00
1.577219770707938062e+00
1.029076934252645126e+00
1.399906663908557558e+00
1.629652971065507661e+00
1.642218733983123347e+00
1.590775259152398924e+00
1.365008505005340211e+00
1.423609877693300385e+00
1.588583679682842753e+00
1.920826533496899691e+00
1.554911693330696565e+00
1.257587567437863818e+00
1.330495808337639696e+00
1.431898372239691408e+00
1.771044136720785200e+00
1.699964696661056651e+00
1.570648318732680071e+00
1.867130027696248362e+00
1.622003914734951646e+00
1.882207639103230079e+00
1.417196424113069453e+00
1.181138652427064395e+00
1.461429711624035344e+00
1.473901022015131401e+00
1.431707826451493304e+00
1.651997606055951362e+00
1.185685635418334716e+00
1.372828768594803073e+00
1.287238843575449376e+00
1.549158485250001327e+00
1.376498999159152081e+00
1.490522574592946015e+00
1.140480504991808752e+00
1.326013157537742293e+00
1.649011542159547705e+00
1.144690020278918530e+00
1.363965996446446116e+00
1.882352270491171931e+00
1.791153244184696680e+00
1.454699803728899177e+00
1.662799016563941690e+00
1.359312407582749627e+00
1.361556283800677614e+00
1.536285687632005237e+00
1.756171101075159724e+00
1.191970671609771548e+00
1.695311062686309489e+00
1.634926958730287927e+00
1.170460967765480698e+00
1.848330660795209912e+00
1.212491196597721643e+00
1.368162620396260021e+00
1.452576732677461013e+00
1.217090085282245493e+00
1.421526071569633176e+00
1.307561899242113412e+00
1.657452356271390315e+00
1.045645050258228403e+00
1.506234999252108020e+00
1.371142838612268822e+00
1.470566809925849094e+00
1.404523834002577631e+00
1.500030792238625565e+00
1.475633993405903732e+00
1.507892422513443575e+00
1.361206882118288553e+00
1.522441819281698416e+00
1.227941151353113547e+00
1.453371258201905825e+00
1.593016690741620556e+00
1.356745516778976146e+00
1.619795645972136988e+00
2.151850352723080118e+00
1.750985768718128721e+00
2.110046966468583030e+00
1.617185382911577651e+00
1.608273113479223193e+00
1.741755510566818099e+00
1.264625631175380516e+00
1.540328487450574269e+00
1.435823939331299037e+00
1.020493625300311180e+00
1.261714573595783095e+00
1.305103049629025014e+00
1.430894972348863314e+00
1.463929576367203778e+00
1.237225082916241004e+00
1.591358080701191113e+00
1.834632083914392364e+00
1.567871246312332545e+00
1.915215411844347848e+00
1.528811044856342560e+00
1.481121849058104623e+00
1.194536997679570778e+00
1.457465306796998483e+00
1.208178945638386681e+00
1.183464317672365596e+00
1.651326966690397580e+00
1.139522901023363621e+00
1.283860750488734492e+00
1.773007773463618708e+00
1.335029715473484924e+00
1.227833159131610730e+00
1.498698206570731717e+00
1.510286925830408578e+00
2.147654502590676362e+00
1.747560734756094858e+00
1.695571676915703874e+00
1.840942011071572848e+00
1.568456673397053081e+00
1.574646062563218152e+00
1.443305572906105505e+00
1.623627840703989689e+00
1.152755220893686428e+00
1.668226583716142741e+00
1.442810057160422543e+00
1.583876237776182805e+00
1.672181938310826510e+00
1.166050594033505750e+00
1.379331641069895253e+00
1.299026654521786117e+00
1.718168708659259636e+00
1.568547967322680314e+00
1.448514347696154392e+00
1.145533176217326865e+00
1.604181671460317427e+00
1.406803227081762975e+00
1.455068788316881356e+00
1.478141395198455665e+00
1.571698199171558397e+00
1.685315518727016570e+00
1.526306300497510593e+00
1.560229956166233167e+00
1.397607046345154425e+00
1.139367216484413081e+00
1.538166916983880528e+00
1.792365609654241743e+00
1.573380026551465471e+00
1.321710583927436344e+00
1.674850066407268967e+00
1.499233248965687437e+00
1.512502059945229682e+00
1.140989039979837250e+00
1.585403855339376999e+00
9.756400529374343877e-01
1.974174602032480852e+00
1.372210441687597537e+00
1.252798332893857891e+00
1.847198747356982640e+00
1.321782833771151244e+00
1.822777610546525651e+00
1.573500384997428725e+00
1.281747243816779402e+00
1.404522649967306025e+00
1.259628925579040937e+00
1.691286620187240297e+00
1.023033611115505170e+00
1.609855909776072513e+00
1.722490397292163689e+00
1.785543672728905129e+00
1.609176131985968095e+00
1.079086785060718867e+00
1.691977289938752849e+00
1.377951481399443567e+00
1.210665812329515090e+00
1.572463535762545828e+00
1.861787701372151327e+00
1.497814392885270740e+00
1.283383876239800214e+00
1.348858934415331667e+00
1.308642749379913317e+00
1.858945192946273028e+00
1.598430461194836338e+00
1.444498584816053866e+00
1.566633509256949663e+00
1.447485569118410753e+00
1.206405352984391888e+00
1.356901036849612829e+00
1.113459007790772448e+00
1.260396527650812226e+00
1.143587699063658425e+00
1.536484540667211629e+00
2.027861560646364136e+00
1.204742044211586371e+00
1.171581789693149966e+00
8.638155735219803510e-01
1.566924437804722237e+00
1.431395364625306588e+00
1.485965340110898980e+00
1.406530331672759093e+00
1.244910871182178358e+00
1.425757107137240132e+00
1.662384924817985610e+00
1.620905673022201121e+00
1.609076204562494450e+00
1.290877164722182169e+00
1.307000148388935301e+00
1.889348128693252082e+00
1.566230955794061686e+00
1.349913294058097124e+00
1.360016664253536733e+00
1.692387319707985949e+00
1.457334489698775437e+00
2.026965885943738055e+00
1.866685199501624037e+00
1.833053058613263619e+00
1.368652503773631013e+00
1.400506974355585355e+00
1.448763058515820212e+00
1.881249261307767151e+00
2.053182118352368857e+00
1.447686683263473162e+00
1.417864493192634967e+00
1.654600891365270110e+00
1.801609712051261747e+00
1.181431757595654330e+00
2.179568628861388024e+00
1.310305198721301245e+00
1.214802305727496368e+00
1.890368973280570630e+00
1.172302619982868555e+00
1.469404334241935839e+00
1.796755904217005373e+00
1.296537231018874525e+00
1.214640105395723868e+00
1.367813007279135018e+00
1.549127255841690642e+00
1.362952922746138551e+00
1.400328915928454654e+00
1.529716928296304790e+00
1.525580765551976636e+00
1.360043864079847786e+00
1.369725154334364703e+00
1.579471526836624173e+00
1.280385004164685814e+00
1.246657848169767657e+00
1.215555559357091919e+00
1.524464429237872620e+00
1.379245823532657900e+00
1.391499924745415839e+00
1.535736776216464650e+00
1.579537239784189584e+00
1.522628807628348735e+00
1.369341901410530804e+00
1.770866097346935675e+00
1.395198787402592844e+00
1.288990107898920323e+00
1.288948999040613330e+00
1.652514646612859739e+00
2.081207519352275437e+00
1.201480907510717122e+00
1.579319829684875609e+00
1.176563446015561176e+00
1.287242691036508679e+00
1.584129859273680996e+00
1.101475891821087627e+00
1.412424111712511143e+00
1.600204013726314711e+00
1.741407448423259785e+00
1.469600168587870570e+00
1.493927782152253414e+00
1.475894757849108618e+00
1.678803413446891213e+00
2.286022475368352680e+00
1.197737137514855776e+00
2.153700601706791673e+00
1.537500067755162236e+00
1.498958969002376573e+00
1.395351494482019339e+00
1.397160476588727107e+00
1.564539798054151554e+00
1.489169100055569350e+00
1.393763951339732410e+00
1.661152830986637241e+00
1.487667532117008307e+00
1.652892068316510477e+00
1.414512523000053923e+00
1.467475474059277918e+00
1.612284408636028177e+00
1.494589179971812287e+00
1.486285961821221857e+00
1.287074826124093851e+00
1.504194585574297971e+00
1.760560301145751794e+00
1.766577648704720449e+00
1.526295911890780399e+00
1.510428662486271278e+00
1.938899270086167137e+00
1.653823775833357823e+00
1.731529371671204798e+00
1.911355225405425351e+00
1.698862056768183582e+00
1.666827779362129114e+00
1.064961650853082364e+00
1.581832102639855853e+00
1.268537896220717665e+00
1.154785448580011531e+00
1.395786503257647526e+00
1.714833327451164013e+00
1.376643128561202190e+00
1.708405825374256448e+00
1.408805154474141563e+00
1.570617478151870250e+00
1.425214980372897733e+00
1.278877058772920572e+00
1.824470111751013590e+00
1.772789235907028083e+00
1.346908477174288299e+00
1.157933539794681277e+00
1.513260659127846575e+00
1.580861627811915415e+00
1.853891968718685224e+00
1.088738275802168198e+00
1.117074553438114126e+00
1.605979261477007647e+00
1.317411011515610353e+00
2.107815515131752804e+00
1.160296636744106769e+00
1.289597268553608123e+00
1.115732508338103335e+00
1.549132138774169221e+00
1.568376660088219188e+00
1.286575427767959967e+00
1.977620227523434027e+00
1.570960092141998388e+00
1.259323055063319208e+00
1.201566321695864303e+00
1.303386004296924527e+00
1.712689637777286666e+00
9.972344527047054541e-01
1.619591455769829658e+00
1.337652040783286145e+00
1.486173955894537935e+00
1.232855021463225897e+00
1.826132717922912985e+00
1.456726571081433663e+00
1.247780015519367902e+00
1.447915370120761658e+00
1.580567755063168711e+00
1.204820200174856248e+00
1.463611053967055042e+00
1.353820114585628342e+00
1.469296241147583171e+00
1.520655357860698276e+00
1.435436106039812421e+00
1.552574502391300904e+00
1.570540989017012112e+00
1.793213186398746828e+00
1.425150686385750154e+00
1.185595484299063695e+00
1.656450270051392781e+00
1.538701983011421026e+00
1.729797496656698241e+00
1.285949802243924633e+00
1.390418202640488321e+00
1.489351276695734194e+00
1.336094026048673777e+00
1.082497645501784955e+00
1.553058398738518253e+00
1.563640380645526795e+00
1.367017976958465608e+00
1.363365496658115017e+00
1.364778721450339516e+00
1.174422658279624221e+00
1.346261399466328390e+00
1.171159478789675301e+00
1.543169355190826542e+00
1.512236589515304930e+00
1.263569934158741859e+00
1.305039788653791888e+00
1.196212478120868061e+00
1.451112786451744796e+00
1.550240796329393600e+00
1.406932830478878182e+00
1.433084618122733023e+00
1.183344790427321103e+00
1.545306415503883368e+00
1.366841936580992956e+00
1.452772519340154833e+00
1.073309373565913383e+00
1.470711422357814824e+00
1.353476554633815443e+00
1.556144955754680037e+00
1.598960213238937333e+00
1.470447458746009683e+00
1.606451741074576667e+00
1.651267148987144662e+00
1.305953166190047865e+00
1.492893868230389609e+00
1.334806242734351889e+00
1.384418518257261033e+00
1.657284795062243798e+00
1.924820925260490645e+00
1.397410610398770459e+00
1.449675479064137296e+00
1.777259136328638300e+00
1.422870326698809640e+00
1.821737614743724976e+00
1.257693082003456198e+00
1.574171479700291254e+00
1.189381852557565233e+00
1.247832098856908489e+00
1.036561902502362020e+00
1.632748516992106103e+00
1.691733218694517982e+00
1.247314304554280273e+00
1.605828727599494909e+00
1.594536525953581307e+00
1.594929029695362876e+00
1.210524805741683974e+00
1.854629364308834294e+00
1.007725387886746704e+00
1.401098281787317656e+00
1.477220055272692401e+00
1.073039201579170321e+00
1.333641134155306052e+00
1.278966813645429301e+00
1.714493555118402623e+00
1.672441655187090648e+00
1.137515687224374128e+00
1.651609199906300063e+00
1.718770494061542253e+00
1.417064238445752355e+00
1.703331465440681480e+00
1.714263229770372376e+00
1.627261324098307815e+00
1.593790355313061013e+00
1.730295469320914936e+00
1.583397782746359006e+00
1.563625413289547739e+00
1.379019856097700281e+00
2.152474068748721603e+00
1.654223666072874188e+00
1.570928360527324763e+00
1.574485633932896089e+00
1.742319499758161472e+00
1.709381221812382945e+00
1.680438731451316281e+00
1.651123271962412709e+00
1.349571904354675889e+00
1.707159713220519626e+00
1.218300719174688407e+00
1.424945707076179957e+00
1.999015979013178068e+00
1.571708374453919532e+00
1.473255445243405459e+00
1.514547301972897886e+00
1.378012594840095195e+00
1.063288485133114136e+00
1.084927731790225724e+00
1.248360589883561245e+00
1.539287850441045435e+00
1.213109264966228062e+00
1.566595763747374637e+00
1.651704895943826967e+00
1.749812255910296654e+00
1.253734093631105440e+00
1.378933271940338656e+00
1.303686186326799668e+00
1.452845524054591220e+00
1.756183125064866735e+00
1.284485373742179970e+00
1.448038709356392228e+00
1.475410717054547183e+00
1.190041691668215273e+00
1.306710711398685998e+00
1.021659518255918719e+00
1.710757921439947982e+00
1.886232086337404024e+00
1.236567933226616622e+00
1.499660861123399247e+00
1.515910251505283579e+00
1.855281255358202097e+00
2.164259232398097588e+00
1.515130957439159154e+00
1.088889898989633842e+00
1.222057561579944718e+00
1.525623055294573316e+00
1.337927756729698103e+00
1.362948340752469845e+00
1.306680018072188032e+00
1.975166017978496003e+00
1.499694594400570624e+00
1.289383965509180552e+00
1.376926093716703603e+00
1.267956886187644017e+00
1.457162987251672037e+00
1.529279421967760566e+00
1.577738218539233239e+00
1.187068690115190783e+00
1.447626946369197087e+00
1.549753123884163086e+00
1.294282012132883297e+00
1.528743934320904163e+00
1.118956397550367354e+00
1.629590032716845771e+00
1.747628499777305056e+00
1.500669069348364859e+00
1.760020328357275288e+00
1.270808944204572244e+00
1.418986283293892647e+00
1.465895005804910944e+00
1.859567585175015525e+00
1.753638792840977123e+00
1.542025965056441850e+00
1.556708967882004746e+00
1.238363912178177095e+00
1.359313175783608107e+00
1.633064176772954124e+00
1.851353281809827056e+00
1.677080282875444306e+00
1.455780830341555365e+00
1.980361163653351575e+00
1.617429474293424763e+00
1.222961421218534017e+00
1.210213138816419676e+00
2.034557699707422174e+00
1.299587583814492131e+00
1.501407555208368327e+00
1.580684765703294303e+00
1.777793336608551655e+00
1.228519087161668910e+00
1.502640470242819326e+00
1.231258209009725935e+00
1.460836884046530004e+00
2.130309962447087813e+00
1.319474191674174124e+00
1.327150441653494051e+00
1.430027742105288935e+00
1.624242617511807873e+00
1.335633212259655256e+00
1.394532486892976486e+00
1.533145274380657286e+00
1.659441429035817261e+00
1.528517678740229702e+00
1.523243811666767256e+00
1.113776797746893976e+00
1.381992683375590669e+00
1.285577412148329213e+00
1.385402399957155417e+00
1.458722387373517337e+00
9.501692878307589352e-01
1.374127560347476740e+00
1.530090925373947863e+00
1.628075445536635524e+00
1.519019337844644602e+00
1.304180454210551066e+00
1.599829504540784653e+00
1.535854999311182523e+00
1.356108623424757909e+00
1.668997709217370895e+00
2.266917624675665710e+00
2.010612539149631672e+00
1.326939983997855954e+00
1.181306414175398833e+00
1.688438819375854605e+00
1.295826783853415654e+00
1.458476670440667311e+00
1.179780725229122362e+00
1.164080336401258853e+00
1.444216586602456331e+00
1.445091822319695352e+00
1.635348075482627062e+00
1.549931803039686917e+00
1.384111964181518273e+00
1.241934869576198919e+00
1.567159469161012453e+00
1.249150684537624345e+00
1.544599574933222419e+00
1.765059160977037855e+00
2.095316869825610162e+00
1.506107377154297877e+00
1.597779401296734125e+00
1.244688794482215144e+00
1.159134436791101841e+00
1.337685002579295679e+00
1.370752790376323471e+00
1.839572184653954778e+00
1.460986560778589238e+00
1.269369631232478257e+00
1.504782616581387789e+00
1.410513970924816229e+00
1.910370634111823618e+00
1.737201813419436025e+00
1.191417113061711053e+00
1.620070378535252820e+00
1.456072452260832373e+00
1.759823111121790573e+00
1.458829100697914161e+00
9.581839637387546960e-01
1.290998573784035042e+00
1.301994736549478171e+00
1.129580523481987564e+00
1.502036886341354682e+00
1.442822505119795817e+00
1.703497422836104391e+00
1.019363799918304059e+00
1.506695936030129301e+00
1.422174294222994462e+00
1.527202848120893020e+00
1.437481183863270173e+00
1.918878042715985055e+00
1.470103785535192609e+00
1.785100316992113134e+00
1.240923501534623608e+00
1.478140848753580761e+00
2.126738627719540364e+00
1.380220690854029320e+00
1.718424800579257949e+00
1.891442416682334704e+00
1.387531558979725466e+00
1.468302449089664119e+00
1.348876237335459916e+00
