1.906016250503563825e+00
3.889746539551552029e+00
2.218221430452459675e+00
1.708227019630224719e+00
1.322485778264624656e+00
7.666936678515022585e+00
8.329704640678096128e-01
2.577735878371397504e+00
1.871479842147802941e+00
9.217766757820726298e+00
2.411709253438794942e+00
1.539846999209978362e+00
1.313119972612879716e+00
1.603826048484773725e+00
3.963656231840401389e+00
1.181183518072261851e+00
6.813261762841015923e+00
4.012964855065610514e+00
2.182013633572171152e+00
2.314022287425977709e+00
1.655912976008402371e+00
3.149964545863326304e+00
2.178197211411788903e+00
1.018976795098425869e+00
1.243843547224704515e+01
3.112895646749305634e+00
8.367087931189381322e+00
3.351015023561830564e+00
1.164121545731487650e+01
1.718672090315177670e+01
2.082195504511286988e+00
4.070549900202845350e+00
2.084506517045007890e+00
1.496599681157768424e+00
7.086923725458345480e+00
8.706590868175717590e-01
5.249151405037281393e+00
2.972184177499869850e+00
6.617364130295530167e+00
1.359165574583228286e+00
2.349311949626689433e+00
4.628625709426505530e+00
2.539415410155701380e+00
1.980160569915405455e+00
3.014764358267884692e+00
2.194164569601894321e+00
6.520716750758310809e+00
1.689590098262319318e+00
1.787581314544142597e+00
2.202595140383123429e+00
2.465570535947383846e+00
9.195451042783687745e-01
1.484503561520017056e+00
5.136774963143734496e+00
3.132799305367547138e+00
1.550176633321879827e+00
9.398247416575021829e-01
5.001078896021009967e+00
8.013662385193413229e+00
3.367825494456925028e+00
4.687188653802039973e+00
2.002497404465315434e+00
1.774787108972923910e+00
5.624418726303968441e+00
6.152242937099074105e+00
2.364023166453520286e+00
7.725704889930602448e+00
1.470253948076164274e+00
4.479531171052859584e+00
1.487410726518753723e+00
1.801576989143798713e+00
2.802307128181052320e+00
4.174958394893454106e+00
2.094700291886804511e+00
3.129029707131438798e+00
8.494367322613168847e-01
2.193336281969242574e+00
1.099786995584605354e+00
2.750664998274997775e+00
1.551634292400384973e+00
9.837723222281492541e-01
7.376040026783229342e-01
1.074511656931375736e+00
1.283845586938682670e+00
1.418202540173988613e+00
1.452987992460677447e+00
3.882325016791737138e+00
2.497367590620784394e+00
1.416728150895782301e+00
1.804868014086769001e+00
1.738907701997506550e+00
8.978188940439763011e-01
1.334195159330962666e+00
1.360546774399133962e+00
4.288656514031583988e+00
1.635930529541888223e+00
1.028613140074210008e+00
3.656929314827420008e+00
7.628712497501329182e+00
2.290621994128855476e+00
5.389423234138161156e+00
2.380243390470395681e+00
5.963130999052269843e+00
1.464321567438018112e+00
1.143301260062087099e+00
1.787438247173925410e+00
2.092472219521615884e+00
1.232133285362288833e+00
2.842802664040064098e+00
2.838504982988990566e+00
5.533552885357141626e+00
2.737952676836469923e+00
3.143724845196898432e+00
1.738842622164493257e+00
2.346703872596599627e+00
2.443360273578777164e+00
1.347374998595553430e+00
1.178518053860102111e+00
1.154406970639305863e+00
5.330644366430819403e+00
9.978678043153821342e-01
1.297570377155954802e+00
1.282539708300825643e+00
1.338387682993304573e+00
2.330583550561525108e+00
8.476853934561972004e-01
4.445944917356902115e-01
5.098619485263013118e+00
3.209173178299010498e+00
1.418819999074959703e+00
2.895951789542912991e+00
1.202155259013015787e+00
2.566464978816573872e+00
6.924631832344958493e-01
1.509607029030009651e+00
2.559032951352703034e+00
4.223543764859265970e+00
3.292273761745359906e+00
1.948848343788852944e+01
1.339223554664742633e+00
9.278473786543972590e-01
5.333525085491670481e+00
2.508511264460474344e+00
3.389221848889249600e+00
2.374216457237269040e+00
3.473263045646730607e+00
2.338244143778160922e+00
4.567100534599505046e+00
1.917157426433063083e+00
1.602814771133295846e+00
2.877842681087631416e+00
1.526497023967303468e+00
4.190449288610998302e+00
2.702475836003034981e+00
2.678640990414951517e+00
2.159156464073130888e+00
2.701688969530025464e+00
2.365349698452216209e+00
2.999438659566163068e+00
3.150570529333382996e+00
4.728391818928538548e+00
1.549643003570893462e+00
3.360283930032272881e+00
5.489400408555413335e+00
5.753580631125156941e+00
2.081467427883256338e+00
2.366334088905206912e+00
3.362406281928858487e+00
2.506265464554229272e+00
3.975899892930081947e+00
2.343300202791839038e+00
2.404478401105909491e+00
1.564426018082401226e+00
1.878063534429116332e+00
3.145743870131425091e+00
2.688014209826558254e+00
2.645175656712222434e+00
2.187072008624898256e+00
2.496415292010450759e+00
2.988539157407243074e+00
1.808052306771943618e+00
3.142352263257733203e+00
2.494395607926109371e+00
2.632511467670969108e+00
3.107302164567907976e+00
4.865992643427610176e+00
3.962605138006273453e+00
6.340062876215353249e+00
4.243007381695098168e+00
1.794290393593314104e+00
2.054431571873114315e+00
8.709246153893384079e-01
1.223018732190639390e+00
2.207085151911968524e+00
1.370182434643051783e+00
3.440529987690049030e+00
4.035140214113506651e+00
6.781835884976492146e+00
1.202734329302399097e+00
6.737517272680301872e+00
2.789105868011976685e+00
3.392688191366298067e+00
2.053627813483631659e+00
1.136047792008832680e+01
6.793772927957221208e-01
2.982674934522347776e+00
2.563837365582721350e+00
1.001867702340973221e+00
3.615527384362554830e+00
2.523340726469906592e+00
8.779719524982838585e-01
2.753050489583277916e+00
6.271985973811236015e+00
1.674308525970876538e+00
6.762895610651628253e+00
3.608235518076909454e+00
1.611919557256190627e+00
2.035155696014901761e+00
2.728732852110763218e+00
2.685939643900812079e+00
2.198992292882573363e+00
1.411413615357031137e+00
3.009024477000351361e+00
3.703171734625255507e+00
4.066248647716679265e+00
2.525504832622860629e+00
1.257193989461778516e+00
3.852586279481040155e+00
3.475025832463980002e+00
2.144023243829807690e+00
3.303425889150053862e+00
6.285492854644158633e+00
1.627704834513093335e+00
1.319085744507285662e+00
1.757221247262144681e+00
1.965363813127594339e+00
1.723495855923975917e+00
1.431270568760769413e+00
6.581519864557660249e+00
2.512736674097051370e+00
1.479667477705712830e+00
6.491826108553438779e+00
1.806970763300926430e+00
5.096176969514349508e+00
3.750620120341008334e+00
1.827908121609185477e+00
4.333447639753646108e+00
2.171337809601984858e+00
1.485802616639902318e+00
2.189421091987743928e+00
1.323343696257514024e+00
2.041328869937005575e+00
2.379032035502273157e+00
1.289267779567019767e+00
3.206493346986572845e+00
2.357529026230675395e+00
1.199478002680219868e+00
2.852777259114315900e+00
4.446877262629190142e+00
1.277638308023481661e+00
1.221725442712605858e+00
5.971106568089608047e+00
1.917676797226606000e+00
2.433524629780328130e+00
6.413983047897064083e+00
4.608308869812008268e+00
1.221274513105184756e+00
7.932367400866370488e+00
5.595825595125919705e+00
5.442083450309136872e+00
9.942647260418281396e-01
2.587595783256034121e+00
1.725806048252091607e+00
2.991242322844798185e+00
1.333907600664689719e+00
4.480759073075819998e+00
7.578127474014534348e-01
1.328362175938373468e+00
1.920716242003285057e+00
3.767841372804724642e+00
2.289067475396368678e+00
9.758155653589070111e-01
3.050844985118647656e+00
2.462344649023187948e+00
3.448311188974314323e+00
2.094217757496373622e+00
1.931819633492417143e+00
1.802988221439421723e+00
3.626211739423177427e+00
7.790921729718467414e-01
4.236604760773060363e+00
4.884577496926019613e+00
7.235941098148300554e+00
4.096019778098871633e+00
2.224803798565443635e+00
7.561814104542909476e+00
2.952504026356397304e+00
5.506757242065599911e+00
3.203488572238949672e+00
2.464302970736997445e+00
1.950306054619387330e+00
2.612753316274931237e+00
7.177873082114933911e-01
1.429336946383267914e+00
7.367747544833540552e+00
2.002024025990154943e+00
2.496586783844946034e+00
2.973555853352865874e+00
1.543841516772465283e+00
2.455929511467981996e+00
5.285536005288249406e+00
2.160254112437686835e+00
2.078843998366879831e+00
2.997213142711779632e+00
2.069493495371375058e+00
2.091466534043510794e+00
4.041211997354067442e+00
1.831086221690965576e+00
2.310621153500544089e+00
2.137694252745027335e+00
3.656199511194786922e+00
2.866643207464032006e+00
5.455577957058873828e+00
1.794687621038608238e+00
1.190642329186233139e+00
2.935219882373438338e+00
2.428210091713997709e+00
1.759136030551387675e+00
1.123073004078396053e+00
2.057562327321083906e+00
1.745805165034700623e+00
2.705694437325587121e+00
2.086557439254830726e+00
2.465910389372750977e+00
1.961369855189602829e+00
3.781532967844887239e+00
6.236857449125583486e-01
2.413374042179107004e+00
1.472436395422396593e+01
3.923526095933112856e+00
1.921682191381223426e+00
8.808879972296619343e+00
1.539195665424797133e+00
3.871092696164878166e+00
4.595549109705550528e+00
2.089200272182674123e+00
1.247128692063348421e+00
4.020759705982785093e+00
4.032169761426052546e+00
1.359442681779602147e+00
1.328759658299248025e+00
6.609008021582992720e-01
2.863140615859958160e+00
1.141660899025945852e+01
2.503180452934306466e+00
2.382201679408725514e+00
2.104394860686106927e+00
1.677650301944915823e+00
2.172394732532642259e+00
1.421409116336497913e+00
1.690217461070671945e+00
2.153734404533338420e+00
1.226857691915203663e+00
1.407515170005142702e+00
2.378145693422426987e+00
2.988804845831275259e+00
3.087972539366649727e+00
2.612242187360244827e+00
1.625733010077136553e+00
3.489220782242582253e+00
5.620958530408007192e+00
1.158384409855036212e+00
1.189637796730821817e+00
9.798954854592399899e-01
2.908063366907162717e+00
3.618825908533352731e+00
1.086950276974085527e+00
2.325931853407830818e+00
2.352500220234584383e+00
2.742902013430448704e+00
3.479351543175827288e+00
1.407047291234839959e+00
1.172502936398758244e+00
1.279761856875446080e+00
3.455888443464248727e+00
4.660082008418835464e+00
1.278666108340519969e+01
5.316086841312219313e+00
1.015630199513825715e+00
1.640536310581038437e+00
1.557753011083488071e+00
9.298555347671466631e-01
5.197299422033096583e+00
2.798489555333646628e+00
1.012469654223765048e+01
4.225347120227914921e+00
2.709819625725484737e+00
1.432479341558511532e+00
2.713317931133520045e+00
1.405072195999295559e+00
5.833681181175056629e+00
3.870402793911794426e+00
7.200429836200153311e+00
3.472585800970417136e+00
3.125091180050339812e+00
1.655512682305432914e+00
2.133561900105334086e+00
1.746426330162164309e+00
2.434901528719445540e+00
5.531909185206725921e-01
4.907732999773994464e+00
4.681170438637339615e+00
2.030621790091014844e+00
7.305760226929399970e+00
8.057719422061216719e+00
4.581257082423461746e+00
2.908014660621590419e+00
2.149228272110727200e+00
8.927638953654220444e+00
2.137959160922802138e+00
4.027725926714023963e+00
4.167494463626408852e+00
2.848842443253266410e+00
4.062894156423090486e+00
1.120115890479533194e+00
4.202070500863593239e+00
3.661457394893814943e+00
6.340141692656280803e+00
2.126599010317023808e+00
2.223230285571287546e+00
1.895351915247477592e+00
2.079870796991583504e+00
2.118359985830903902e+00
1.789165087369386509e+00
1.617251258631955846e+00
4.167085463065951068e+00
5.129016283393295517e+00
2.275168570448125038e+00
1.905681364424723467e+00
4.472522094055367603e+00
2.225128965919868751e+00
6.825012284754115477e+00
1.455572207298076348e+00
4.347413600013404711e+00
4.610441886687503654e+00
1.751668929403712882e+00
2.523142517482937386e+00
1.291175253603644713e+00
2.854595309903148248e+00
6.398230920244557751e+00
4.954231641007702081e+00
1.329425754114273550e+00
1.593473218748277631e+00
3.054782159748223869e+00
2.530082222062171038e+00
3.736829924158891814e+00
2.453823969979672892e+00
2.018685879694519958e+00
1.606932252078466350e+00
4.279308799761313509e+00
9.833991843032199309e-01
9.926744820078305942e-01
2.374667695522769684e+00
3.581959325635873714e+00
3.832299315777268234e+00
2.747689797343564777e+00
1.248788755100799230e+00
8.286872461598333572e+00
1.841029199402553385e+00
4.064891444162752165e+00
4.533432749454990862e+00
1.446348698697043300e+00
1.926842027717890371e+00
2.033452479073407204e+00
1.190577868219283575e+00
1.722155268916810922e+00
3.406302526039941547e+00
2.402621520481414752e+00
2.971817343680478007e+00
2.292508144482038102e+00
1.406182670002936730e+00
1.540275276616797751e+00
2.181220321932495931e+00
5.649256385729463759e+00
2.929900172097555711e+00
1.862835630482224447e+00
5.033678903336562094e+00
1.095766933435824209e+00
3.025066525568513853e+00
3.652791487315794061e+00
3.755381067530181749e+00
2.524900500188350883e+00
2.564606026556253138e+00
2.382796484675861137e+00
2.309345047520902749e+00
2.030879844949793345e+00
1.408499602058619349e+00
3.597877384776329901e+00
2.376262361907027110e+00
2.583253324053880196e+00
9.805929912743748256e-01
2.666308027536000047e+00
3.853854843385549511e+00
3.135473496976431296e+00
1.683286619829104325e+00
1.191749939665661451e+00
2.461924773524959864e+00
7.337183606210272657e+00
1.677842592314599424e+00
6.358058512617869695e+00
1.899866221588224269e+00
5.021422544783255226e+00
2.693238194488229542e+00
2.816895837739311848e+00
1.626342407807026103e+00
5.544630028148678669e+00
2.793711179488718166e+00
4.793059066996981699e+00
3.723281019543773329e+00
7.622908496105492704e-01
5.449499833358265377e+00
2.939460275218135799e+00
3.188831109793718088e+00
4.465812155816237805e+00
1.254649734722444121e+00
3.196539745922843068e+00
1.730245001556722562e+00
1.179626588744425941e+00
4.056755947237737026e+00
3.133649931809117550e+00
1.154342035996784865e+00
3.723004710777260584e+00
4.485435602439812541e+00
7.293803097214942355e+00
5.878914815617313216e+00
3.039913019974804342e+00
2.576624121121531275e+00
2.037239505824298025e+00
2.460685251037538546e+00
4.733153951416656291e+00
3.020030581063295472e+00
8.944830447491699532e-01
5.499722897351071005e+00
1.237955693553561609e+00
2.793051930178882536e+00
5.500134293356642168e+00
2.994790265974779597e+00
1.456272782128350096e+00
1.900224580200897462e+00
2.602651690617211688e+00
6.452195328325210255e+00
1.469696211313779033e+00
1.788628266179370652e+00
1.645399217354552190e+00
3.293559756090890911e+00
5.304492386272707805e+00
2.179117362410313063e+00
2.686321454526873875e+00
1.506130170952761471e+00
6.029332733470643468e+00
3.481247909182895395e+00
1.565784176670088179e+00
5.611572023846652435e+00
1.912848486654428859e+00
4.051388658855941571e+00
5.950274160611429330e+00
1.426012784385041199e+00
2.343266583014675941e+00
8.496565921771654928e+00
2.230533469380128864e+00
1.209809638062414150e+00
6.185215945800715431e+00
3.378847281081337695e+00
2.261114907232006477e+00
1.941238182852978111e+00
1.626766220300455368e+00
1.359478255195545771e+00
2.846357573105892769e+00
2.202534078084558367e+00
3.501559350000014170e+00
1.702124898628738281e+00
2.174237144689227907e+00
2.588711642555083792e+00
1.037967569981752103e+00
4.107055768280025276e+00
1.934137106689945096e+00
2.043507970470220148e+00
1.297884126329878818e+00
1.397872922670261975e+00
6.322965546947887816e+00
1.662687413211795917e+00
2.526301972917628813e+00
1.345757695611419447e+00
1.445948237717289198e+00
2.854123713018603681e+00
3.090333680935781313e+00
6.236514312732636123e-01
1.871215020647355898e+00
1.657100809661064211e+00
1.769736370449114693e+00
1.462490139000807599e+00
1.549701222066033779e+00
4.818267348411696460e+00
1.426450621278407382e+00
9.223669443469084683e+00
6.627892309700751383e+00
3.053034774961453923e+00
2.251953423270617538e+00
2.558384344862352222e+00
3.291887153195959925e+00
4.824262678535349735e+00
1.151360191402802213e+00
5.479661949724129677e+00
1.293761410663235134e+00
9.485696460078429926e-01
9.008058443746164157e-01
3.345613680643321874e+00
1.146681143755270638e+00
1.659444276622884296e+00
1.910712712525574952e+00
2.040239244943976349e+00
1.528175696443583309e+00
1.003391050237265825e+00
1.734098701966268141e+00
2.079291591360278524e+00
2.183034650477131855e+00
2.424455462858400967e+00
2.582536299980474404e+00
1.832368024089618963e+00
1.215385686736055959e+00
1.156953035797476437e+00
1.542812822293160080e+00
4.253165140065392258e+00
3.173956758121742272e+00
1.872522600167590534e+00
1.694264004653562194e+00
6.498529377581763633e+00
3.491679124118420852e+00
1.410250575604528933e+00
2.761091291462015818e+00
4.747135080401697849e+00
1.700779098956546553e+00
1.275853521140238422e+00
1.326255081412795889e+01
7.160001930956472194e+00
1.336223131496794059e+00
1.649064151306288473e+00
2.228151182775212291e+00
2.214128030555775783e+00
1.533889088689846858e+00
6.400055654879916567e+00
3.952219188836124886e+00
1.435796119213665456e+00
1.671524171704543482e+00
1.740614419769083909e+01
5.944808702428493241e+00
5.273567344575504023e+00
2.647230889512415253e+00
1.098042722931906745e+00
3.027907008513321951e+00
2.502569916158405849e+00
5.315743788779988321e+00
1.272973982786980152e+00
1.268904509574802830e+00
2.155135811995442019e+00
2.876338405625966654e+00
2.080049628241180226e+00
2.470900388774698531e+00
4.115953480862394542e+00
3.242364713089672890e+00
3.128353009955649799e+00
6.012039929624791057e+00
3.229436591719918148e+00
2.700922033911608011e+00
7.044003535906099955e+00
5.303742833310885807e+00
2.938783157019663861e+00
2.379396184055228236e+00
3.906949219386923744e+00
2.922448693223255844e+00
1.926711141457747356e+00
2.750281723181084104e+00
2.820296663378244872e+01
3.940573959790951708e+00
3.739773424438600280e+00
2.339539581084102426e+00
2.032594962044732334e+00
4.158454392370130925e+00
1.505288828001374535e+00
3.383081763567615585e+00
2.508388326549411573e+00
1.727240403186947715e+00
2.108726763844272156e+00
8.296162683034719265e+00
1.768703177141716765e+00
6.388064265152802790e+00
1.393271944707813459e+00
2.515732652393243729e+00
1.812200103678012875e+00
2.691642019110531692e+00
1.993821116588639475e+00
5.921696946965504971e+00
2.392645317243080161e+00
2.339058019984023851e+00
2.416353152824197714e+00
1.901968766387282406e+00
2.426324429470762212e+00
1.653913877502050545e+00
1.837666699679053384e+00
5.751671216547383558e+00
2.953889434351027354e+00
1.838768209709254364e+00
6.003912216205407049e+00
2.254746456171900171e+00
1.988653983641061940e+00
2.574950752854116676e+00
2.428635387203983864e+00
5.351613219755309458e+00
6.800946393708576565e+00
1.614042481473818125e+00
2.663108086955620735e+00
3.630313319979061593e+00
1.934623341226581195e+00
5.430528336569578229e+00
1.824294584669007735e+00
8.808263959679980104e+00
2.866288691809023792e+00
2.304898425433829612e+00
3.160417074142029215e+00
1.785062699236555250e+00
1.767410768189269454e+00
2.420250599887908471e+00
5.068902768453375174e+00
2.779032106653668510e+00
3.441579792673934435e+00
3.515370709347517941e+00
1.702512686129783681e+00
1.532487847026342775e+00
4.168916445800634918e+00
1.723299974629386666e+00
1.414888190858151651e+00
9.075089838358433303e-01
1.252422793636729592e+00
5.618025267681196588e+00
1.390427751422147917e+00
4.329115554986651127e+00
5.235388947172709528e+00
1.029582226188523242e+00
3.073085033241756303e+00
2.405801234727056759e+00
6.145560463281436014e+00
3.005641674368781047e+00
2.876821850538516134e+00
7.051612792363975757e+00
7.601599640577519912e-01
2.255993630848425635e+00
1.067863565748988997e+00
1.891318237857970486e+00
2.597229561578161761e+00
4.534883246018390324e+00
1.384129155428370339e+00
5.395230493453581744e+00
3.145829077174246091e+00
4.506723215344432987e+00
1.104830996075795158e+00
2.705845604223369172e+00
6.325828729670171846e+00
2.708102037206586488e+00
3.532898517753061185e+00
1.145088104435002752e+00
2.329489219414018208e+01
5.517115585686802604e+00
3.699087876699298061e+00
1.466697547392219469e+00
3.035308863900863408e+00
1.676806119454326005e+00
7.633205932054089260e+00
1.488800894300529531e+00
1.658587758409987956e+00
4.199292970289620008e+00
3.194529792871238616e+00
6.332037973370783224e-01
9.962097719415852204e-01
1.678773520898301230e+00
3.784053575451563844e+00
9.737188174195056334e+00
2.068254361624831894e+00
1.578497170289966389e+00
1.025612657401791195e+00
1.440716067946483658e+00
1.451182898544596922e+00
1.450207634296160064e+00
6.345119924799638156e+00
2.166209083570067140e+00
1.225291697762826537e+00
8.917653034699361214e+00
2.133414305469780725e+00
1.250758978397674692e+00
1.076479493673810239e+00
1.972742492446249774e+00
3.633683060617892036e+00
2.021075757339605428e+00
1.666669040171778748e+00
9.346457594956649739e-01
4.169435254531802748e+00
1.570642929423747836e+00
1.906532814166345791e+00
2.842183464476158328e+00
8.946346591151463912e+00
4.789125344419041141e+00
4.125472696667704220e+00
1.596125935276216934e+00
3.031716360240856556e+00
1.846547063012239365e+00
4.355797476917768307e+00
2.704751794726000469e+00
4.068724746259158920e+00
2.134769697424206747e+00
3.937623079803322046e+00
2.040732986442480357e+00
2.764054652580134164e+00
1.374985230775534806e+00
2.078612941854743212e+00
1.723794531669465169e+00
2.830629138122045863e+00
4.244915748211637307e+00
2.793266372979848811e+00
1.017726778466528037e+00
2.750179985067747079e+00
1.114860369094370807e+00
2.476563906415724325e+00
1.970072876726206124e+00
3.040362545021753959e+00
1.948239660845925814e+00
1.301036844865845943e+01
3.550967944061674597e+00
5.200190549132353901e+00
1.841433749999349612e+00
2.116755906633475348e+00
2.174875478223400105e+00
5.312123984542254540e+00
1.442680020392941076e+00
1.284294213871784551e+00
1.572276254676358231e+00
1.585875038148143013e+00
6.631766570220587020e+00
5.609930490306641815e+00
1.418019426911718117e+00
4.192733536954237117e+00
1.990071709959908564e+00
1.266031639505470707e+00
1.105980485860542295e+01
7.027992753297330530e+00
1.239075078244391293e+01
2.516310538357485083e+00
2.375423200137004365e+00
5.937809600326380277e+00
7.037856379445035948e+00
1.376483567944595476e+00
1.045275452518464654e+00
4.208095369001337183e+00
7.710166987424763363e+00
2.474128338700921415e+00
5.265320061253608852e-01
9.768305212026348272e+00
1.892789810848882315e+00
3.946961217312185521e+00
4.288491302442862363e+00
2.631246562140188594e+00
1.702150813302986787e+00
8.993918824887806807e+00
2.270998575534327379e+00
2.851229404829924263e+00
2.325496165587608299e+00
2.800743994395955561e+00
1.485803642908644528e+00
7.028170075266417349e+00
4.376882235707896918e+00
2.110818255381797570e+00
1.460274798798293583e+00
1.507498105904292895e+00
3.376995701426368068e+00
2.413653062491754486e+00
1.609214439358159998e+00
2.052587627209859988e+00
1.697908396708971202e+00
3.484352782586135788e+00
1.100281341021110970e+00
3.385818630880971014e+00
6.031934132684668270e+00
2.710481720290229823e+00
2.292453993531168077e+00
4.350524789653305469e+00
3.091017439794888855e+00
2.537160128506969592e+00
2.889573978724086167e+00
1.902479019247568015e+00
5.059704817030630686e+00
5.547359077198000143e+00
2.684404110575911773e+00
5.290429456059595914e+00
5.076533650633502148e+00
4.363762429940149623e+00
1.373482977217837631e+00
3.052498923713646839e+00
1.868723286081278134e+00
1.631380147864557539e+00
2.828929361953246069e+00
1.195840373219705821e+00
1.711177615137408070e+00
2.754920793500063692e+00
9.768233016703680160e-01
2.455354054142695031e+00
7.779934933234454730e-01
1.624519591627314297e+00
2.705012189045818971e+00
4.622792257828394646e+00
1.797382067757192559e+00
1.287109830776411501e+00
3.378176702830663292e+00
5.536550592858557884e+00
1.465671862862456765e+00
5.003958048853891505e+00
5.718475733992478105e+00
4.487596112013529037e+00
1.897219984073191412e+01
3.614900649578959513e+00
3.061971946336622175e+00
6.446837799397910906e+00
2.075930168773518325e+00
2.686519010465838520e+00
2.025878284830429976e+00
1.280509251942263615e+00
2.386257003986151926e+00
1.867871625597320673e+00
3.395141815864847423e+00
1.338259331837023280e+00
6.608068566833828150e+00
3.009026836319600662e+00
1.625031121051435878e+00
2.365194912239183100e+00
2.961482558195802195e+00
1.153208314208145069e+00
9.269590130309803833e-01
3.672144488957307829e+00
1.647839452862971177e+00
2.165642813578178671e+00
8.314909752929316999e-01
1.556948432456115361e+00
1.949539643168159753e+00
2.017976042165111839e+00
2.733329287732352952e+00
1.406510678540957349e+00
2.162364380432862276e+00
1.907474887058457025e+00
2.157056711784222092e+00
2.487213470976961105e+00
5.354420877692094294e+00
2.685333709607580666e+00
1.981367290484489896e+00
2.781039204538246157e+00
3.186837444299421840e+00
2.141532122682371586e+00
2.096737292364950100e+00
2.344773840606366289e+00
1.384891460251642448e+00
1.360139739141833948e+00
2.893331298101567306e+00
2.651897801808946742e+00
2.227796681661843969e+00
3.625294648656867125e+00
2.979104203234880455e+00
1.505730042632787535e+00
3.245461788031421602e+00
3.783582892015280308e+00
1.611477060691574259e+00
2.209822395802552464e+00
2.642450402313053726e+00
4.761842144363368945e+00
2.263875406454970651e+00
2.153183555449716291e+00
2.198666436619350240e+00
2.714565552122666148e+00
3.536428144007350838e+00
3.457597486331348335e+00
1.834605373761335478e+00
6.604069681162567207e+00
1.996533079806873667e+00
5.078620021764898240e+00
5.210000555716269410e+00
4.789318510586999977e+00
2.429681038870056486e+00
1.162913919396248330e+00
1.768664188731651876e+00
1.760650344614207663e+00
2.689696593580884976e+00
3.554538157872146442e+00
4.289289156206207210e+00
4.299846926529649949e+00
3.117704753626508563e+00
