1.149212473052892536e+00
1.587370989776960339e+00
1.002700197663648041e+00
1.371594051063305120e+00
2.839275655643135998e+00
2.115602331146486659e+00
2.398881051392203645e+00
1.145248794941557957e+00
4.834793925716777352e+00
3.121089906651159929e+00
1.762314485280713106e+00
1.368047476390665373e+00
2.083566923056719755e+00
1.462588421992087051e+00
1.157342187523594745e+00
2.072755272986958275e+00
1.998603618189142450e+00
1.795898674957663976e+00
1.661217257013017923e+00
2.078307205737019547e+00
1.839765565174181328e+00
1.797750741343290048e+00
1.205353998283945405e+00
1.067319401309028359e+00
1.308981798461932522e+00
1.264524654548327742e+00
8.547472530145010516e-01
1.099194550626771072e+00
1.301078608446247564e+00
2.987528385430819000e+00
1.165402399172403403e+00
1.603206646728290385e+00
1.097014434702719310e+00
1.642264123590652991e+00
1.807650714904746048e+00
9.285269838559018218e-01
1.607854912949279402e+00
1.282505852075290997e+00
2.206136179214529314e+00
1.329855626503256616e+00
6.974309546661747738e+00
2.377516353616897060e+00
1.725656154564541911e+00
1.454554352110799753e+00
1.460354874361816435e+00
5.214121139540721650e+00
2.332340154675236921e+00
1.879184272082865093e+00
1.218443200968298612e+00
2.076169816490669451e+00
1.103721641656534080e+00
1.251622553298286311e+00
2.653526285908307969e+00
1.000521015794118007e+00
1.146553803906028124e+00
2.584276033564983699e+00
3.168632932231397970e+00
1.866286890650193264e+00
1.317377444391428121e+00
1.281564932646070520e+00
7.766654485088074766e-01
1.878156233874214154e+00
8.091390577842861864e-01
6.066621398647636276e+00
1.595068767238686958e+00
1.375948699291895450e+00
3.850754115263624655e+00
1.610532218129472115e+00
1.318555158610974054e+00
1.095344044863752364e+00
1.322379917734445964e+00
1.371337097770942481e+00
2.644009078967998416e+00
1.401543303969630783e+00
7.745873124884230521e-01
3.406148860784066201e+00
1.552173037225610397e+00
1.526034684476321956e+00
2.737824943457919602e+00
2.373110629219489454e+00
1.682284938804667229e+00
2.165128255945462321e+00
2.385576302222912393e+00
3.715195771252027601e+00
9.117354763383382910e-01
1.288339691164825274e+00
2.658566258167350593e+00
2.476831634722442388e+00
2.445131873283491242e+00
2.172514356369326993e+00
2.467556541064906295e+00
1.456476971681693655e+00
1.605622030377936049e+00
1.555612183004858373e+00
5.601443238630682053e+00
2.080275665671635021e+00
2.249709439337943984e+00
4.654694984062254015e+00
1.622876082088332783e+00
3.015184234041357492e+00
1.053774265038303737e+00
2.127131212535975813e+00
1.944383977207413405e+00
9.875132115995146620e-01
1.644811975595086295e+00
1.458795655650266365e+00
3.413770914567987536e+00
1.688563591374668826e+00
3.728061167639737494e+00
3.351324637782885141e+00
2.902342334399897972e+00
4.579556815334474784e+00
1.838062867662367150e+00
1.762530875076225412e+00
2.093263408198880349e+00
1.153757188864294125e+00
9.258537314674113450e-01
1.868529777230025335e+00
1.148262271610095420e+00
1.566285169085979145e+00
1.309289981071331654e+00
9.520714161095624739e-01
1.272241170789125908e+00
1.250377713558016746e+00
2.346638432495036675e+00
6.386630437165750074e-01
1.884413384754610288e+00
2.624295753432422718e+00
3.668030786839146629e+00
3.362613367617083071e+00
2.204594586979431892e+00
2.638932413622490980e+00
1.960594274606889398e+00
1.034057211838936174e+00
1.231946128060387835e+00
5.020802900276549963e+00
8.808661919500574422e-01
7.790098056274142868e-01
1.325283253971160535e+00
1.207886373503248123e+00
2.303489917748366089e+00
7.020006972954434543e-01
3.390482429542261755e+00
2.393801564954681993e+00
1.659118881251903543e+00
1.090747037929215235e+00
1.086307949860978672e+00
6.708710762282490414e-01
1.088156891675291282e+00
1.419454204369965389e+00
1.169683786443815432e+00
4.414932068549005884e+00
9.798541676314412863e-01
1.812751223481885443e+00
1.403430535520604927e+00
1.148878423912729652e+00
8.110907463524026362e-01
1.799619752735674982e+00
8.673751921772979712e-01
2.918117358512029025e+00
2.145614312845156135e+00
1.732358167719446618e+00
4.385520630713343415e+00
1.911043714656942560e+00
1.042703123342983762e+00
1.347477712209365963e+00
7.984162677681969633e-01
2.489145588557096112e+00
9.800308053385156093e-01
1.296416410815032227e+00
1.351375515507480030e+00
2.310095765567078629e+00
2.872430747473872614e+00
4.892917333921386280e+00
1.254125448249531427e+00
3.746692194788523000e+00
1.617249576505034314e+00
9.285931698046862026e-01
2.069532761779732777e+00
1.363398566592691319e+00
1.349860382986319607e+00
1.219367835251473409e+00
2.190031072951599711e+00
1.062875563512666321e+00
1.284933726161556544e+00
9.745035679759537217e-01
2.219810415068367959e+00
1.364421873410139652e+00
1.491564046997990944e+00
1.244326793265166042e+00
3.531031251234236557e+00
1.038593672214433994e+00
1.764010206124268620e+00
2.293734309732147203e+00
7.536839630733207507e-01
9.105078490372551236e-01
1.216155621906652051e+00
1.739503503503783799e+00
2.583175514004620421e+00
1.753916162071351259e+00
1.477653245011978811e+00
7.610329785037136530e-01
1.955429833529766626e+00
1.988571643789426746e+00
2.105215567059818049e+00
9.357183265449624532e-01
1.164782456836479962e+00
1.701700506969442639e+00
2.536314979294684857e+00
1.479341097856599507e+00
1.529400038943827811e+00
3.081505138116230391e+00
2.351430472207051814e+00
1.758980180663530790e+00
1.357855818335079512e+00
2.215807609903095887e+00
1.219067198547036712e+00
1.017400936817834056e+00
1.942206315550222939e+00
2.777161576279684407e+00
1.855515621774912915e+00
2.523361236025203347e+00
1.529575499344166811e+00
1.587407382934995059e+00
1.659228518133978536e+00
4.701434355126558273e+00
2.453894889650793942e+00
3.243188052379736064e+00
1.236745433480306744e+00
1.843816295276876183e+00
2.426282129853352565e+00
3.308645442124587444e+00
9.817500561276020221e-01
1.005343047442486482e+00
1.795175365050408312e+00
1.261298056253764344e+00
8.995425487013124055e+00
1.251791424633992067e+00
1.544286590020363503e+00
1.134742999548006503e+00
7.870762042078056631e-01
1.959910963559226671e+00
2.957916597964079131e+00
1.319355872054888801e+00
3.880821851250962240e+00
4.545017097757065194e+00
1.839727229456847857e+00
1.669442898238670203e+00
2.584730880394221053e+00
1.920425066003047965e+00
2.020802533174531401e+00
1.117634516713967852e+00
1.890280882714215460e+00
2.112343290949281194e+00
1.993364338363025956e+00
2.910690165848335731e+00
8.538408100537550061e-01
1.054800739228855200e+00
1.713950414455765570e+00
1.850756114148906839e+00
3.044240314239981871e+00
1.169408775295245784e+00
1.652994607565933416e+00
1.184483055124959661e+00
4.116315160153158459e+00
1.312231357227296558e+00
1.085612389133749689e+00
2.171585568521761989e+00
9.739195432643363848e-01
1.462453483450341984e+00
1.277710765621806965e+00
2.592919816878450856e+00
1.027140037314841825e+00
3.417911923874545010e+00
4.257081784280793535e+00
1.267333595295811355e+00
1.446722804387169603e+00
9.444884417996661785e-01
3.494241176796129444e+00
2.152726570128358663e+00
1.481705363854841639e+00
1.376055179857134325e+00
3.363042327881856863e+00
2.730051040727882850e+00
1.949278418280220526e+00
1.127323239993492932e+00
1.200311533032064393e+00
3.275220607027184538e+00
1.614737851168211336e+00
2.956693691972438032e+00
1.249243549461642067e+00
1.709796676176841945e+00
2.717892866585015721e+00
1.194610024481300270e+00
2.094391392292250575e+00
1.334494168860720364e+00
2.319003355731680482e+00
1.934670244863412547e+00
9.226583787134157166e-01
1.345247918087963290e+00
1.138746445397990970e+00
1.137716651826477410e+00
2.592422353941237656e+00
2.449933889276403320e+00
1.229426986096989971e+00
2.620526148105609021e+00
2.049689351032497164e+00
1.977785212539358906e+00
4.442971986525259709e+00
1.339808506040528924e+00
1.671249341294384072e+00
9.899939755228525096e-01
2.323775639743997701e+00
1.954894683031836555e+00
5.059694470784975584e-01
1.242578650773111582e+00
1.304566098038754562e+00
5.632144080721210422e+00
1.482858616842492205e+00
7.930932926326191845e-01
1.795103309469533892e+00
1.566853508615186019e+00
1.017612393109920355e+00
1.813816408326630158e+00
1.801905574336597260e+00
1.173991503544998150e+00
1.386582426624670905e+00
8.962821144270899376e-01
1.428790162577486811e+00
1.310496751377279390e+00
1.709919612790445242e+00
1.629041878492473838e+00
1.110143750566859211e+00
2.729390702345633635e+00
1.435710022165169741e+00
1.831540846007450041e+00
2.977564796864876850e+00
2.058006310691740559e+00
3.297610658661029426e+00
2.145189958930245666e+00
1.585993509028930326e+00
1.249649264322858722e+00
2.792146068593899688e+00
2.466997531987184189e+00
1.446946461372226489e+00
1.575871264798318405e+00
1.474402104242320544e+00
1.994427059778549172e+00
1.166415142594711796e+00
6.507074574606916961e-01
1.705953754748817719e+00
2.235616845987451029e+00
1.455994592421712586e+00
2.343538337540447269e+00
2.452091176807146944e+00
2.211610201924724795e+00
5.380468526505884697e+00
1.039058283525134074e+00
4.290401641920686515e+00
1.265543997540866883e+00
2.144843752916689716e+00
2.688424647370637910e+00
3.036435477194865395e+00
8.258183903572553497e-01
1.272351825292269867e+00
2.541297436584879499e+00
1.677811973409721880e+00
1.973606999792973049e+00
7.124920120490406683e-01
8.486462015146605253e-01
1.489394212553710517e+00
1.614215691993033941e+00
1.409507533589942740e+00
1.182048861103030646e+00
1.302947726355581093e+00
3.075217624628020285e+00
1.617312884497402958e+00
2.023467277354238369e+00
1.023356091927579037e+00
1.324891958034836170e+00
7.641557301414269032e-01
1.785571750279485226e+00
3.275921643834389219e+00
9.508937712406113629e-01
4.137413989930855962e+00
1.878701865886638567e+00
1.362559093906936081e+00
1.646806279918413995e+00
2.255375652834521460e+00
1.949753941936580803e+00
3.769730115853765273e+00
1.715405693213623017e+00
1.761635109782925035e+00
1.786400299776989220e+00
1.526501264794179802e+00
1.885919310344690070e+00
1.849572543405981540e+00
5.283593544922925211e+00
1.116464761908779968e+00
2.146867909632041105e+00
1.011639648499013777e+00
6.245471980468948026e+00
2.063423897751486269e+00
3.665151213706419053e+00
1.566197487242243946e+00
2.018240461070236247e+00
3.046863258615871484e+00
9.046319183856330604e-01
1.912187861173657355e+00
3.351629286256394558e+00
1.357736622823734862e+00
2.263405470576265621e+00
3.579931235757908947e+00
1.851551610816500659e+00
2.386175968581920159e+00
1.940559803934768901e+00
1.821496834964733580e+00
2.600278938411892948e+00
2.020468333933810090e+00
2.107805417998753761e+00
1.807659585544439063e+00
2.036945514458265993e+00
2.347635851324125333e+00
2.119355971187018017e+00
1.898162134298813308e+00
1.512878043749048107e+00
2.993139172904479839e+00
1.382767019916997908e+00
2.431180917694558907e+00
3.515213435969997136e+00
2.375514544608722023e+00
5.443102133525954400e+00
2.069145592615696305e+00
1.741847360128356392e+00
9.877368670796876637e-01
2.093451555263030617e+00
1.336238499966454940e+00
1.071191419617158358e+00
4.744951738483189629e+00
1.398253156259826158e+00
1.571023390565963185e+00
3.586456587816698072e+00
1.561921764032951465e+00
3.008221478805294780e+00
1.896709519541062372e+00
1.542961157894550128e+00
4.791496356092662445e+00
2.350373021060443435e+00
1.744605464877206025e+00
1.535647556834408567e+00
2.168142823535583741e+00
1.081804900366413191e+00
2.693537849839726661e+00
2.342558959645465677e+00
2.673025847896329132e+00
2.671755069827491891e+00
1.713322010627820857e+00
2.568722465639402319e+00
1.962715840195846217e+00
2.289370095723033405e+00
1.095879543503312403e+00
2.105824125269825764e+00
1.872410655971076920e+00
2.246275747872074735e+00
1.255349412906542339e+00
2.228868934199164098e+00
1.412980445123446893e+00
1.125210839720831801e+00
1.697102844041188607e+00
1.632447261046743314e+00
1.230103350885073610e+00
1.403912112010860858e+00
7.722740343052422185e-01
2.702873861798055444e+00
2.268295266923230358e+00
9.753809318930112271e-01
3.200924111509855674e+00
2.297533952782886413e+00
1.355725641464198716e+00
7.859590783727410379e-01
1.091990785080795501e+00
2.648254044347050140e+00
5.080493031819964145e+00
5.080564127893522075e-01
9.355018946624493736e-01
9.408487939960435975e-01
2.273716821042129244e+00
1.827271145077816294e+00
1.448553144218739597e+00
8.456210336431343455e-01
1.996884705596070564e+00
1.016360472373330159e+00
2.551071751091762430e+00
3.376761289506020614e+00
2.627834793315475093e+00
1.590313537048122505e+00
2.232470401258214387e+00
2.040359102462074414e+00
9.007596635734772539e-01
1.546150723917277814e+00
1.595229247991959642e+00
1.209059957912265615e+00
1.016692363803706423e+00
1.626340621911121165e+00
3.811201780538206574e+00
9.370823957964165007e-01
1.473479463213301921e+00
8.013249597943514768e-01
3.115417500177113386e+00
1.462647101073666800e+00
1.881475049969157265e+00
1.370166086866198230e+00
1.531876255264009945e+00
2.606527234081600586e+00
2.144326691258687134e+00
3.024446578095787874e+00
5.715974134888576197e-01
1.525308198684633076e+00
1.258586067478346671e+00
3.506041631321758612e+00
3.458712806779353333e+00
2.432538425782577729e+00
2.591824185322871177e+00
2.134763000521340270e+00
2.535818813799235905e+00
1.863287185729542772e+00
3.644215473672728578e+00
2.051301409788533814e+00
1.723848928133464575e+00
2.552056360915434308e+00
1.628774944977195771e+00
1.672954017903628410e+00
2.558982066868462635e+00
1.146695472538952210e+00
1.841071801469732039e+00
3.807838616947936128e+00
1.025676191746687005e+00
1.596454568325618162e+00
8.913947875803972520e-01
2.251671320266719789e+00
2.523380732237858304e+00
1.753959381230606462e+00
1.602899120559944990e+00
2.486407163407195142e+00
8.121935509785015439e-01
1.160677797704386727e+00
1.329761025974928845e+00
1.344464227129825495e+00
2.305029543967236805e+00
3.495709214513022633e+00
1.425658164405023909e+00
1.901592053133287941e+00
2.984932167605499842e+00
1.688954216917601725e+00
1.772778451320035531e+00
1.585259124356533711e+00
9.902222430545544185e-01
1.242014334354782479e+00
2.376049798595480045e+00
2.116108552353867189e+00
2.339713786135625195e+00
1.404602534657718893e+00
3.134327912422655071e+00
1.665986414367952140e+00
1.085396432406144029e+00
4.300248679198177548e+00
2.116647776481245025e+00
2.490483452763633032e+00
3.018228936538846607e+00
2.181980888192545542e+00
1.578443239267593334e+00
1.714046229929131027e+00
2.074135513626576888e+00
1.295912275384649037e+00
1.235613937699652665e+00
1.274497595298274000e+00
1.625096670704385904e+00
7.131738363102073208e+00
1.845014472935714078e+00
2.656005822846075226e+00
6.791376435781470988e-01
9.505695346844942328e-01
3.355739237240943584e+00
1.630690804481214728e+00
9.224591331555375140e-01
9.418788573763389183e-01
5.689489348999241525e-01
2.203451310674788388e+00
1.253641771129097915e+00
1.972454377823182003e+00
1.859770069658520875e+00
1.216529617517852380e+00
1.281707306288829118e+00
1.689304495859643263e+00
4.602804304609288799e+00
4.361742612737786295e+00
9.315677773341810575e-01
2.078335847239316525e+00
2.953566229416114908e+00
1.259533012725332135e+00
1.896446228077962592e+00
8.301678309725467608e-01
1.176091980827577821e+00
1.287965284721483084e+00
1.460348461563003353e+00
1.717899296468189618e+00
4.101284618286806349e+00
1.862547614942442697e+00
1.943065911916493471e+00
7.018852820707851548e-01
2.280640221714139049e+00
1.884206065168048339e+00
1.510717038833724768e+00
1.777266373483839201e+00
3.555487023237224431e+00
8.301587024123647796e-01
1.357185392344842256e+00
1.921253780583410009e+00
1.310381021018696579e+00
1.171284704093730644e+00
2.479525772307904941e+00
1.173500003110124368e+00
1.306326519243278916e+00
4.618748193908076338e+00
1.051137301197602403e+00
1.979434608750911151e+00
1.483243336727082529e+00
1.637863059720164882e+00
1.720637969969771808e+00
1.187949136938321271e+00
1.196224764790821293e+00
7.977424858481796388e-01
9.050739943475667459e-01
7.525056419711854128e-01
6.674834524445579786e-01
3.053771628692487639e+00
1.254888159484744303e+00
1.114498278206287107e+00
1.349932789964224833e+00
1.290108162926283830e+00
2.211295998842008892e+00
3.790097541618881571e+00
2.897771657690560776e+00
8.213000209356093873e-01
2.193360195825554193e+00
9.539749026096424611e-01
3.149809394819957920e+00
4.751478761414653085e-01
2.466033512286729401e+00
7.432988091803889308e-01
1.498573841810157292e+00
1.903590215967685850e+00
2.033490520487662767e+00
1.765410128482877372e+00
5.444553404079700343e+00
1.086032874845905161e+00
5.003108222005935524e+00
1.110754105556591931e+00
2.707790952101344129e+00
2.085019004686070598e+00
1.167025630843469219e+00
2.817414729149881669e+00
3.701830717968871642e+00
1.745370174931039076e+00
1.779292447403198141e+00
1.247221937757196919e+00
1.751133713328854924e+00
1.592839607162180648e+00
8.755177054856619900e-01
1.230419279710320168e+00
1.544813341445937516e+00
1.623896799619206632e+00
1.778528944080017160e+00
1.804325019159156218e+00
2.555403046003540624e+00
2.651444377682675491e+00
1.551647402611227466e+00
2.379520342952146539e+00
1.940969927489569535e+00
1.104378300676763791e+00
1.059127810155993776e+00
1.690949933843186370e+00
1.833703726990028260e+00
4.123569728265361611e+00
1.791071460482763333e+00
9.338228093658269557e-01
2.309550857089997855e+00
9.774265642792594466e-01
2.050052242916564182e+00
1.281101537194122120e+00
1.382665248417359827e+00
1.531391745993119446e+00
1.019932398312410005e+00
1.663152420663246867e+00
1.257770201462612203e+00
1.021444456064176221e+00
2.193039114081177132e+00
1.035612037148423870e+00
8.294399996708926581e-01
1.151173290571805952e+00
1.930771767708903131e+00
2.109731405368077350e+00
2.532429346168080908e+00
2.049036063895349535e+00
9.875839512482724736e-01
1.506683788998014695e+00
1.482012612249168360e+00
4.914739967356225314e-01
1.835275801797386475e+00
2.077598663785038546e+00
2.953113610508862674e+00
4.128177400046367573e+00
1.351351007820419392e+00
2.191549644347632331e+00
2.853611478811108881e+00
1.244657464943812464e+00
2.360392028762043903e+00
1.040838756971299128e+00
3.616524743321101187e+00
1.686874080178041524e+00
8.055340433160452784e-01
3.752832483925974572e+00
7.445911602044070765e-01
2.245378955645932262e+00
2.206934803103125287e+00
9.979794879624382942e-01
1.539724804887423248e+00
1.153209353458297448e+00
1.601775949415972233e+00
2.025936230357790357e+00
2.617588722065184115e+00
3.542332670710229170e+00
1.366275442681736285e+00
7.932756887564620385e-01
1.751872828169399154e+00
2.098702085501860548e+00
1.393709806892779346e+00
3.024167077758447952e+00
1.682137331747028286e+00
4.310816412657871410e+00
7.063791937752949002e-01
1.323825715577514384e+00
6.556809468920898887e-01
2.229867413403582077e+00
2.157152687963630022e+00
1.188389811036277388e+00
1.014648241943988616e+00
3.147779270289671416e+00
1.649453038651830461e+00
1.222522953996830308e+00
1.229235967872635671e+00
1.120599584767677959e+00
3.156791033346409314e+00
2.276941241278640504e+00
2.656229327924167993e+00
1.515182054267714351e+00
2.157683398693611920e+00
1.544002694433169953e+00
1.519494506670928446e+00
7.527965395161967388e-01
8.682931965553913889e-01
1.794327752120581154e+00
1.763433459741108322e+00
2.754122986491562841e+00
3.676191079050949106e+00
7.112137215608914653e-01
1.110961383695530325e+00
2.390812779289952950e+00
1.766777618036835307e+00
9.583973167657232617e-01
1.677494637882896544e+00
2.111107898149719553e+00
1.332297395556323538e+00
3.262490822177808614e+00
1.401439750503135517e+00
2.140017077179157123e+00
4.338008781992319207e+00
2.326754326947948037e+00
2.168641664301885985e+00
1.512811556899689824e+00
1.743575060881102923e+00
1.595883091150954725e+00
6.599180404194467719e+00
2.514014463838907698e+00
1.554964670813556271e+00
4.734228899397037615e+00
1.248576490492550928e+00
1.291869157824538261e+00
1.040909515598408719e+00
2.700621816008125897e+00
1.772436709331682403e+00
1.708913369794681225e+00
1.911687954162867520e+00
1.489897018829123176e+00
1.634784900905916993e+00
1.771355188484562637e+00
1.215677704503900225e+00
1.645834604985118688e+00
1.110713804883296962e+00
2.296640418413297358e+00
1.872119660460288104e+00
1.726655437648265679e+00
1.049123709647739044e+00
1.920237806137271352e+00
1.522777416646705850e+00
1.852635753237140914e+00
2.411477605254296996e+00
1.124520253988514185e+00
1.835614490637880403e+00
1.831881276682287840e+00
1.805768487455500670e+00
1.118992930356385029e+00
2.444336808849146170e+00
2.827523635643557576e+00
2.552656055474418650e+00
1.948018626022516075e+00
1.681200439475508457e+00
3.736653330944898599e+00
2.588322571757676549e+00
2.119570383619102216e+00
2.068803702632545427e+00
1.396515442953531139e+00
9.277526672600674429e-01
8.690988196902313945e-01
1.904743111174375780e+00
1.192498899034321269e+00
2.330717051501075776e+00
2.564615985269445453e+00
2.732464475086893607e+00
3.420992816918423607e+00
1.843507543257419279e+00
1.952790839999245076e+00
1.184386011035925668e+00
4.087953300774035625e+00
6.397329134183483035e+00
7.120391602082861704e-01
1.058162757931071729e+00
1.277823072222624035e+00
7.270519389910823360e-01
3.200564601458246727e+00
1.786638155410194662e+00
3.813332079985985779e+00
1.303405488495121167e+00
6.352977943258482085e-01
1.804552720156859191e+00
1.670997582710985530e+00
1.450069609739236043e+00
2.150425554044637533e+00
7.364581422374103958e+00
1.882631605109371220e+00
1.152343843357880093e+00
3.324189762308499496e+00
1.724363558259205842e+00
3.425730354098375674e+00
3.852622550775497423e+00
1.390847092565212773e+00
8.392598343285584406e-01
1.247892726248012840e+00
1.124701664625755271e+00
1.146534680455541855e+00
1.314513243763314243e+00
2.934386739178860282e+00
1.341543767750148941e+00
1.985688520702393101e+00
1.688978500784450887e+00
7.637866598934532902e-01
2.892026057884778290e+00
1.920102259288805735e+00
3.445822773172182441e+00
1.322263434286327977e+00
9.851073919802769696e-01
2.248587619622287370e+00
1.359533481696245438e+00
3.509337561125342120e+00
9.189800289814062939e-01
1.471088553897942353e+00
1.813133974596687015e+00
3.588124597517623471e+00
6.979342771593823880e-01
1.390649097027573999e+00
8.961983650686693448e-01
2.361741828818529676e+00
3.280042351612577178e+00
1.560639312381931543e+00
1.749137565384413673e+00
3.682793948845816345e+00
1.662617588891129206e+00
4.140130149750118616e-01
2.740998301723355013e+00
1.227027875257101108e+00
1.925299725448904598e+00
1.881680409011067923e+00
2.257696978014365197e+00
1.026138107384138687e+00
7.260012050915597426e-01
9.644178762366064639e-01
1.227670507492809815e+00
1.331773182427670621e+00
1.669563713896154322e+00
1.189065462262381745e+00
1.381834161911409842e+00
1.131062069448426355e+00
1.256174688840804743e+00
2.337306561637131797e+00
2.162694366526032308e+00
2.237216320698583338e+00
1.851374979927847830e+00
2.058508549161564449e+00
2.907983551304078151e+00
1.568905204925101771e+00
1.256597378148473831e+00
1.834180552190411762e+00
1.943012282869594376e+00
1.052736850177850680e+00
1.006244110120041446e+00
1.598596776092455318e+00
1.987245542338732962e+00
1.347416542947129647e+00
1.376921726203876206e+00
4.847565217558840733e-01
1.246559339061309446e+00
1.840409996591919839e+00
1.480841603756128277e+00
2.948184041792503152e+00
2.238452745270131050e+00
4.578572047335887518e+00
2.011872621507477366e+00
6.241730227976440837e-01
1.962657014281582235e+00
2.432792871463551165e+00
2.225772771590830423e+00
1.995436192368841732e+00
5.188918502928941301e+00
1.503952085805671190e+00
4.241505596366955899e+00
1.196127188707920785e+00
3.470912156745114885e+00
2.069677497510663322e+00
4.573815843085641930e+00
1.107590138778123068e+00
1.602866429491510925e+00
9.175979146117472229e-01
1.450774392592604434e+00
2.863128629415225834e+00
1.019568395220693979e+00
1.017238301597851002e+00
3.128096300138007990e+00
3.017075913158472122e+00
2.197491675601312089e+00
8.849412768412562302e-01
1.848717850909643801e+00
1.425267638290845351e+00
6.494311539118130527e-01
1.733621356290245386e+00
2.940576456159180729e+00
1.111346173533304782e+00
1.099709233099639638e+00
2.876173093686391180e+00
1.214672675701248705e+00
1.041639131032241483e+00
1.052125483018913066e+00
2.088782496965724267e+00
1.919449335211555141e+00
9.408228492192514114e-01
1.308604546691766846e+00
1.676058398976122632e+00
2.146793312275902199e+00
1.655210286242722484e+00
4.756358074108368861e+00
2.080383439257576850e+00
1.516072774652793331e+00
3.292212086842852603e+00
1.753056738511328705e+00
2.067529548852548693e+00
1.664202168928098580e+00
1.037300626081480770e+00
2.050491944978535486e+00
2.367178007243693205e+00
1.620483620683393688e+00
7.045893983727876675e-01
1.970963642753718936e+00
9.258331776682761083e-01
3.197392702161946598e+00
3.413167799653765044e+00
1.569939644603913997e+00
1.881814538604560161e+00
2.258468692956081991e+00
1.063921901004688308e+00
1.253540982920287927e+00
9.518383193737584014e-01
2.033010496060231098e+00
8.575505151573694640e-01
1.170012942390013189e+00
1.756965770556402795e+00
1.381996736012295113e+00
1.767984355442636435e+00
1.715894716794786667e+00
1.913815219537732260e+00
1.472915217606927119e+00
1.277277570860437139e+00
