1.915150257133623635e+00
1.877151344321077664e+00
3.281459295770746021e+00
1.145612110369564007e+00
1.276302293867098703e+00
2.119959266795120811e+00
2.598357761881286976e+00
5.548106966512865945e+00
1.951062170855041744e+00
3.352204200839198123e+00
6.737026287824207316e+00
1.815524514001882528e+00
1.478327809619060407e+00
2.605553506031322186e+00
1.380376411260397562e+00
2.142808080089800171e+00
2.578904919030743592e+00
2.037232723633724873e+00
1.590077786949671390e+00
1.541635853108462406e+00
2.746987408828956756e+00
2.131780221523739804e+00
2.649956385266004411e+00
3.437367640412377856e+00
6.231327011937440652e+00
2.697834930849997370e+00
1.723901461322936646e+00
2.714987858343275828e+00
2.993761489918223884e+00
2.772578846217960802e+00
2.555666252361093349e+00
2.801062558838305794e+00
5.284788919509757932e+00
1.178139388934276610e+00
1.696147333088834586e+00
1.358191045349041559e+00
1.914231752434048417e+00
2.744601775254001286e+00
5.269379401378290417e+00
2.159944386109555747e+00
1.567876195234763070e+00
3.246494446206068751e+00
3.175347405567437775e+00
1.584417028058809684e+00
4.644065004471688241e+00
2.513290434528853812e+00
2.540418812191627129e+00
1.588715787786287414e+00
2.599224955574844564e+00
2.852779888595830649e+00
1.802407003902190219e+00
1.503438725936210751e+00
1.489278074108512095e+00
2.458352915411461836e+00
2.420394976697708422e+00
2.855245973207338750e+00
1.372133015335814443e+00
1.180355789562410607e+00
2.513822703882309995e+00
2.806547186112084091e+00
1.870526318924330855e+00
1.753420034294533636e+00
2.088381520641042766e+00
4.004917369956217499e+00
2.512902308644144878e+00
1.109183846547150409e+00
3.658675989656201111e+00
2.348813247754689026e+00
5.025029965476969451e+00
1.402180118025967426e+00
9.604331956753219268e-01
2.077275907252573273e+00
2.884106292087878831e+00
2.139748082497856974e+00
2.123227497864363045e+00
2.738632286694152818e+00
2.266409012193597583e+00
2.545270186580914640e+00
2.023136687316680948e+00
2.468746805656166554e+00
3.360012532502650195e+00
1.799200777308858523e+00
2.662431294737703347e+00
4.188863956457569593e+00
1.956830573442338128e+00
2.172278652046499836e+00
2.141573139648421442e+00
1.934914495388818656e+00
5.093048916610169563e+00
2.229949140787457207e+00
1.005514348691720627e+00
1.726033890948293736e+00
2.032306336907451882e+00
2.466658590778394444e+00
2.116614275148352320e+00
3.889598664324357191e+00
1.921723400615733324e+00
1.844711299894515877e+00
1.336343411815620774e+00
1.723309361401508033e+00
2.265892086868440902e+00
1.135655543080729135e+00
1.730526772360136523e+00
2.495980705815540990e+00
1.197313493066467949e+00
4.919399878272409765e+00
1.850309392991822621e+00
5.578559052861618461e+00
4.682549713804080582e+00
2.092930601909101185e+00
2.241445500062575480e+00
2.895537657939830201e+00
3.634358539700865087e+00
2.893732489743299663e+00
8.850835135996085734e-01
6.168288449815766405e+00
4.235092209748431813e+00
4.758441728102615009e+00
1.143816326178728193e+00
1.396339572931043049e+00
1.303775381221383700e+00
1.668718588070121189e+00
1.360240665051478670e+00
1.069184442962374471e+00
3.658861398235374818e+00
2.363837405775695899e+00
1.142472887661848846e+00
1.751121638723738050e+00
2.978294546211955218e+00
1.662519015947427237e+00
1.462624920850080557e+00
1.667253202711434401e+00
2.985272220252117581e+00
7.594718073603164976e-01
1.806870438640120868e+00
4.688139517947242929e+00
2.134040923298550663e+00
2.249478577442022953e+00
1.110070225118250820e+00
1.525882725417449626e+00
1.884829148728682791e+00
3.673320357378083045e+00
3.476746295519656194e+00
1.809409328825180907e+00
3.513731538425252765e+00
4.451449602636001757e+00
1.894172672703842375e+00
2.256976547774073971e+00
1.131792321745322738e+00
3.190225084963004498e+00
1.871970122327704544e+00
3.094071084995993370e+00
2.691862993193156139e+00
1.737702343077229372e+00
2.035904177917510882e+00
2.172294642148719923e+00
1.049031977797417348e+01
1.312302309783708099e+00
1.462923153890419936e+00
2.168916228478300567e+00
3.906853217636205411e+00
1.417041286647079845e+00
2.388622861705367306e+00
1.657195545784259538e+00
2.039636026759071630e+00
4.608627626877416894e+00
1.383506260871243621e+00
1.434833846593477569e+00
2.090295919038811956e+00
1.942995472636342535e+00
2.478228738108417151e+00
1.351417862450385199e+00
1.455260890642477545e+00
2.309583002553049269e+00
4.978268447078259662e+00
1.579889721728320540e+00
1.449256673576972521e+00
1.731461116299031433e+00
2.429854938516744944e+00
2.110860496689335175e+00
2.504416986236385867e+00
3.813287897752081435e+00
3.883217629333236331e+00
2.248935268670388066e+00
2.477928777561913432e+00
1.650499681225789939e+00
1.758665864571989479e+00
4.498633978098886210e+00
2.073496109843560919e+00
1.513233499163362472e+00
1.948249715568426632e+00
1.491054101022153855e+00
1.421560646724292276e+00
1.733087987086643800e+00
2.852619542038687506e+00
1.718324306385612177e+00
3.758625884996355193e+00
2.777648451519429518e+00
1.335020027912162677e+00
2.862516695749107054e+00
6.552015840652623879e+00
1.600068919166803161e+00
1.770959688448654479e+00
4.879599336176180913e+00
3.802341636103316880e+00
3.050720884287500212e+00
2.483683107174840643e+00
1.267825481269797105e+00
1.910648495320041329e+00
2.060225569754456920e+00
2.651296423659297741e+00
2.153230245652347108e+00
2.820167859025118240e+00
4.209941431183324312e+00
1.895626873999834316e+00
1.587434198452409850e+00
1.669005371406658611e+00
1.270192966947374158e+00
1.902687790637557441e+00
3.062091405119454990e+00
1.433348513422120218e+00
2.443545629357842142e+00
3.117359199817506976e+00
2.040623035383956285e+00
2.446988375480629418e+00
2.166571930881564079e+00
1.649900696848212833e+00
1.692047472949418596e+00
1.625667358121585915e+00
2.072511282282540446e+00
1.819825730885863857e+00
3.226360780615162405e+00
4.188871222021480101e+00
1.694048143081253732e+00
1.090543683310479350e+00
1.117845814757174150e+00
1.603866475178395756e+00
1.215915706623006631e+00
1.340995811615070643e+00
2.013273150410981760e+00
3.871737027715463686e+00
2.060203621214523828e+00
1.243729383211433337e+00
3.530477945709579402e+00
1.351940407336364558e+00
2.213307594440838244e+00
1.978740149310097340e+00
4.623226379546006903e+00
2.457774419865631277e+00
1.403955758279219923e+00
2.209490824881144011e+00
1.911449967796144733e+00
1.455334344250065914e+00
1.306934946437565470e+00
1.003766564633220781e+00
2.710953863509386608e+00
2.145188109029106283e+00
1.320031983570064460e+00
1.447554332125031928e+00
2.054261829041949206e+00
1.189325970090135298e+00
1.777420771602848504e+00
1.988883150189196813e+00
3.410041871458366902e+00
3.154120948782550116e+00
2.277522648423813578e+00
1.405337662394498199e+00
3.054309328040515581e+00
7.584270185786952112e-01
2.250762127987198546e+00
1.870367850178902280e+00
2.150622384262877773e+00
1.466089720926909923e+00
2.481754912011090219e+00
3.067162306555285323e+00
2.445330777281625512e+00
1.200210461795669259e+00
2.227568848801820156e+00
1.991853906303384214e+00
2.245960216790366726e+00
6.842944397775467813e-01
3.503821341732419992e+00
1.729593145770631057e+00
1.289610743516586000e+00
2.306274025133198347e+00
7.518381683029101703e-01
2.431979014357612989e+00
3.481830666989103928e+00
2.819759116736825000e+00
2.951797962133748232e+00
2.289029029313488728e+00
3.431676395160544235e+00
1.677805998835813384e+00
1.992420290957613638e+00
1.151974411294858669e+00
1.910476399860866925e+00
4.175402584686491281e+00
2.608628158254397977e+00
1.231042639894240232e+00
6.353370527769660825e+00
2.085816557110305780e+00
3.150206579059124490e+00
1.694389355993508595e+00
2.394579052390893636e+00
3.113420968159625879e+00
5.054709253031996141e+00
1.979296641795818434e+00
1.709674752285332833e+00
1.977550481410260463e+00
2.420091730955206355e+00
2.353495441321071802e+00
1.564059373850166690e+00
1.820766899202869604e+00
2.485924428418954335e+00
1.308311128330477136e+00
2.219287976890342406e+00
1.774041121551818145e+00
2.806073508733917254e+00
2.161595759259065552e+00
1.367685522414188615e+00
2.430812861553453441e+00
3.193022140736568648e+00
1.320008369006264060e+00
1.577826581942436857e+00
1.415473147678916632e+00
1.927087517320008159e+00
1.650102764923122578e+00
1.777877595460674920e+00
1.870534426030949104e+00
2.208153026367781990e+00
1.469527208255940742e+00
2.592846560477572559e+00
3.819205105827736091e+00
2.454886148864374285e+00
2.513135837934704409e+00
1.457047837182511296e+00
2.461746694296390370e+00
8.742539710669365860e+00
3.737432820446850101e+00
2.152240201852444912e+00
1.775704217713330868e+00
2.871497914868478496e+00
3.345821775099718121e+00
1.584982853046310813e+00
2.167133316511900887e+00
1.154425986347714872e+00
5.194933490791435737e+00
2.188740314106543128e+00
2.466162102662046607e+00
3.137389837854979824e+00
2.642205713158030100e+00
1.950208951714232919e+00
3.360394362153586556e+00
1.517788065281010068e+00
1.443992754364202602e+00
2.778385841324782835e+00
1.327352169993882169e+00
1.192745271697883913e+00
1.715766558244860462e+00
3.214655246775107056e+00
2.066515462847155149e+00
1.384266617159577439e+00
1.413780759692886857e+00
2.582012393114235138e+00
3.126211906083195213e+00
2.976020549214551725e+00
1.350543768238667841e+00
5.282924580010035065e+00
1.932893216289933491e+00
3.009753912074129012e+00
2.808126931244468771e+00
1.684280967281354568e+00
1.671313566244339910e+00
1.907071040098506476e+00
1.425004600310005420e+00
3.701859620655371774e+00
2.586636780675560576e+00
2.809912234509458262e+00
1.314549856748854495e+00
2.550656548201181373e+00
6.914670602671790789e-01
2.281489730040302977e+00
2.538727882518089007e+00
1.657866570822023711e+00
1.695932550131895145e+00
1.449754565994161304e+00
3.773882988171605835e+00
1.907133948269269963e+00
2.904076845635950477e+00
3.507841601049686453e+00
1.632853752664266134e+00
2.588927571133085248e+00
1.853560588844116008e+00
4.314877763537595001e+00
1.686236429934323988e+00
4.134370259485637966e+00
1.472895004945737885e+00
2.421799212044058791e+00
1.080118894847523325e+00
4.530610484941271388e+00
1.940106089097195063e+00
1.136733179090831269e+00
1.449756273584194455e+00
1.478713969382609017e+00
8.180246592405406858e-01
1.246994153895275792e+00
1.848441685350353358e+00
1.439268685887983956e+00
2.102795524828203533e+00
2.545562366289463974e+00
2.849661672954420411e+00
2.484664928754438673e+00
1.390858836576240209e+00
3.642054327591905505e+00
2.410612659050758388e+00
2.716885633819274837e+00
2.462978917192859996e+00
2.605841991281070413e+00
4.151970614982293029e+00
7.503030297894334177e-01
1.251985833324892106e+00
3.829955279892432340e+00
1.301883102293051264e+00
4.729629235962305778e+00
1.618421461881453638e+00
1.936664761741967444e+00
1.851168282356419947e+00
2.346234371352828862e+00
2.706081863192934200e+00
4.160328154198333905e+00
2.249563069288895711e+00
1.546277827336171695e+00
1.613428845624721664e+00
2.373842178356867727e+00
2.022982978851308733e+00
2.729425115233242938e+00
2.589092061533021294e+00
2.326288975981256613e+00
3.031349681979063515e+00
1.532079064817863712e+00
2.528777941357979397e+00
1.657736218773008474e+00
1.639287653719453619e+00
1.179478267071608855e+00
2.337970521267926483e+00
2.305316748604723465e+00
1.510374534278669856e+00
5.187267731269768589e+00
2.316329141996101626e+00
3.476516564289919398e+00
3.257753816057522567e+00
1.156699399869088207e+00
2.346896301461468326e+00
1.835524930510652464e+00
3.766250034295989035e+00
6.545801416097023484e-01
1.638115313911039372e+00
2.465884948610977290e+00
1.846463418887950736e+00
2.351331577529685024e+00
1.742096046865454495e+00
4.203394633131991576e+00
5.360282824113316913e+00
1.598172568873335919e+00
4.024273232257216115e+00
2.449624508494675279e+00
5.143810942665154151e+00
2.347169174953294135e+00
2.579695350582023039e+00
3.529594465084684440e+00
1.630085623821778906e+00
1.785005896280952076e+00
1.156177679787416812e+00
2.476219998462112049e+00
2.382602665348275917e+00
4.318268427871201354e+00
1.872336491884370346e+00
2.922248423543405416e+00
2.543154043507412698e+00
1.423699230869088117e+00
2.697870526012376757e+00
1.335556508500817863e+00
2.119665970382506703e+00
1.830166597301398523e+00
5.822892912070583904e+00
2.131168599530806507e+00
7.786641348465443535e+00
1.959222637731837580e+00
1.153933517496586125e+00
1.628216609488454480e+00
3.443320788967159540e+00
2.094227560930479015e+00
3.093926791865132753e+00
1.329511968081163120e+00
2.994338908114332565e+00
2.694480817615234169e+00
2.486279677333733673e+00
2.442033048013334540e+00
2.178350249708135955e+00
1.439786179891560103e+00
1.320009970339397043e+00
1.023704389399160197e+00
4.180737348558026589e+00
2.451383009445369243e+00
2.223585906586191374e+00
2.318651820418197840e+00
1.851056809429676209e+00
1.874784344138740177e+00
1.831246582277247459e+00
1.070399171155547835e+00
1.938426196398664869e+00
2.952682891000359078e+00
2.819114667818522157e+00
1.077109166383504846e+00
3.264424834620790250e+00
1.321522948140015696e+00
1.835778167932426541e+00
2.296845832557229627e+00
2.315426959360102455e+00
2.034191687539485205e+00
3.199073644458689802e+00
2.706954143533837787e+00
2.261191520155641843e+00
5.360318164212356074e+00
2.608835700625979026e+00
3.418344392906499163e+00
4.422036893574163408e+00
1.332662679446193099e+00
2.040670814127062194e+00
1.775421759774536978e+00
1.276778768093814742e+00
4.550790030599822344e+00
1.218091948275474179e+00
1.989237199829122726e+00
1.927010117559814217e+00
2.556602698070555402e+00
1.608796349945426085e+00
2.332842561615433574e+00
1.913139593487424239e+00
2.289948411635248426e+00
2.044030164822657092e+00
1.779785713872707120e+00
1.286598637913201504e+00
2.799439968714097393e+00
1.926351981830229265e+00
2.647645541062572772e+00
2.246662986625828307e+00
3.574406495992961563e+00
1.905276394518778282e+00
1.818901135926484836e+00
1.549512541413418321e+00
1.951633788966557814e+00
1.747059602244226184e+00
2.278749178333150383e+00
2.985157863567184489e+00
2.443211257191137964e+00
1.165676972068309558e+00
1.147119828412447751e+00
8.935689348555760914e-01
1.750086532481762491e+00
2.404465351744780488e+00
7.405409303159773415e+00
3.013511111778743867e+00
3.242340800964804703e+00
1.481623950540180257e+00
4.715392657945775667e+00
2.153853984537394961e+00
2.243629939776886406e+00
1.272360500158642216e+00
4.376449581328740734e+00
2.244189359276608453e+00
2.420121717196028754e+00
4.897574058409639441e+00
1.974227858796004709e+00
2.342583788650792531e+00
2.371786948683954233e+00
1.745515043863476112e+00
2.372480708313187581e+00
1.957731781135908511e+00
5.411289176536584478e+00
1.894608859472067808e+00
3.229241767212433167e+00
1.477293533346776488e+00
8.750439957401077162e-01
1.335050792865090319e+00
3.396563892623984504e+00
1.877932982187067612e+00
4.679490610459195565e+00
3.584933912260151789e+00
1.352078753747522066e+00
2.427396175255682742e+00
2.580799487100078338e+00
4.654006940445781559e+00
2.952969554726734280e+00
2.363078144966141991e+00
2.341795965407202029e+00
4.146373272183695669e+00
2.399288661494709984e+00
8.729644208730770183e-01
2.465739548449344287e+00
2.331575915482773986e+00
1.281040238969239908e+00
1.529993563142926005e+00
1.989728274872622826e+00
1.359979778037780029e+00
1.433600437657445381e+00
3.172420755090767042e+00
1.833124114888520895e+00
2.969143941453986191e+00
1.325946946362369205e+00
5.577750593404000590e+00
1.517250221002572230e+00
1.569587805354822674e+00
1.490004946099270144e+00
2.685950442402352145e+00
1.490736310487842387e+00
1.014995315691902267e+00
1.873479723902305327e+00
2.260880333741094983e+00
1.491263114160334080e+00
2.174702513332677611e+00
4.978072515504408102e+00
1.927914499421929717e+00
2.461497582584899924e+00
1.742126288157692882e+00
5.966151375010914748e+00
1.939611119767467917e+00
2.280853180946359249e+00
2.260759531917700738e+00
1.913407036000155159e+00
2.047665387650848601e+00
1.517155513830190205e+00
4.290701492286009611e+00
2.366704110337897404e+00
9.690747816257725411e-01
1.260348107009962026e+00
1.988322585737091419e+00
2.801723854753377374e+00
2.640023358912954254e+00
1.612586549037369865e+00
1.179362427705965333e+00
1.561847432690553594e+00
1.691486073079329522e+00
2.524680488385643073e+00
1.909304698433159642e+00
1.329914803510769961e+00
4.569856983924646343e+00
1.843436754616297524e+00
1.817267035874262415e+00
6.847037080091469718e+00
1.935585961825827761e+00
1.501553057651601186e+00
2.228375894525086220e+00
2.566329713470004048e+00
5.281876720164368599e+00
2.094307682774259050e+00
2.369196085811877683e+00
9.176676413329376558e-01
3.091660262673569193e+00
2.356314471584493031e+00
4.269408258313939442e+00
2.087401694522613038e+00
9.915252003323259400e-01
2.199009212732109031e+00
3.128193949054658418e+00
3.218681547213109617e+00
1.750130998650373915e+00
1.268282887316535934e+00
2.369561601666203554e+00
1.310066962742877816e+00
1.653693149300950127e+00
2.068917976517704815e+00
2.252017190714793227e+00
5.016114880049760139e+00
8.425936079797260447e+00
1.947990306063656529e+00
1.353338198105135337e+00
1.422908276480848500e+00
9.709210180778317101e-01
1.886703448065290223e+00
2.781042090676571821e+00
5.276206414122629695e+00
2.803052556825507136e+00
1.686908248327572579e+00
2.863177039227265297e+00
3.138159907690532879e+00
2.037375976599225869e+00
2.187905013616181282e+00
1.094837559427728868e+00
2.809268095324714665e+00
1.693376592342774600e+00
2.686305481054215960e+00
1.502611737016812832e+00
1.657884760894402065e+00
1.800014016941813288e+00
2.466026225199965172e+00
1.446340828591131666e+00
8.283907831152950152e-01
2.329657614471785543e+00
1.754681763293243435e+00
4.268702840345243388e+00
1.116151839594489381e+00
2.849946361376426207e+00
1.474380909151830732e+00
1.505430359209760649e+00
4.027081613008268945e+00
3.963060159393625437e+00
3.328424983493635025e+00
2.072575730696159635e+00
3.654750769817503020e+00
4.243774402416520708e+00
7.777038683497012883e+00
2.090047110666835017e+00
2.059882975399723648e+00
1.467156937194983746e+00
1.744444635248699305e+00
3.740188168687484715e+00
2.180450245182909086e+00
2.801352591478573295e+00
1.138907878485833525e+00
2.858597245552119581e+00
1.560402331456484548e+00
1.766668128461105214e+00
1.717113316288144897e+00
1.713937569241655190e+00
3.521265508148340828e+00
2.006223540003690520e+00
1.648948237874522382e+00
2.369389710606538468e+00
3.079092832378084399e+00
1.837639419324457402e+00
1.261240804723151809e+00
1.620708872584686544e+00
2.232445712605893640e+00
2.602645774249255251e+00
1.715085357216494133e+00
3.077695455498888233e+00
1.655007847420184808e+00
2.538089426080668787e+00
1.188482485680389278e+00
1.772842720231467384e+00
5.120249250134751406e+00
1.080485723127948106e+00
1.280770876846905049e+00
1.926508742614249536e+00
1.632473780727002444e+00
1.861575403849632826e+00
2.281538750095224888e+00
3.396708612038447317e+00
1.723521862802445348e+00
2.414401278048719401e+00
2.365982802192221346e+00
2.196574700073168351e+00
2.430409205965468278e+00
2.196429810455399867e+00
1.477232579328048967e+00
1.816264680688298494e+00
4.214872851390644826e+00
1.779374798439029570e+00
2.842889466415679411e+00
2.084385737618126733e+00
3.801653515746735490e+00
7.068780690348021700e+00
2.204366239215406420e+00
1.830931827613244467e+00
3.408023323492663792e+00
2.927624658309393890e+00
4.033040132228427943e+00
1.705057486048742632e+00
3.517388740842199990e+00
1.125166610604251716e+00
2.086765305583380137e+00
2.246980530187860925e+00
3.210604616843416803e+00
1.151326865604969329e+00
3.222522695574044693e+00
2.989372269169726426e+00
4.015122167730355685e+00
3.007378738531605311e+00
2.331458574831848374e+00
2.290679853460295679e+00
2.139411367496968808e+00
2.036103107036641990e+00
2.774568251667500984e+00
2.231140907782831917e+00
1.982417858630849405e+00
1.535305827190452499e+00
6.228965715160349470e-01
1.563760269185027640e+00
3.135403395814652772e+00
2.276857602459544161e+00
1.851072705077984049e+00
1.799632900378683287e+00
1.717606214142268328e+00
3.779772949394800907e+00
1.395822658667246197e+00
1.920391483484008122e+00
1.723341576727518420e+00
2.691380081115344325e+00
1.024756704833196919e+00
2.729588334614541534e+00
2.383104326245046423e+00
7.952141909987002322e+00
2.155972662506545845e+00
1.835926356136526882e+00
2.478400844565876948e+00
3.818870372433663007e+00
1.844522936823734360e+00
3.103795514032680725e+00
2.205703141464264938e+00
1.889056360402195267e+00
2.595753667730162029e+00
3.390536358694050456e+00
3.601869933940315516e+00
1.950668462178760665e+00
2.236228888548646321e+00
1.591230612755782703e+00
4.787887273281977940e+00
2.784718751404193782e+00
3.799716589204564343e+00
1.872399190424835158e+00
1.683388028886137588e+00
2.037885728698118459e+00
2.703413116441774289e+00
4.481145862660627976e+00
2.143523350720468290e+00
3.219883124725138934e+00
1.850825303630608154e+00
2.304065054577428828e+00
2.847780999006960467e+00
1.636794757867359840e+00
4.032374767325206832e+00
2.612242614146642161e+00
1.505089033995367975e+00
2.541390486634242052e+00
1.384305733039832731e+00
2.457428067740788258e+00
2.665948134825805393e+00
2.260348748764892779e+00
2.377108547628353996e+00
2.187937702217980451e+00
3.695534768038153395e+00
3.138682138900448670e+00
2.065447046315787905e+00
2.318701136548282360e+00
9.103084837127756179e-01
2.261255639052352162e+00
3.402467867040983140e+00
1.895486300885122155e+00
1.431797928720478730e+00
2.110693228468226934e+00
4.785405471490416396e+00
1.858281893076181079e+00
3.383233522936050619e+00
1.362521984639449846e+00
1.500806815908501513e+00
2.259332592973493981e+00
1.157241725292337042e+00
2.488252995739995033e+00
1.240880893404406438e+00
2.771833479606286676e+00
2.451838519096932956e+00
3.413324269844043357e+00
1.344974602569565914e+00
1.090584496611415322e+00
4.093374002693099811e+00
1.347919824744513217e+00
3.433816003846170251e+00
1.251784214243209625e+00
1.402926015513304536e+00
2.851579187575173702e+00
1.174382861428913127e+00
2.090777875253735818e+00
4.249241337564627408e+00
2.233070581003310018e+00
9.017664202099752169e-01
2.036719989176244638e+00
5.383460924311447293e+00
1.218027740708289564e+00
2.790510026772839325e+00
4.625921713176990302e+00
2.000016241857430543e+00
1.008303125047832038e+00
1.620905812319183958e+00
1.714758038831312836e+00
7.536472075170123075e-01
1.854819500931574439e+00
2.085324991178727050e+00
2.525534404923249543e+00
1.032049770585064197e+00
3.118872059789822071e+00
1.596021312212517973e+00
2.345709866984310832e+00
1.284972824405710146e+00
5.933851286493955435e+00
1.883750460457144671e+00
1.579705047733143797e+00
4.514540498952631431e+00
1.926937391400018518e+00
2.380700782496448120e+00
4.875507258482018713e+00
4.299593635929609192e+00
2.226520480196278129e+00
3.163071494142265738e+00
1.358068505055523678e+00
3.146850679694820130e+00
1.919475773596087675e+00
1.880549857835617900e+00
5.024793718453977043e+00
2.538184647967943963e+00
2.852334101275245004e+00
1.887606145029872895e+00
4.399729388965188726e+00
4.734056397326943610e+00
3.120912548657222896e+00
2.346421839924079933e+00
2.213066175412724323e+00
2.250935441430457651e+00
3.029273096419021982e+00
1.108643558586492217e+00
2.110514681660033531e+00
2.561842024672143836e+00
2.133748986564815375e+00
4.072196366498521236e+00
1.048425465091184394e+00
3.288634718469963136e+00
2.419375043845275464e+00
2.134816220028788347e+00
2.940435898674741644e+00
1.247497308878146471e+00
3.525541611866836789e+00
2.173238678537375623e+00
2.457518301215364076e+00
2.587947391211795622e+00
1.351128529966021619e+00
2.148840042294775099e+00
3.957461065068892836e+00
1.949322281510575960e+00
2.577917183060750350e+00
3.183390747962095979e+00
3.139865964554020117e+00
1.633249387996432045e+00
3.115204273678342517e+00
4.888537757136454331e+00
2.288281924710048543e+00
3.199957280725707065e+00
1.688813705760700667e+00
5.552304856427148216e+00
2.013662086159384579e+00
2.398196711657873514e+00
5.662575797226618413e+00
6.200641201137927494e-01
2.323461599976953895e+00
2.820368025472095308e+00
9.887234221703261605e-01
1.772712130818795861e+00
2.798868522510153056e+00
2.292337366552346101e+00
1.876607166904998625e+00
2.963789159190817646e+00
1.407214857421122511e+00
1.507861783150963975e+00
1.892501485616796764e+00
2.773957278164289164e+00
2.436418760670014283e+00
3.308213566013962659e+00
1.392091189966812248e+00
2.531784892652112262e+00
2.423618800097406378e+00
2.251491283184521741e+00
1.468321596295783849e+00
1.195809252915026377e+00
2.493301030375669303e+00
1.774202043336135182e+00
2.549454843452043207e+00
2.675084911260044329e+00
1.621219680713487321e+00
2.085381822404361429e+00
2.275687393414076443e+00
1.926962462880089433e+00
1.256288373871136343e+00
2.598961807495313359e+00
1.991453586153868249e+00
2.479867910304275114e+00
2.249107680388947372e+00
2.998270076701322395e+00
1.167855253468347509e+00
1.576611714414206444e+00
3.007131966886221974e+00
1.388022486338188699e+00
2.747698659135466404e+00
2.136538834545187004e+00
1.898125856724988791e+00
9.477365880369701401e-01
2.609400307210860248e+00
6.620535994004518976e+00
1.436840623969161124e+00
2.687678841305429334e+00
3.242002484697345199e+00
1.983621246857816489e+00
