1.374847521153617969e+00
1.697371855646484518e+00
1.962574283255158480e+00
1.702341384608391239e+00
1.561422808731312450e+00
1.433150351207049145e+00
1.579634497449240005e+00
2.349629081385396390e+00
1.796559375649082080e+00
1.684407203161137900e+00
1.035132181927881589e+00
1.726352271353241319e+00
1.744699772204925337e+00
1.545743583426506529e+00
1.403708491867684760e+00
1.770178796232196650e+00
1.665993446535070088e+00
1.802099161803866423e+00
1.484960738490918475e+00
1.807325577717030507e+00
1.321333696266925539e+00
1.090777816929854982e+00
1.234759995237089791e+00
1.619128754807615422e+00
1.557031238597818223e+00
1.390585432702139190e+00
1.348546746745632685e+00
1.196634484154531330e+00
1.775153880559780184e+00
1.207424134566588814e+00
1.412926951359052108e+00
1.838179185217448053e+00
1.024987124556165030e+00
1.356439018945587272e+00
1.965228656339031321e+00
1.931666076864023918e+00
1.345690974422750541e+00
1.654000577599514799e+00
1.347456892124528460e+00
1.243838110439976496e+00
2.124647296787736561e+00
1.230883541234815359e+00
1.217579920827542850e+00
2.198626450345564809e+00
1.201595498809128637e+00
1.838585438486176171e+00
1.667010536687096867e+00
1.508161452199636932e+00
1.819478877824198149e+00
1.308580659282441383e+00
1.356941985737142087e+00
1.273844266295548255e+00
1.987045931853659519e+00
1.504170224805021494e+00
2.032342831519230675e+00
1.598364170394308337e+00
1.438990894914988106e+00
1.815802530762113287e+00
1.996859396201006165e+00
1.277727157867517338e+00
1.128928942906472610e+00
1.671048172047975511e+00
1.727572824622800152e+00
2.230250465885532218e+00
1.330185695483308450e+00
1.324071227903518944e+00
1.686257011780815107e+00
1.901380268343513036e+00
1.289078182609506351e+00
1.521022144532873543e+00
2.213940053754960502e+00
1.578750536161777074e+00
1.573419327362136633e+00
1.114930991399532001e+00
1.732435561128847779e+00
1.278172202959962922e+00
1.298026844412005998e+00
1.440877179696586241e+00
1.385890422289729695e+00
1.069662370910677840e+00
1.613823740433034004e+00
1.800023578418766146e+00
2.014407855320212715e+00
1.862451135756012732e+00
3.820601793392087053e+00
1.258846746860120991e+00
1.505303456309849297e+00
1.414845480822148005e+00
2.085206308902562533e+00
1.364863637679903929e+00
2.243271188954647943e+00
9.920670144608574326e-01
1.219425012717606949e+00
1.171157464439562368e+00
1.490445071553067713e+00
1.813256213418461327e+00
2.013265471990080435e+00
1.374332635118967305e+00
2.182217399034568128e+00
1.501622942602034882e+00
2.143119701162730095e+00
1.446928388563287760e+00
1.234343925927079866e+00
1.307997055136597586e+00
1.494182541598173097e+00
2.151088993269273164e+00
1.012735685487414106e+00
2.238772582144598733e+00
1.813089743394547870e+00
1.455589318114230979e+00
1.308254710556974842e+00
1.162040703661832763e+00
1.281609728361937872e+00
1.180016084670060694e+00
1.138735490261491679e+00
1.768100014042090606e+00
1.592666914651186039e+00
1.953255935612024707e+00
1.167669980478987624e+00
1.808908498143545929e+00
1.814656238470758298e+00
1.756105121599865537e+00
1.183558330823148319e+00
1.458071850383131807e+00
1.417899800712533409e+00
1.260300779477044442e+00
2.064930018126578393e+00
1.747507341847519102e+00
1.920219157256242815e+00
1.150616617144242904e+00
1.931016564452560091e+00
1.653004813722098953e+00
9.684141986302824412e-01
1.547256184453314809e+00
9.779820202736921875e-01
1.320555579012965497e+00
1.858318203105888911e+00
1.671285221298582258e+00
1.401749339191056265e+00
2.167326240271981952e+00
1.507786527325065018e+00
2.027084898076959352e+00
1.232354578941950773e+00
2.342250621465590488e+00
1.101585705091446155e+00
1.632824798334814531e+00
2.196839172364981163e+00
1.748096764871047260e+00
1.339547719313918694e+00
1.812313538705607519e+00
1.512646803996630984e+00
1.506476408564022540e+00
1.062632424953263710e+00
1.372186815141822169e+00
1.790607493301913822e+00
1.858654017577020978e+00
1.139502833212467037e+00
1.499871408758485014e+00
1.435816379243004759e+00
1.678773101323053796e+00
1.327466302871283865e+00
1.012932212438321544e+00
1.393577048804963248e+00
1.053870270512439644e+00
1.507404440541140644e+00
1.655571660382947563e+00
1.777736877769234614e+00
1.518031398776739316e+00
1.306587928317825886e+00
1.681543148500074247e+00
1.798598798991791092e+00
1.145128284335851676e+00
1.232256081827866057e+00
1.638941555415506901e+00
2.289686408247213922e+00
1.275952353435926057e+00
7.820465816798677361e-01
1.833441870042922028e+00
1.918805078492862082e+00
1.385360617580996045e+00
1.217287738592234714e+00
1.278380420123728101e+00
1.923313268079243743e+00
7.944988100414933641e-01
1.826712429077258726e+00
2.019753264707741192e+00
1.196659542433677004e+00
1.566850824408528853e+00
1.023558228921738866e+00
1.232368456758065500e+00
1.526711473027057675e+00
1.821063315567556851e+00
1.211120621621145421e+00
1.224871245840166045e+00
1.528472669586641075e+00
1.637996046904817149e+00
2.019480077675477325e+00
1.329486197365107314e+00
1.251798230367090259e+00
1.692901071772573207e+00
1.644122507929420607e+00
1.565788219172195461e+00
1.050309235244568873e+00
1.015800404790130562e+00
1.653723235027353633e+00
1.767618865426000774e+00
1.552109929024958479e+00
1.520069425316562972e+00
1.570435143043076076e+00
1.673517160882555643e+00
1.419356616638613788e+00
1.191758669559097594e+00
1.980436143792963399e+00
1.079089955328844219e+00
1.290375509169335855e+00
2.487495372815274219e+00
1.644845587735691117e+00
1.664707055854061313e+00
1.302241201300418982e+00
1.174831674674095661e+00
1.779206914195263334e+00
1.172759225458986920e+00
1.164530927535992744e+00
1.582413717936455022e+00
1.507308764775583620e+00
2.174426223655803625e+00
1.244154878899868200e+00
1.056742717829409317e+00
1.487231830886700301e+00
2.140633842297347211e+00
1.277339461615893068e+00
1.654083148458746377e+00
1.939627008794170049e+00
1.585301353263673940e+00
1.398952693377953915e+00
2.494964848840297122e+00
1.268737924334571554e+00
1.331583017251273038e+00
1.784087173137497873e+00
1.224981292074031058e+00
1.749818062799201490e+00
1.021405584623375384e+00
1.219399039543922258e+00
2.041265771194970657e+00
1.400568350358266878e+00
1.875511302459284435e+00
1.998936222220200509e+00
1.450571775587135237e+00
1.826656034890628000e+00
1.491774418868099250e+00
1.229424667006563165e+00
1.329393625092911924e+00
1.730217172409198145e+00
1.304583098140064790e+00
2.093277145552587815e+00
1.832172240252368578e+00
1.496252388831767366e+00
1.972539281605306449e+00
1.833150988337974630e+00
2.667941830994401187e+00
1.420416739765963277e+00
1.223517064626338691e+00
9.524909495332576359e-01
1.991282350278741786e+00
1.673150685286821204e+00
1.533450725694699868e+00
2.047170027947124549e+00
1.532814576444930355e+00
1.620657130611305119e+00
1.616416492770863300e+00
1.390156897562898175e+00
1.361530350669246658e+00
1.856188568915074333e+00
1.298264579174174482e+00
1.688849040525210343e+00
1.132911265105079224e+00
1.249009802113483447e+00
1.445386132230868315e+00
1.880131745264535637e+00
1.430053824191180434e+00
1.642010857219941888e+00
1.267511708488556321e+00
1.343946197529574560e+00
1.387457652172107592e+00
1.844736889119951595e+00
2.037567278124767345e+00
1.947800367833385060e+00
1.944978037975075180e+00
9.971545874255541841e-01
1.277738468929221716e+00
1.253509149549426605e+00
1.565929984697718158e+00
1.711847737461495322e+00
1.390272241697660505e+00
2.022026512784609320e+00
1.495869854202663385e+00
1.019283619133173557e+00
1.494636563543057850e+00
1.407317352200139204e+00
1.285736636314932291e+00
1.418481763703885123e+00
1.271321725015183590e+00
1.435163548585747240e+00
1.016974212526766896e+00
1.562559746101539027e+00
1.271215945810513226e+00
1.737306584051722558e+00
1.585024204614578380e+00
1.894186764662044276e+00
1.559277129507347981e+00
1.372008438112781281e+00
1.371268374731202666e+00
1.182713687991344909e+00
1.099606095164712638e+00
1.801562398006337551e+00
9.819215629356889963e-01
1.635600708220671828e+00
1.599488377084347546e+00
1.111390930855399972e+00
1.749112499345657046e+00
1.564957683331083205e+00
1.608397258753530679e+00
2.238069028930644411e+00
1.930384664287784435e+00
2.068429611792918621e+00
1.382157035845106297e+00
1.068864530596483231e+00
2.167839598204735374e+00
1.694210796660320595e+00
1.630779298394748222e+00
1.712530783501523990e+00
1.366227959690389460e+00
1.289511964218076123e+00
1.179383921155279236e+00
1.341244971292187671e+00
1.915917081467201522e+00
1.223180366473130443e+00
1.529745771878612937e+00
8.110899085216173310e-01
1.434202965013128495e+00
1.646725597097397076e+00
1.463700832138322250e+00
1.353927617172733910e+00
1.390766757865975478e+00
1.437431953047381805e+00
1.564165446951045535e+00
1.509587054061672706e+00
1.271635037520683298e+00
1.673308378732798918e+00
2.025088365027952975e+00
1.752513590662481580e+00
1.386868848887263361e+00
1.367477743099300813e+00
1.713449548160428382e+00
1.494003814911013972e+00
1.419339562567013546e+00
2.122759417230585921e+00
2.252689930538350982e+00
1.222359518795103073e+00
1.834205018267663023e+00
1.123773676236280883e+00
1.770380211481660249e+00
2.319862794295118658e+00
1.901430979598421223e+00
1.214803632461326943e+00
2.280612961230786162e+00
1.498992078086022861e+00
1.157025229449421877e+00
1.242426555914852626e+00
1.722153348261475925e+00
1.563419940023101251e+00
1.549429359102227455e+00
1.180872258601648461e+00
9.944653430268337591e-01
2.080688706141903044e+00
1.925727566845681915e+00
1.476376631804330763e+00
1.318578029063445678e+00
1.211077303750869749e+00
1.640151274561233219e+00
1.424324976259429887e+00
1.278380385728461466e+00
1.754305975485275226e+00
1.615055211024368553e+00
1.532253058155063741e+00
1.362459490761153136e+00
1.649971549619031030e+00
1.892709324256670378e+00
1.128200789666562454e+00
1.805465254955828769e+00
8.576405777863739255e-01
1.191557698085850214e+00
1.189541830400522304e+00
1.677301298684949593e+00
1.951982489359694650e+00
1.571722983130341644e+00
1.200131839409120493e+00
1.888709139180943408e+00
1.247582404338981599e+00
2.508699603284711088e+00
1.333414011782551478e+00
1.578340339436329565e+00
1.542773572976692709e+00
2.493179073562619585e+00
1.217776804807999547e+00
1.507613970686741967e+00
1.234048522538918391e+00
1.410184927236850516e+00
1.576524349265725489e+00
1.993432527456278747e+00
1.214653807528310869e+00
2.072053196723076862e+00
1.721970393728409432e+00
1.610063496601015220e+00
1.282907510830598730e+00
1.154264044030901326e+00
1.472583044735738644e+00
1.441190439412307178e+00
1.415433219657346475e+00
1.242370366847512564e+00
1.471870977476231968e+00
1.693621395720429135e+00
1.834968588706350268e+00
1.662057428504968071e+00
1.183016779766495885e+00
2.134152196657100209e+00
1.202386859808049602e+00
1.179361323390194283e+00
2.678255525393847591e+00
1.360687215334997813e+00
1.017349618861346228e+00
1.937645988227287175e+00
1.239326831075116431e+00
1.404675500445066838e+00
2.422378810063281929e+00
1.346780381527551862e+00
2.100756224677430950e+00
2.001562818138967970e+00
1.035159327195872558e+00
9.016923393439727485e-01
1.392541853595530066e+00
1.441268243173714714e+00
1.393361843935210231e+00
1.294684060941770243e+00
1.480505530171633000e+00
1.400515643248633868e+00
2.116119016410686893e+00
2.140672773470896573e+00
2.586269942505071029e+00
1.246285636035983302e+00
1.961473644494203805e+00
1.695945618234756536e+00
1.279096228479685626e+00
1.274864071084310435e+00
1.726762193344371310e+00
1.409524314576861226e+00
1.338720616726674750e+00
1.351886502725158534e+00
1.670590023359848297e+00
1.466588687090159659e+00
1.450941315726070879e+00
2.133620931151325895e+00
1.803629103851729587e+00
2.549301402063641309e+00
1.427087805062529080e+00
1.442597301463173887e+00
1.315973697990959757e+00
1.850171625770137496e+00
9.593043466603652369e-01
1.188372294978955468e+00
1.878988635040392596e+00
1.455524647553005702e+00
1.312885885493614513e+00
1.311008256672222982e+00
1.379911815604002223e+00
1.662812430491683369e+00
2.184800915660556786e+00
1.549286657402434431e+00
1.725509826339683306e+00
1.442410530242751898e+00
1.896514231052640609e+00
9.582815003429183687e-01
1.905124282482574261e+00
2.131692297054596619e+00
1.504935549428113806e+00
1.052024034117479356e+00
1.302393883770107452e+00
1.336675602321448109e+00
1.144197746380859471e+00
1.573777751648019363e+00
2.183811257916877580e+00
1.332038447774450685e+00
1.655716986083353603e+00
1.710919905905470273e+00
2.008283477029812580e+00
1.442267123750482050e+00
1.605174086491354180e+00
1.600716557018230457e+00
1.947487644562207798e+00
2.564320270932021639e+00
1.371659164289949384e+00
1.253517718067509890e+00
1.563525552019350284e+00
2.363720828104594940e+00
1.290342512632368210e+00
1.786989579027933539e+00
1.288312795143652822e+00
1.236374599011820674e+00
1.250848805106581141e+00
1.400694112237526934e+00
1.498569651915005130e+00
2.055279775554271993e+00
2.381548448406394236e+00
1.378377018251355723e+00
1.360387833436575766e+00
7.005382206499357611e-01
1.753706139505246231e+00
1.251683485730684220e+00
1.597383607259174942e+00
1.556300735629296161e+00
1.335073402503712314e+00
1.919983830092773625e+00
1.484188672433802703e+00
2.040804119622181112e+00
1.077966641261820513e+00
1.288870943933257962e+00
1.433324460562390490e+00
1.124823835536824079e+00
1.631765179233271690e+00
1.440279841688181683e+00
1.056451688839201708e+00
1.455158732475617001e+00
1.316085152907003453e+00
1.463411669572669105e+00
1.053494719773418353e+00
1.935547385847460111e+00
1.268705238223695853e+00
1.395463932322106082e+00
1.362154477944682363e+00
2.094209764356304682e+00
1.400317570879098694e+00
1.591991751381479414e+00
1.561869717478811204e+00
1.595969412942993992e+00
1.393351975914010277e+00
1.255755555647408483e+00
1.523379803722275216e+00
1.717772732870478158e+00
1.015068972799204605e+00
1.754914374277440681e+00
1.992098237452765597e+00
2.015052788972123921e+00
1.408393196689357918e+00
3.008381994000146165e+00
1.205228342098302541e+00
1.208428745509736446e+00
1.278980104830757858e+00
1.963260564238775929e+00
1.455084661977143812e+00
1.034400784946611696e+00
1.733056422998962010e+00
1.394671256881546251e+00
1.040291040386289501e+00
1.692869385871628163e+00
1.596813641185562016e+00
2.433041345873049988e+00
1.457885372985608496e+00
1.019037435333349562e+00
9.693163417650784153e-01
1.448127228960250701e+00
1.429771244298482458e+00
1.682087566904113096e+00
1.636620187026844864e+00
1.730898993748315906e+00
9.326770094746728024e-01
1.622310375735520172e+00
1.550865752367958317e+00
1.168588179010001227e+00
1.635504083259238683e+00
1.639541929515878627e+00
1.234498696834146925e+00
1.494274780885029630e+00
1.365208611712880993e+00
1.448728790200945138e+00
2.916191671984165179e+00
1.350504385188545209e+00
1.722872369475887622e+00
1.674062357757289066e+00
1.773222447565481197e+00
2.949546020259953050e+00
1.753880601339842693e+00
1.416712592158005046e+00
1.348715397266561755e+00
2.156538297166516127e+00
1.914786468699232413e+00
9.490920040867074636e-01
2.413814858399037533e+00
1.644725045860687018e+00
1.272970505027236854e+00
1.029726030705268913e+00
1.618486363109158610e+00
1.788727833074495566e+00
1.415087420748864622e+00
1.659958221901705056e+00
1.809283225480603718e+00
1.644661756266503572e+00
1.780797589049641472e+00
1.439015607987038869e+00
1.126501339412972813e+00
1.392401220615467228e+00
8.649695522552532934e-01
1.653768328482660976e+00
1.733016883996654212e+00
2.136194986259653206e+00
1.732833028525908592e+00
1.431036299469843565e+00
1.575554767000298062e+00
1.433390171436831118e+00
1.273409570646899969e+00
1.097379356073127088e+00
1.853970484683169495e+00
2.425712171258357142e+00
8.378912975085864856e-01
1.281689451920860590e+00
1.198507954040255896e+00
1.872908940975052783e+00
1.553138761621976061e+00
1.196103803114580977e+00
1.370282879698095924e+00
1.446235513311328269e+00
1.291420575639981694e+00
1.685875785258750925e+00
1.278377677948916880e+00
1.641887938216964882e+00
1.294008905016353017e+00
1.562335643517538619e+00
1.204508804700910707e+00
1.495111066182203574e+00
1.956044917375100445e+00
1.580137222005770337e+00
1.960515600112763046e+00
2.444493146949101359e+00
1.107933055105186693e+00
9.163186081084911949e-01
1.695615242808624634e+00
1.146195179076292092e+00
2.785021309622031538e+00
1.328633870287181828e+00
8.735096173225807004e-01
1.253055298360979730e+00
1.241330183998222259e+00
1.765962070443012122e+00
1.587368909579374820e+00
1.727140269681983531e+00
1.591781224959309959e+00
1.452175746348480789e+00
1.497541636818470412e+00
1.030381176413825983e+00
1.407597548430226775e+00
1.310291424194433674e+00
1.682608848473424734e+00
1.002340238544977558e+00
1.634796020383161963e+00
1.388979808883901157e+00
1.791618056322026309e+00
1.374678375667987007e+00
1.322229696013916378e+00
1.905396658949442212e+00
1.324425463394568236e+00
1.685287223444615012e+00
1.700118206115412312e+00
1.519373669505106328e+00
1.317556477617672916e+00
1.547711514438795177e+00
2.239565694877416302e+00
1.967531348024642579e+00
1.112776488713583367e+00
1.650063694371276757e+00
1.695175449528717015e+00
8.143514461144715222e-01
1.509983692029541302e+00
1.244145835856249160e+00
1.599528365454399692e+00
1.063068110079888662e+00
1.564411508478785073e+00
2.334874385854710521e+00
1.322717941990588120e+00
2.219460859664110775e+00
1.943528756176269967e+00
1.741256681217049795e+00
1.643295304449016170e+00
1.084849099639318970e+00
1.660903820334931336e+00
2.241825261141093151e+00
1.694459782391550373e+00
2.029175432302706916e+00
1.361536000519833811e+00
1.640000862136147930e+00
1.927977458558990609e+00
1.318344029849807697e+00
1.240095730920782069e+00
8.558794507688324282e-01
9.584305339236313115e-01
1.282430382498114030e+00
1.291139378071024968e+00
1.810606952206915699e+00
1.570346302279333139e+00
1.923136805154777473e+00
1.096019844686217271e+00
1.634205032859150419e+00
1.376309781156446865e+00
1.560924584915714286e+00
1.164458944216556047e+00
1.444569451359023926e+00
1.376450331310815400e+00
9.638814162894016047e-01
1.387167427045108647e+00
1.391317222916725660e+00
1.896531498953655248e+00
1.203930527756287505e+00
1.759790825926362157e+00
1.516492393177405251e+00
1.942329337705489767e+00
1.265627123684047284e+00
1.308412645377775574e+00
1.132668010508463885e+00
1.378837477077294649e+00
2.160754789456260205e+00
1.523797706154696785e+00
1.315552749475745520e+00
1.459929139709002399e+00
1.455738513906696507e+00
1.806136755812582040e+00
1.708540668409079588e+00
1.235572131908971194e+00
1.395986928436654173e+00
1.415131996688711480e+00
3.434953942340044364e+00
1.729365843936954805e+00
1.207416488727717896e+00
1.372779571380639663e+00
1.878490852258221766e+00
1.060688812737818232e+00
1.474141790463918911e+00
1.773785979830322823e+00
1.983955630450622509e+00
1.226592181335296461e+00
2.358981686114316911e+00
1.418621161876088665e+00
1.450747450415437845e+00
1.237249772401013415e+00
1.141325833920288524e+00
1.723094091180441767e+00
1.386535546154672227e+00
1.122566946317642422e+00
1.219360746257119876e+00
2.120641925656959970e+00
1.512119133690986050e+00
1.279707619725437562e+00
1.352135798803386857e+00
1.551589687175959797e+00
1.939004184574655953e+00
2.131122361637580287e+00
1.575285287621913444e+00
2.071144319858580829e+00
1.009290385874731966e+00
1.712209552206477969e+00
1.571186372525941399e+00
2.625049303254747279e+00
1.559235527476787508e+00
1.362185640668065911e+00
1.534856883980793008e+00
1.491221467782789301e+00
2.021944960925566193e+00
1.188039073470030349e+00
1.509584964305861199e+00
1.421188863920501477e+00
1.749466315206340550e+00
2.578615026057113901e+00
1.562469750059613416e+00
1.790590209376943465e+00
1.017719007716605839e+00
1.401253236503634758e+00
1.439461900377334569e+00
1.606355199043840276e+00
1.390644875498877386e+00
1.648728494625523622e+00
1.687755947858552430e+00
9.933177965838231316e-01
1.147321589886296733e+00
1.588600177578427086e+00
1.368990017888054744e+00
1.052709611106034782e+00
1.892818241472166374e+00
1.666181211853537514e+00
1.616299247280124085e+00
1.287386158050733531e+00
1.623771837946023755e+00
2.270286590899604828e+00
1.281639950565263142e+00
1.397720335771011957e+00
1.671097351478608051e+00
1.417360010175583218e+00
1.768196117795784117e+00
1.454749363700768683e+00
1.345402751883128412e+00
1.919926034222822153e+00
1.464032650791291523e+00
1.634245794188563528e+00
1.506405919926489423e+00
1.595821676285116730e+00
1.545848140731824083e+00
1.726582128711581454e+00
1.387407564245231262e+00
1.238451853631027388e+00
1.429875403192413241e+00
1.703319477624181566e+00
1.550139738790227595e+00
1.267212703278064678e+00
1.749713626891496121e+00
1.266141569756542573e+00
1.661571355432668984e+00
1.583167821975410616e+00
1.025280925046137659e+00
1.078931799998372298e+00
1.417743074829079797e+00
1.579721827867322848e+00
1.451513470624519631e+00
1.427830285201192817e+00
1.657418872169221347e+00
1.560743998220904816e+00
1.111037268111509047e+00
1.175186619005252675e+00
1.345008414878859027e+00
2.098057213741843618e+00
1.609044439576036822e+00
2.068764687161932070e+00
1.638735930940987684e+00
1.502132305353706565e+00
1.948391176887689147e+00
1.489802783206851444e+00
1.987005778352186391e+00
2.168847359012233245e+00
1.824697538336540914e+00
1.368431270546730527e+00
1.567792485513632927e+00
1.306723671644460572e+00
1.332329237841189951e+00
1.693048319542605373e+00
1.947257354900200355e+00
1.251365185911409439e+00
1.524998284979937724e+00
1.953995006269953816e+00
1.486636179407208269e+00
1.827706788199785715e+00
1.133004749623017560e+00
1.276819164274125118e+00
1.174881534162298458e+00
1.418657350897506886e+00
1.652359423403166216e+00
2.003096912196342227e+00
2.010374253730253802e+00
1.809427862194963543e+00
1.116848922941368949e+00
2.158235310254018824e+00
2.334574340300434869e+00
1.746384756232274293e+00
1.501396126949427590e+00
2.345124248935969380e+00
1.501666493159319327e+00
1.562324524937213299e+00
2.230016668192431606e+00
1.586722308056332853e+00
1.555072551695299454e+00
2.203450124730827575e+00
1.732781114855729721e+00
1.518798369646343183e+00
1.749043024184532280e+00
1.296394485465432345e+00
1.550477659860808100e+00
9.643507690479344863e-01
1.806853463714859886e+00
1.342967394616736865e+00
1.254583316000163373e+00
1.359089337278476251e+00
1.147363774029497074e+00
1.505496963772854135e+00
1.125774206663146648e+00
1.859014076271068516e+00
1.357960298489548912e+00
1.734046500694978787e+00
1.899804058020680309e+00
1.690918476114377844e+00
1.820069275892507221e+00
1.518799846952685328e+00
1.517076842816091231e+00
1.986629685830642922e+00
1.253528302113599002e+00
1.801091365970827862e+00
1.650907096214812020e+00
1.199507616174999791e+00
1.633064315348391915e+00
1.174674827403858091e+00
1.503151494727396509e+00
1.706335676551729907e+00
1.716569357623275227e+00
1.374292220202605552e+00
2.016416420768743389e+00
2.438543986823609622e+00
1.982093973959614841e+00
1.459527379819215875e+00
1.566788182042997191e+00
1.501213235858858575e+00
2.165865241466851554e+00
1.556189428913134165e+00
1.969794576846002343e+00
1.788642274652772368e+00
1.527906615997925543e+00
1.798486310294899138e+00
1.240294477207187107e+00
1.840800811499410550e+00
1.919767339565636943e+00
1.350186592676714925e+00
1.583583444544839791e+00
1.496920936637718080e+00
1.672817212619169158e+00
1.671401955336713430e+00
1.437268856175160314e+00
1.393200269568303229e+00
1.642148233288107440e+00
1.749376499937409513e+00
1.437043633693530165e+00
1.228608560738403854e+00
1.141892220976054917e+00
2.013890800290832228e+00
1.538433629752494314e+00
1.314984124593169268e+00
1.273635424171976949e+00
1.818446982124820144e+00
1.123682411546568005e+00
1.207956690783781983e+00
1.469612495401394270e+00
1.224156590896658736e+00
2.223537216107182246e+00
1.704094133652805043e+00
1.357126637888116605e+00
1.580468358245046723e+00
2.045367357939233521e+00
1.899133592502531664e+00
1.672023780749515298e+00
1.328440699727910568e+00
1.632521878852149166e+00
1.888960919440974884e+00
1.558756241994906588e+00
1.150549367015119673e+00
1.338010538939050642e+00
1.340373063760110561e+00
1.902014728978831615e+00
2.501487359720366843e+00
1.593038965159016662e+00
1.590174244757585287e+00
1.213663617006212947e+00
1.216216585397281280e+00
1.453083199288615068e+00
1.048753682595132908e+00
1.521012313569993779e+00
1.978473109695492616e+00
1.236201570889018164e+00
1.418134938797681377e+00
1.528928475793042585e+00
1.548003682339992304e+00
2.070186396651469085e+00
1.427951167426815715e+00
1.398435117509418957e+00
1.095032444672124017e+00
1.487855368799795741e+00
2.674576737897641276e+00
2.425357259900975393e+00
2.030807964849565384e+00
1.531734600188613626e+00
1.473530325696261079e+00
1.650495141179281422e+00
8.459206559961709448e-01
2.256287089450349725e+00
1.363082943081457055e+00
1.004397739125100442e+00
2.020682917458620498e+00
1.415448905542235236e+00
1.613577090627587030e+00
1.692993409503076974e+00
1.964791642779864844e+00
1.083180639867937112e+00
1.881664080833998609e+00
3.732627625915612590e+00
1.374531267182912408e+00
1.585540651693911451e+00
2.303680340578652341e+00
1.495529643731886793e+00
1.885797981729579798e+00
1.424759302381645609e+00
