1.450477110234491329e+00
1.382617133886569150e+00
1.577839324202091831e+00
1.239445130753772384e+00
1.540650440494016449e+00
1.554693633832135102e+00
1.314861640513407259e+00
1.566361329902165034e+00
1.607309420394366528e+00
1.815393107796746897e+00
1.234241675130512750e+00
1.213833922848950309e+00
1.754243421618362220e+00
1.503126016715804480e+00
1.014995585572995296e+00
1.396182451420448389e+00
1.205516680659780793e+00
1.525517479193245762e+00
1.435616568454851860e+00
1.565539100460517252e+00
1.376823039939840676e+00
1.421004641524280077e+00
1.678518334231525744e+00
1.833474146846168384e+00
1.517764135524322322e+00
2.034367614734674756e+00
1.301477936428307558e+00
1.600179609945101333e+00
1.469333388257085371e+00
1.239879654137719500e+00
1.759997508945719602e+00
1.112482695386111331e+00
1.298461116363283763e+00
1.424971398869506078e+00
1.394701574964495538e+00
1.339812114860573278e+00
1.195300105710319638e+00
1.432218624506978122e+00
1.169960633757357815e+00
1.348884100148620924e+00
1.494880749808621401e+00
1.187492337962077427e+00
1.637261749235170205e+00
1.381410077053543350e+00
1.475838398494283554e+00
1.549779962634150632e+00
1.240376450637251882e+00
1.746350240665925035e+00
1.671124283499167307e+00
1.522045574671488932e+00
1.847646574571068401e+00
1.726949805487620226e+00
1.457606060653777957e+00
1.513075675364609296e+00
1.775607579278986270e+00
1.232551478990076443e+00
1.412074203031142394e+00
1.395320080459552470e+00
1.548893819727321208e+00
1.385515009128606589e+00
1.496238380866375728e+00
1.477355442710874156e+00
1.374992335717356573e+00
2.006621089767698152e+00
1.240575181040784791e+00
1.499560907457153647e+00
1.860895201386977726e+00
1.605683889018838517e+00
1.302781159597342420e+00
1.442938804042990020e+00
1.556851682500627110e+00
1.324810881765329462e+00
1.784622573597109074e+00
1.830191669208090621e+00
1.523084775029796445e+00
1.322105748421593230e+00
1.776312684028037880e+00
1.664343162268249632e+00
1.341187024230761971e+00
1.821985912423407683e+00
1.399212380072809569e+00
1.290221746951455639e+00
1.156086496927084317e+00
1.953115447899925750e+00
1.281005410364700392e+00
1.587948617424778108e+00
1.506100787353844783e+00
1.373001994515606894e+00
1.148676154509336245e+00
1.133682738768436504e+00
1.470594505834178500e+00
1.351568898171435551e+00
1.610382154679548483e+00
1.587757461407270698e+00
1.608521916070572155e+00
1.390193623402175005e+00
1.509217111749670215e+00
1.895070273433224539e+00
1.682202028111457803e+00
9.161377988666765670e-01
1.443613397941365895e+00
1.173110310395090616e+00
1.400867789556924370e+00
1.369508319291289355e+00
1.809443578442707201e+00
1.623149482571550228e+00
1.189937008020741427e+00
1.461400943947334552e+00
1.379170952872149858e+00
1.593557237713551400e+00
1.307330589163224088e+00
1.384226010753043967e+00
1.485724932225280348e+00
1.110949190789705554e+00
1.594973940369333265e+00
1.158931923066772729e+00
1.317534709929018888e+00
1.525004939518830094e+00
1.908940923787697974e+00
1.546806133149587703e+00
1.530021521797121586e+00
1.397842878361676089e+00
1.638023443321417361e+00
1.073445795335268516e+00
1.720318357365068218e+00
1.499325502174577496e+00
1.686386933137471233e+00
1.638909788585958482e+00
1.611852842608499037e+00
1.805788400362615009e+00
1.294900851023359056e+00
1.331091490691398871e+00
1.567641296850338373e+00
1.331143334410098023e+00
2.137217451353523590e+00
1.396333703855983988e+00
1.401001526216567372e+00
1.232215165566501680e+00
1.367825444358392817e+00
1.244878599890226312e+00
1.727105737242219829e+00
1.443038014066652996e+00
1.711338779857625392e+00
1.395557945704385405e+00
1.225962305209099545e+00
1.164290301731314203e+00
1.574089988359548276e+00
1.902356426659675082e+00
1.078503370369383152e+00
1.795604141799950648e+00
1.486663855999592165e+00
9.741274628132030600e-01
1.272853546675358549e+00
1.222029734458010664e+00
1.255358664471445396e+00
1.437251937693362569e+00
1.463924408377114572e+00
1.555037503230289220e+00
1.387335777167129303e+00
1.534288924731840753e+00
1.251845532673284911e+00
1.653357472820757845e+00
1.835802492993454438e+00
1.708230418096942982e+00
1.557265941494839545e+00
1.195830294215203260e+00
1.293610658827239801e+00
1.551418034346135233e+00
1.524257832741601426e+00
1.367108345780675416e+00
1.403479551506321865e+00
1.309091636771220424e+00
1.141287928950214470e+00
1.414519837615528353e+00
1.540320662284949682e+00
1.520250643531695145e+00
1.551953955929914031e+00
1.362555398488534797e+00
1.325535416017049384e+00
1.423221015255971889e+00
1.362900895447686445e+00
1.314298734426663895e+00
1.995864746831035763e+00
1.310793428942809813e+00
1.457182833209347939e+00
1.370792120322536167e+00
1.174450011640238767e+00
1.590580694211666923e+00
1.278570725076515924e+00
1.269839251851133888e+00
1.296831229887402515e+00
1.279019905237381405e+00
1.392064444825712455e+00
1.395695613679376557e+00
1.316491566729297125e+00
1.169638094340537782e+00
1.677649621623405585e+00
1.314912185112685483e+00
1.513742009226609175e+00
1.436117667713066481e+00
1.244307648868300475e+00
1.506865387070172257e+00
1.605354962438626298e+00
1.362801486974372978e+00
1.077862206575454840e+00
1.605501699975997898e+00
1.366691746661730766e+00
1.270869999713577947e+00
1.317312095726871135e+00
1.229785586617650139e+00
1.494703721331342994e+00
1.320717524490147454e+00
1.207520654926804271e+00
1.602920742625830286e+00
1.229984186506868138e+00
1.438123194996536069e+00
1.723807739750767398e+00
1.159813121027859717e+00
1.359861758566909495e+00
1.265687145154369420e+00
1.893331817481079149e+00
1.545343181428551205e+00
1.475875717664219433e+00
1.532020305720171116e+00
1.489684109326529615e+00
1.242289597555476854e+00
1.481917349878315360e+00
1.301895723544216565e+00
1.516523555566849923e+00
1.341143899944735596e+00
1.152806758226628370e+00
1.787840759037375715e+00
1.239322144745592436e+00
1.405995371160369656e+00
1.300576224614180099e+00
1.617475988898013473e+00
1.654403780383738143e+00
1.513992850305763582e+00
1.883855890269298561e+00
1.598437702018206563e+00
1.530782012176969520e+00
1.438811794105297137e+00
1.485387650697413520e+00
2.062238763347878479e+00
1.604315669643042286e+00
1.095361209046998630e+00
1.869005679011332521e+00
1.745962838012265594e+00
1.546765737006200903e+00
1.391634130741514319e+00
1.104137221810444158e+00
1.349302532719012016e+00
1.601078099980224323e+00
1.436894722216598197e+00
1.652679896265075721e+00
1.587855761326474768e+00
1.629085994588156394e+00
1.788115495392242682e+00
1.504843208396836829e+00
1.803459858256111437e+00
1.843616968914485899e+00
1.031327173573080014e+00
1.579534679158437038e+00
1.302873518173556899e+00
1.661261296294429757e+00
1.372483533962888025e+00
1.132561529285416535e+00
1.657476134471774776e+00
1.553166833464849184e+00
1.719362059804034892e+00
1.402439712815591655e+00
1.561227622844390872e+00
1.691608613617349377e+00
1.508061058919910158e+00
1.505119663335596991e+00
1.205994037809592800e+00
1.462527936062018696e+00
1.068241500678348777e+00
1.226333877771935255e+00
1.562657266816859014e+00
1.396313689188975582e+00
1.153406983003822273e+00
1.501181736996956673e+00
1.283036539370171703e+00
1.406165518212109111e+00
1.389768664128686826e+00
1.346204956172665668e+00
1.587980265597880969e+00
1.314861577607401300e+00
1.163681726462691302e+00
1.419934508883439417e+00
1.443027993946891518e+00
1.731447303138452520e+00
1.452613735534479256e+00
1.529955695468991461e+00
1.713330050317902087e+00
1.441626119720702093e+00
1.793657017296332201e+00
1.026880465251308383e+00
1.344764799570773439e+00
1.698149074060556041e+00
1.289673282850106961e+00
1.263425061293123264e+00
1.565965810046523909e+00
1.310668178433814779e+00
1.399838175804156037e+00
1.558078922072808625e+00
1.609054000214020563e+00
1.265909538840621185e+00
1.115887471181032042e+00
1.305950030287713171e+00
1.458332310783683194e+00
1.222659803731824146e+00
1.582574759510962936e+00
1.511461307008804766e+00
1.242314345350894467e+00
1.618812988180600154e+00
1.234705675695881633e+00
1.699344365647314836e+00
1.858189090149842126e+00
1.629105650516539772e+00
1.269689214517227160e+00
1.265145356831621992e+00
1.965742551010088546e+00
2.086714090102003372e+00
1.381534249654938984e+00
1.623050956624887631e+00
1.520750804448435689e+00
1.102599824333792444e+00
1.541792722553958495e+00
2.165285144875175316e+00
1.434824671028079646e+00
1.316796817085669646e+00
1.240671846911223897e+00
2.053688055729266715e+00
1.473955931331187186e+00
1.738192224691241572e+00
1.263411819619139731e+00
1.668317386400069990e+00
1.634229859015122077e+00
1.455749709694090122e+00
1.530497075152530195e+00
1.595892343876165187e+00
2.005593057772686372e+00
1.157813186019451379e+00
1.399642221905605721e+00
1.655987685483600869e+00
1.468775933971493641e+00
1.307694142473680765e+00
1.279715771402851976e+00
1.731981419197118788e+00
1.290580868453063301e+00
1.615637553530860027e+00
1.381894353771089268e+00
1.709739918354208355e+00
1.605647618704063584e+00
1.560233196732721650e+00
1.375701694581412005e+00
1.897325164303330425e+00
1.374054068983068033e+00
1.427399786345609600e+00
1.753983250133914984e+00
1.765782278231115443e+00
1.410430019084452979e+00
1.612417470140783848e+00
1.198813333287261917e+00
1.261971584123866119e+00
1.262897663014637351e+00
1.197500477628181681e+00
1.391820298752890483e+00
1.421752619320749700e+00
1.627721668527721599e+00
1.334746407311110383e+00
1.184661024789503969e+00
1.531612505385748113e+00
1.646465635522750715e+00
1.537920946707588499e+00
1.381297781813604075e+00
1.448083883179237086e+00
1.550395039687737730e+00
1.313899788502924659e+00
1.544156251581189299e+00
1.548234769729782023e+00
1.715959666525427307e+00
1.357955873358598575e+00
1.511934863572700349e+00
1.603315422813456070e+00
1.389298348879724587e+00
1.197050978837321367e+00
1.610755066364735866e+00
1.694213642782953277e+00
1.717296643888429175e+00
1.422383048273405892e+00
1.299112260021764609e+00
1.476324151657381734e+00
1.494661471616406390e+00
1.311024498364410817e+00
1.581308863530243469e+00
1.847630217009458509e+00
1.838575377523692378e+00
1.957756743731304372e+00
9.880145673646628657e-01
1.653872709043853861e+00
1.477464618914080319e+00
1.847295784990342193e+00
1.607655413792297816e+00
1.313798976588886891e+00
1.346187795757592731e+00
1.143033476528176218e+00
1.390395282592431947e+00
1.228900521652824374e+00
1.208678805618303320e+00
1.668676862720788190e+00
1.541812005241229411e+00
1.630694031773889607e+00
1.173727612501649142e+00
1.812040945329356223e+00
1.709271131496351570e+00
1.280904761403812708e+00
1.775981313368845571e+00
2.040087359822342794e+00
1.259808949685850887e+00
1.164053108888834842e+00
1.650133407805989494e+00
1.122929683683801194e+00
1.252267617558427526e+00
1.444479431443603135e+00
1.456035321599728594e+00
1.478699510418437280e+00
1.404434414013838062e+00
1.283973659677297263e+00
1.618510623219734601e+00
1.298160472687982292e+00
1.303793388758204053e+00
1.308045978880495452e+00
1.357127191125868659e+00
1.778012656947045134e+00
1.499613461158308514e+00
1.416951723074139746e+00
1.455043612524637320e+00
1.304184146465078742e+00
1.676116569142072965e+00
1.334934530585805135e+00
1.623417016324863349e+00
1.320683679315090453e+00
1.255620679563315134e+00
1.382741084442590918e+00
1.527854181531022926e+00
1.101799558174596072e+00
1.355829294182034905e+00
1.282724562176124516e+00
1.506552798462095222e+00
1.233070401052918319e+00
1.127086424463236591e+00
1.461540007562595500e+00
9.609176561347494427e-01
1.786177263404579385e+00
1.392983006465287943e+00
1.055750231608585610e+00
1.660504455733073259e+00
1.446021254023905023e+00
1.365471493285405069e+00
1.401443979992608169e+00
1.448326971299456423e+00
1.326678012431396381e+00
1.393003139354423991e+00
1.169662118870566703e+00
1.562745296443880827e+00
1.675637221475817062e+00
1.387533041162455349e+00
1.237357417505554613e+00
1.357212186004440380e+00
1.611543626182055489e+00
1.473351321016266979e+00
1.496261884590418312e+00
1.509664280224707777e+00
1.369680630133180976e+00
1.384600314586760694e+00
1.498616746437487768e+00
1.360263406519863549e+00
1.195225151785491269e+00
1.481928452193636003e+00
1.689465959671168971e+00
1.369461361294652457e+00
1.313569796894722863e+00
1.590673684427309276e+00
1.344495408949770487e+00
1.154185670698443689e+00
1.367822705991825316e+00
1.398318160397977294e+00
1.679140549385844894e+00
1.700920780149760336e+00
1.276202380612661447e+00
1.676181476546539040e+00
1.432738131583246588e+00
1.557585054174299488e+00
1.552492120597577463e+00
1.168000927535536970e+00
1.335249636906662429e+00
1.568543061407670747e+00
1.303818572249568986e+00
1.793457926632132438e+00
1.437110066424492461e+00
1.584139639905513874e+00
1.504579841086139513e+00
1.548156083736352162e+00
1.655569927574356948e+00
1.548052310941296916e+00
1.534145328597727342e+00
1.661083103071941958e+00
1.482649463206548557e+00
1.496087364868337266e+00
1.196561033514279559e+00
1.603772566658982379e+00
1.522042609677597857e+00
1.216271945061941029e+00
1.524218887814234868e+00
1.389373732949001905e+00
1.404512510995511443e+00
1.572153866154301083e+00
1.245275482174552639e+00
1.160866544216068830e+00
1.252943635787378884e+00
1.491947276315100934e+00
1.420984361727902101e+00
1.434316642361877614e+00
1.267122651051957760e+00
1.322912686539281069e+00
1.749525772151220515e+00
1.246539411572131328e+00
1.310421608573125507e+00
1.839965775131099157e+00
1.249679799977500227e+00
1.468709954281969932e+00
1.386931168843959838e+00
1.385089763508752014e+00
1.489749201274936707e+00
1.544257445216129954e+00
1.339193726241313387e+00
1.284391666116932340e+00
1.521518433304410056e+00
1.417801861679711672e+00
1.211621515988885900e+00
1.152780706989334325e+00
1.358618299402920337e+00
1.208574402607579534e+00
1.153225565499083061e+00
1.179347742473807470e+00
1.665523319002312652e+00
1.250574753195957678e+00
1.171893220897643140e+00
1.158551345094236407e+00
1.272632180361469523e+00
1.594475126770654727e+00
1.901842894055769673e+00
1.271927491102339047e+00
1.214635665053056313e+00
1.305842332411448092e+00
1.700574176469377585e+00
1.444141275885870934e+00
2.253233319306439775e+00
1.362559183197985524e+00
1.147114328935235905e+00
1.535094284922210672e+00
1.165298777788984497e+00
1.777220017027908883e+00
1.331188226731632174e+00
1.698660553133880757e+00
1.221237957186300127e+00
2.057606855738821405e+00
1.166261008296808566e+00
1.353626504297803290e+00
1.343841548971182798e+00
1.194202850141544925e+00
1.522957510082726840e+00
1.714241949759414574e+00
1.180805005334408797e+00
1.357848677703955564e+00
1.555880451572320800e+00
1.548486092925095425e+00
1.424467490645612067e+00
1.277184472007745208e+00
1.759283851654249720e+00
1.429057863134411077e+00
1.241963513745332870e+00
1.269280099564182862e+00
1.814971063048488542e+00
1.063483367138331914e+00
1.386132760408839815e+00
1.412865392569024658e+00
1.549134676926204657e+00
1.356067401818915164e+00
1.743271737774481744e+00
1.599413740609004542e+00
1.198180395853752911e+00
1.595956221824341048e+00
1.888843565288432780e+00
1.334363985234054528e+00
1.741651542111994910e+00
1.613974087870662322e+00
1.285127285864927860e+00
1.841822419069579997e+00
1.234126923482809834e+00
1.102518630407301359e+00
1.243747477964764814e+00
1.342768349418528517e+00
1.582714987377796811e+00
1.769885467019143066e+00
1.120365828181634660e+00
1.844737898992153013e+00
1.639883254975947890e+00
1.334451668987572726e+00
1.943427293878850159e+00
1.559148068387549380e+00
1.712737003294625859e+00
1.476735877636685457e+00
1.419492357888815226e+00
1.478972877854514145e+00
1.298201808344506603e+00
9.778904535137790122e-01
1.687287950288712590e+00
1.879729022316084075e+00
1.723043752117888072e+00
1.018233093890550833e+00
1.427707148530768411e+00
1.401417854965900212e+00
1.617147795683649969e+00
1.302074771339483128e+00
1.283305461328128505e+00
1.234093791714048871e+00
1.419858954906465076e+00
1.266270322700867368e+00
1.169394854092389524e+00
1.692418995364734835e+00
1.689330561668801245e+00
1.587563808628288387e+00
1.436898091284980250e+00
1.290293727112655109e+00
1.529923518981815223e+00
1.352172072555876792e+00
1.413783524032536931e+00
1.348005430758126622e+00
2.104775102458011915e+00
1.284951983327782932e+00
2.117047125352300441e+00
1.530114127313823236e+00
1.328786717588942734e+00
1.408598814487108664e+00
1.520627637050856462e+00
1.138171542366713584e+00
1.192007221661192107e+00
1.341166008290164857e+00
1.424802586064845000e+00
1.245749029315575296e+00
1.254903707682230252e+00
1.633410119615914313e+00
1.526389195022819667e+00
1.180570590397230557e+00
1.459257746217608398e+00
1.442154335548968103e+00
1.717094086628472516e+00
1.528691396414341153e+00
1.410118561784928337e+00
1.203253200910290310e+00
1.167001778800329292e+00
1.516330974576096446e+00
1.402186409629555985e+00
1.501348208962587805e+00
1.513520761291462069e+00
1.522742176368901301e+00
1.401242550942751963e+00
1.319207456770263631e+00
1.353369859357657301e+00
1.286276627726930188e+00
1.471881829152783983e+00
1.726512149228542903e+00
1.951364008910979386e+00
1.207251137282552067e+00
1.091347789564030446e+00
1.926513533550756385e+00
1.381858312576402570e+00
1.448956342080516047e+00
1.403220120959679518e+00
1.653780554902853472e+00
1.195773345953366817e+00
1.556392272399212739e+00
1.552007115911935076e+00
1.386374488790057313e+00
1.323703257001787481e+00
1.500948195044853106e+00
1.503306412107758616e+00
1.245168967826901119e+00
1.309520400824400133e+00
1.461449417538630335e+00
1.311401273979288629e+00
1.491194054169898919e+00
1.514138728623294572e+00
1.572236711070032822e+00
1.392199633055820174e+00
1.087113112043381236e+00
1.666856767508338555e+00
1.477392804462054343e+00
1.220481303504216353e+00
1.727314137859248255e+00
1.430671338018716376e+00
1.743589965025787114e+00
1.030462454968038788e+00
1.323273679761770127e+00
1.525894084910918824e+00
1.720815375150810400e+00
1.761352259561946410e+00
1.584125544970528043e+00
1.536557229887984155e+00
1.474143673858477666e+00
1.471874916344927620e+00
1.270034314200600978e+00
1.641822520835280130e+00
1.529761674115792003e+00
1.656781606941202689e+00
1.776118028287624995e+00
1.300901515237122608e+00
1.153775714456328094e+00
1.357063202001415281e+00
1.468377479061806712e+00
1.675518994737668077e+00
1.619159974981699390e+00
1.356602788187672326e+00
1.365867873739625482e+00
1.353098321384428759e+00
1.090909030781666678e+00
1.567509351774748261e+00
1.385991099974734464e+00
1.272394979911084523e+00
1.837087647371529631e+00
1.271678446930486039e+00
1.477402773695030591e+00
1.599920374643823306e+00
1.701070162164950439e+00
1.090850969776469448e+00
1.345503753541799963e+00
1.563457255444911098e+00
1.278682895706959810e+00
1.324006808793011025e+00
1.477413756819319524e+00
1.328122235410616359e+00
1.424227051700537983e+00
1.252740947343465638e+00
1.260449782090021564e+00
1.337231851685090289e+00
1.724894590371048420e+00
1.300072080349709891e+00
1.535378950683415011e+00
1.447349324511209234e+00
1.609099956942225518e+00
1.151483666552992391e+00
1.534288526823892607e+00
1.258160317315998977e+00
1.778065798832908051e+00
1.764799838484328198e+00
1.443743457012380382e+00
1.584925788936842661e+00
1.133410925480350606e+00
1.266533662933599258e+00
1.464801705733769221e+00
1.478645429196230765e+00
1.293457015669126298e+00
1.382919641545427014e+00
1.671607828799427375e+00
1.409074831494327773e+00
1.554919137869701817e+00
1.647192638107499718e+00
1.335126940044239596e+00
1.477695149777647377e+00
1.454895293392209465e+00
1.251234960665792206e+00
1.670269649692672109e+00
1.641637808122798914e+00
1.586890451298993865e+00
1.264143961804271798e+00
1.005596361852483245e+00
1.662639579135807510e+00
1.423168635104452573e+00
1.138979307662627338e+00
1.431489976785992990e+00
1.685100542265346668e+00
1.590296849948676927e+00
1.576919638823662595e+00
1.390898449910810353e+00
1.565639111430463526e+00
1.506164172944313151e+00
1.185681093034565814e+00
1.553395546061699717e+00
1.236392808418029121e+00
1.305398957676266125e+00
1.413091549795330026e+00
1.109393957196387559e+00
1.310272181497741384e+00
1.587151992679602941e+00
1.412851573016284501e+00
1.350576893700232262e+00
1.615342395315669144e+00
1.428241354384287343e+00
1.244810491378842698e+00
1.465977464369132122e+00
1.251746185076452189e+00
1.777648815277756089e+00
1.353229859579404559e+00
1.434997648116433933e+00
1.360165859066843508e+00
1.571761024677093666e+00
1.412391954502521196e+00
1.707536257346249808e+00
1.721855330386084182e+00
1.781108766329015936e+00
1.404021092358509692e+00
1.480856337294929270e+00
1.449445976636521971e+00
1.354936986652018227e+00
1.302690450995193316e+00
1.240614677000357879e+00
1.117162622295633900e+00
1.158219502172621818e+00
1.204183620491469986e+00
1.198253813117493127e+00
1.590103502672762792e+00
1.484337935566981903e+00
1.344568659403630351e+00
1.341411164656548083e+00
1.341299443867066676e+00
1.483026157319925709e+00
1.206248934004996221e+00
1.866241577944133923e+00
1.418935516302977762e+00
1.845963340001959052e+00
1.499088276906525241e+00
1.366708693016326581e+00
1.598931289277250700e+00
1.392013019270538665e+00
1.374980123030783874e+00
1.808620258532432690e+00
1.545474452078938743e+00
1.306606773621644235e+00
1.418200684893106356e+00
1.270443781866587907e+00
1.480654085928935659e+00
1.408523620947473853e+00
1.643933637240148515e+00
1.118218064286742752e+00
1.876738558479728036e+00
1.385077435062033180e+00
1.311386155064193204e+00
1.217514953041480386e+00
1.281750268951115324e+00
1.247588502582239744e+00
1.463719152982782212e+00
1.493809509038588335e+00
1.351192271477266615e+00
1.292986323268498827e+00
2.174449770069539767e+00
1.769079795222199047e+00
1.357304850926940532e+00
1.678021678823784724e+00
1.162590113553058746e+00
1.283697270861987372e+00
1.347009194539976251e+00
1.415057355829984598e+00
1.366331979884608305e+00
1.201349159535236133e+00
1.401700122111446234e+00
1.174042267235227088e+00
1.481129197040594425e+00
1.554534119144119542e+00
1.211858899449762994e+00
1.223450597115440130e+00
1.489926881927904567e+00
1.115224602033576984e+00
1.301823862823332956e+00
1.581653745993842453e+00
1.341176632975573435e+00
1.744105200397601640e+00
1.388355197195205726e+00
1.600183761730064935e+00
1.730647380241253197e+00
1.830457028278580367e+00
1.194628845129520167e+00
1.525946782195227058e+00
1.331373891330368320e+00
1.868664889246890448e+00
1.522446403744535548e+00
1.319179490824692103e+00
1.544590543458056242e+00
1.579079162467421416e+00
1.586382620142495092e+00
1.546061894659777058e+00
1.228008415525475794e+00
1.694669544194602695e+00
1.714310131424874539e+00
1.308412164854860116e+00
1.206719099746385471e+00
1.295075596177393207e+00
1.397607036779196177e+00
1.293830474157712906e+00
1.349351163500210449e+00
1.335246647472210224e+00
1.839293954842901702e+00
1.596615362125901161e+00
1.284376468977644015e+00
1.185781504577539502e+00
1.530468159061027844e+00
1.353757220164303110e+00
1.520256012116065758e+00
1.540834953434778498e+00
1.592238795156185827e+00
1.588562460005693788e+00
1.277216619359149652e+00
1.459089884677670979e+00
1.708650211862713375e+00
1.415448309886632394e+00
1.444917198162954941e+00
1.519080578861276898e+00
9.459338398247844060e-01
1.567996864941764379e+00
1.341786330402223504e+00
1.256259313301348435e+00
1.285602763203058663e+00
2.111407274695789926e+00
1.814100345051553376e+00
1.470604257442486240e+00
1.362697162351531599e+00
1.255273943408618864e+00
1.268895722040429774e+00
1.361234790149524532e+00
1.758785783708631811e+00
1.317889909404287074e+00
1.534391443604880889e+00
1.630931922898419595e+00
1.679541794804918053e+00
1.453320220933633555e+00
1.542643849654774080e+00
1.689134751717169536e+00
1.346177340900278407e+00
1.320425481225787845e+00
9.927596299195978746e-01
1.684999110950827994e+00
1.480792760998442148e+00
1.399018519800614424e+00
2.133264326959154467e+00
1.438573808492160877e+00
1.870422510608787725e+00
1.898194819288572921e+00
1.864321677555752510e+00
1.083037576532736246e+00
1.441943928061150570e+00
1.621437080979578838e+00
1.369617017257274805e+00
1.794830219309924146e+00
1.243348421794578273e+00
1.324577585012365111e+00
1.211130463951902714e+00
1.385473694697761715e+00
1.435464065547364276e+00
1.158093718192896970e+00
1.068640368100220117e+00
1.522672136175128532e+00
1.439729080132793548e+00
1.690635569141883288e+00
1.238077094044379711e+00
1.417358045873359007e+00
1.694013686936114871e+00
1.322089508769549449e+00
1.502112949404404096e+00
1.553210784838389591e+00
1.203201029068842631e+00
1.537479301715780622e+00
1.243155732334282337e+00
1.402740331681217034e+00
1.448187414880245827e+00
1.492826683309817160e+00
1.273131485494674475e+00
1.428475318415350248e+00
1.533653697167950858e+00
1.373729324586316247e+00
1.238563858439528431e+00
1.519853111226616704e+00
1.288189237753100125e+00
1.269204726009295792e+00
2.014035870839679276e+00
1.477925017642546246e+00
1.856281077866662077e+00
1.140842794419826278e+00
1.717901482830144877e+00
1.510360858982161103e+00
1.385809378556685845e+00
1.134311086052425033e+00
1.315652147749182710e+00
1.446166952207831535e+00
1.295471837570461693e+00
1.334038236170169478e+00
1.430510934613816953e+00
1.255337001417238696e+00
