1.869518145592023783e+00
1.613727669004494825e+00
5.955442702847091319e-01
1.221528148799468028e+00
1.578421920657805844e+00
2.968964617486911539e+00
2.072834775051892731e+00
1.557543625791164565e+00
1.178011562980391114e+00
2.780553196106602787e+00
1.634395248912825060e+00
2.172038686544027986e+00
1.010548674372775402e+00
2.921721657636244363e+00
6.742211557045138193e+00
2.978060972033386822e+00
1.619837811186503052e+00
3.018463933242463870e+00
1.474468709121674603e+00
2.095268406190501143e+00
1.014278652248425283e+00
2.134483694096855455e+00
6.463014425748180969e+00
4.170108286303993772e+00
2.132444444191785582e+00
3.884873322001490603e+00
1.912449905182346477e+00
1.325070606142387586e+00
1.248472444562813477e+00
2.195537304671923540e+00
8.267497676958027730e-01
6.101194825689167267e+00
6.371129706909554047e-01
1.718004308912068234e+00
1.728360850362254064e+00
4.530706355326889145e+00
1.496296930286567850e+00
2.083366350821286961e+00
4.020548111900649424e+00
2.481559013800624047e+00
2.807714066179359147e+00
2.039266684121607387e+00
1.191683605763268483e+00
4.002596786901950310e+00
1.088461952793098098e+00
1.244449587762285647e+00
3.254512269349131515e+00
6.218067083247537319e+00
2.460793820918383723e+00
1.719390648533920984e+00
3.597788322586787935e+00
2.032065158690088857e+00
2.046254484305476851e+00
1.513931299786506202e+00
1.354202674659876315e+00
1.661842296199767866e+00
4.655176631198655102e+00
1.549652567815841264e+00
2.403416014450682425e+00
3.983183896990509343e+00
9.181681404361926591e-01
2.876118158700517125e+00
2.369603548153751404e+00
1.452048635875012650e+00
1.299908757047890440e+00
3.421080788881339707e+00
1.558236269014202868e+00
2.887601920612155038e+00
4.998147899467990207e+00
1.440570122499539307e+00
2.077135648818238867e+00
4.747058149391705228e+00
2.991333562965206028e+00
6.282854312792292895e+00
8.237653877974475680e-01
8.793107930925710969e-01
5.718768770100022714e+00
7.251285396342277423e-01
2.186930821926333923e+00
1.665589256750997116e+00
2.024458331005510647e+00
2.020763996066109680e+00
3.121003329745728916e+00
2.202926518216936635e+00
2.425044401580879416e+00
3.351025594761905868e+00
2.907884495963581450e+00
3.186103167289882965e+00
1.749080071148330751e+00
6.872967590151941586e+00
7.090107997623366742e+00
5.046493543924549741e+00
1.637526041046465153e+00
1.457683519892469359e+00
7.229094764797872941e+00
1.595257795750863128e+00
4.404571151247151484e+00
9.643101841378146633e-01
1.563850929914875287e+00
8.815646270765112646e+00
1.359323565116198118e+00
4.547433055008264446e+00
1.142615778543063065e+00
1.607629950833437515e+00
1.707114901165956100e+00
3.615802419273231649e+00
1.804767188608693118e+00
7.436327805914878519e-01
1.262884856561312441e+00
2.314228819691295680e+00
3.211659035753196889e+00
1.827740252841834723e+00
1.265152053838173085e+00
1.298199890393437306e+00
1.020086698110537204e+00
2.708149477510773728e+00
2.159511057410198553e+00
1.614868462915116432e+00
2.531537060944090811e+00
8.755447097341791718e+00
2.048636318836709602e+00
2.451673767415516458e+00
1.744449747825338681e+00
2.848554445703882720e+00
2.095460735821426557e+00
3.629707169387429655e+00
1.593938842203639128e+00
1.436745702578966499e+00
2.597290180640304591e+00
1.490428137391302421e+00
7.122389148838833783e+00
2.959636247593468550e+00
8.280589258143580267e+00
3.954444162460740486e+00
2.897429257755781862e+00
1.365257950025948519e+00
1.029155675898169475e+00
1.841141194072623444e+00
1.387696460270307020e+00
2.291516313921149628e+00
2.919704247473521530e+00
3.888053653551762689e+00
1.601115301424841819e+00
2.188842995405480440e+00
2.609009581509999620e+00
3.323327951229440913e+00
1.733164835249948466e+00
1.746467451595884235e+00
3.684452872542345325e+00
1.136246279291435846e+00
3.016183928823692018e+00
4.184793754543359334e+00
3.035331400041185290e+00
1.789504312215995707e+00
2.836338390165193513e+00
1.045564474809113964e+00
5.301900757110311169e+00
1.764098048077183956e+00
3.114034673563117916e+00
1.509573462827413337e+00
2.942473343869699054e+00
2.279741454430165515e+00
9.621751236624973558e+00
2.866996207349328252e+00
3.601494131573118818e+00
1.277747299877730613e+00
3.024292898626585124e+00
3.282333481306077605e+00
3.028008791972239599e+00
1.524740049487738558e+00
8.781098933762615744e+00
2.215776792281734409e+00
3.155752134250871421e+00
6.366365922603972827e+00
3.575979482659001452e+00
7.350288948637745179e+00
1.896620393553391848e+00
1.963338469162916544e+00
3.431518405054839072e+00
1.477614216759846721e+00
5.916449247338737116e+00
9.646561578423707317e+00
2.764469051828079671e+00
1.008234864648297924e+00
4.475629613701772591e+00
3.476023968302822453e+00
3.365108862681958080e+00
3.478307092754991281e+00
9.801574872402490923e-01
1.331775384972279763e+00
2.215094558483089671e+00
1.915630739309934549e+00
9.646286048843436545e-01
1.853682650060292536e+00
2.212924089302246600e+00
2.352910595788164194e+00
2.206798738336886334e+00
8.875777658143707782e+00
1.946228330748296820e+00
2.141294164302936842e+00
2.600682855429262919e+00
2.508781539086936796e+00
2.002916429795787767e+00
7.097894199442968066e+00
5.853226707770033954e+00
4.741231215734611482e+00
1.906906753613956340e+00
4.168223129563945584e+00
1.371734666384581969e+00
3.533145970691719651e+00
1.929956899848238372e+00
1.303492495810420371e+00
1.416201893192470473e+00
5.290163413754831900e+00
2.423507769455370831e+00
2.132866079870594511e+00
4.489203082359409791e+00
1.430485361171482062e+00
1.933412414777114341e+00
3.455401285656879207e+00
3.005217930690047723e+00
6.713472319717364023e+00
2.279142437416525446e+00
3.029893546436971175e+00
1.644237543552496961e+00
2.543305172099152855e+00
1.774353756659769799e+00
1.082147014185741218e+00
7.007920603136412296e+00
4.030976479426396253e+00
1.729350329212981929e+00
8.844756437488706657e-01
1.677133597145842758e+00
1.616472892329264610e+00
1.037190694037956273e+00
2.040044659537223914e+00
2.209552480439491262e+00
3.453514981189697242e+00
2.076050148371123782e+00
2.032225082362044688e+00
2.757512391386884421e+00
3.144092027480215545e+00
6.015423303485942341e+00
5.226454613873160682e+00
2.385656602950748439e+00
1.637876210866069826e+00
5.022317707765834527e+00
1.634868969667558014e+00
2.433899105217577574e+00
4.241689169862969955e+00
4.312524516901924621e+00
2.702914234824544959e+00
4.939611254311849109e+00
3.790252245284581267e+00
3.729639076047865487e+00
1.806060491403943091e+00
4.038782238675598713e+00
1.728578643865774200e+00
7.252627703417616978e+00
2.389428169291885506e+00
2.851750827751616590e+00
5.300729520402004624e+00
1.373712541204996862e+00
1.731389300432849776e+00
2.224688703994325056e+00
3.759749945471245081e+00
1.340748357441947425e+00
4.137474114542494696e+00
1.550306890762020995e+00
2.472242225204221544e+00
1.633501692337486988e+00
2.580781719174797928e+00
4.190208444317863545e+00
2.578095450174628933e+00
5.700256595239261870e+00
3.991204136328106333e+00
2.153373367890528911e+00
5.574566120341346576e+00
1.951179763948839740e+00
2.654275947764241916e+00
3.201285353571876158e+00
4.916648819203338405e+00
1.385497231418051367e+00
1.929730822794680334e+00
1.812103920321507688e+00
1.238458874052470904e+00
1.475490357702396560e+00
7.380595622481398443e-01
3.313056669611167848e+00
3.468115383902873550e+00
6.623543278426837766e-01
2.775496077352400892e+00
1.318616283407280099e+00
1.479222170274013815e+00
9.798806095531685800e-01
3.811034386220929715e+00
2.483182194313201752e+00
4.865356652060312648e+00
3.055325343580014064e+00
2.522930622179681670e+00
3.957236367371881336e+00
2.010908510633608870e+00
1.621180724682415031e+00
3.131012348709131921e+00
3.163409956184798588e+00
3.188352053456544155e+00
1.127407988446648801e+00
1.980079513922791579e+00
2.953498936427606747e+00
2.099193740408479059e+00
3.071152716109350589e+00
4.641533853638757812e+00
1.906134108787381098e+00
1.834157104669427607e+00
1.603009373003799753e+00
3.198511966186518674e+00
1.227319064364653878e+00
1.447608545416586567e+00
3.698007589477802171e+00
3.549902501576078784e+00
3.141789336477675221e+00
7.653024307925471170e+00
1.532504529013741568e+00
1.339421503300946625e+01
2.151284271485753852e+00
2.015754409048999385e+00
2.941798004768427344e+00
1.468662493610765951e+00
3.126458657925832885e+00
2.539277068352625566e+00
1.465046693826067559e+00
3.356525066682773062e+00
2.415841177793560224e+00
4.874272835487770905e+00
9.414365478271019549e-01
8.844847342053016037e-01
1.263511769520593520e+00
1.823960746436110503e+00
2.236585335410590236e+00
2.582573448479817291e+00
5.108828713582223457e+00
4.142030630414668124e+00
3.254983469567390930e+00
1.556366974516311785e+00
4.277419050908613407e+00
2.326771659288104477e+00
6.018921123650569527e+00
2.177928301149952617e+00
3.231683155833811050e+00
2.737533373480779630e+00
1.296732014555649126e+00
1.726420387187760142e+00
1.771686777863917150e+00
5.213781293850314746e+00
1.402806386777097236e+00
4.966772807067550310e+00
2.363548655003188337e+00
2.095881513892897452e+00
3.702360874971757809e+00
1.252585551901917782e+00
4.305326907419847693e+00
1.678925058223871281e+00
1.665020651538995811e+00
2.374121726872465921e+00
2.618678313777492495e+00
1.760789569839106061e+00
2.318182853061477644e+00
2.308054952088809841e+00
4.142131991543182679e+00
1.059049663335732472e+00
3.936566988770450859e+00
2.263335682489797662e+00
2.663848861191266071e+00
2.617367697778438806e+00
2.843660729621115379e+00
3.426279573269645606e+00
2.624134024666530784e+00
2.268972395163888489e+00
4.039177373475880017e+00
3.661070893125720982e+00
4.259626714074881804e+00
1.860089882647742332e+00
1.215422253373458883e+00
5.971871524411491272e+00
1.242298324234806906e+00
1.532832234874234478e+00
2.198996076244999820e+00
9.041639878951228226e+00
2.501233986337594750e+00
5.614932170644331144e+00
3.114413527137882109e+00
1.560171088937891026e+00
2.394932710256620023e+00
4.294993292466667612e+00
2.342313003820041040e+00
1.925850078262785425e+00
4.044209747881863493e+00
7.879831638258451676e+00
1.142996454874122048e+00
1.199047902619682304e+00
1.863287745734766299e+00
6.120019565148163032e+00
1.726573555735499310e+00
2.302073059106143127e+00
4.971834672703545621e+00
1.756551008241677092e+00
2.932386392513230522e+00
3.313036141245983668e+00
1.347492002199977446e+00
3.761053157240122680e+00
4.505391959344891895e+00
5.684315748537278168e+00
1.850417711658810527e+00
1.329046459298698135e+00
1.056149548442007813e+00
6.104546995413613786e+00
1.102558122056414680e+00
2.351414753222301091e+00
3.343673831440797883e+00
1.392135740756175410e+00
2.252932236853213421e+00
1.708313020436050156e+00
4.657546759507794398e+00
6.302175092135100520e+00
6.803940032757410661e-01
5.841494562994195228e+00
2.033965348765522929e+00
3.320430589749423511e+00
1.984378606669740863e+00
1.902785090993831973e+00
2.037330668047621529e+00
1.505882484013763234e+00
7.957008188802478621e+00
3.380811708794308146e+00
5.004029304703161429e+00
1.258742501063081054e+00
1.727700115716556128e+00
1.818031802071990333e+00
7.663288033549659595e+00
4.363088329555209199e+00
4.872170646980558573e+00
1.961718923381533086e+00
2.583925349775137992e+00
1.589783346994148916e+00
6.431196314606397735e+00
7.357181868765280797e+00
3.839195200175002043e+00
3.018903008207533212e+00
3.321516577740249332e+00
1.199315030615229283e+01
4.980386328462932610e+00
3.325870128955046745e+00
2.624812780461923456e+00
1.164806989642894530e+00
6.631034940627531959e+00
6.139207307860381491e+00
1.357172089919532532e+00
5.980149654184142349e+00
1.603031092696160398e+00
9.791598582291526354e-01
1.266626368317077089e+00
4.678911925017003703e+00
2.781594157948334534e+00
2.596379625113356848e+00
3.201145061790068524e+00
9.068120843628285632e-01
2.634062162598158618e+00
1.344374285923208401e+00
3.367930724664456754e+00
4.787848850110219878e+00
2.400797848082893537e+00
2.236908859930001992e+00
1.502063629714916138e+00
2.842706567661614780e+00
4.477235263572408641e+00
1.324489280114673262e+00
3.752351658787311361e+00
2.874585231716350719e+00
5.120930296529618175e+00
5.422477205087348651e+00
6.234801711022186943e+00
1.476655567293334137e+00
1.525082443277809174e+00
1.164427606689046879e+00
5.941676097386934252e+00
4.861072214979505368e+00
1.434665366261870023e+00
1.365664346980171473e+00
2.148266376724487614e+00
2.528701367977714831e+00
1.932559173702785182e+00
2.647776678424758501e+00
3.415727200508522632e+00
1.458830185870984009e+00
1.946244897900998971e+00
3.110743034520649708e+00
2.416841167688725811e+00
2.453385385654572204e+00
3.048750063228623297e+00
4.802294508981402865e-01
2.348546366306095035e+00
1.443094319276158943e+00
2.153614770535762890e+00
4.009282822326519558e+00
3.597690775971299271e+00
9.272515927933437041e+00
1.786935614087423074e+00
3.612330160150131864e+00
2.861970509258449091e+00
2.628092850809856440e+00
5.152120089485872079e+00
1.212548554623068320e+00
1.142499619505568553e+00
3.363290673641627926e+00
1.911621753149436609e+00
1.566677644273718029e+00
1.121036389481107065e+00
3.716052231315223331e+00
3.480741448606329946e+00
4.087648919741399212e+00
2.962536068371470321e+00
2.646251174322360011e+00
2.225337909247564028e+00
1.769858427494969355e+00
2.132781787864852063e+00
3.364990316217447930e+00
1.903523690968420778e+00
1.060170415982406134e+00
1.759981493827412757e+00
3.655910504361892688e+00
2.368017024389669434e+00
8.471456299051437711e+00
1.239107958920653507e+00
2.689777885202575103e+00
3.094163172535867368e+00
2.550447331273756113e+00
1.923039110536665319e+00
1.827375235756216520e+00
9.827946636464516272e-01
2.853987369565657684e+00
1.210210557663124353e+00
9.643429344362157707e-01
3.054997846756453583e+00
2.612907093676527293e+00
9.909709450614060389e-01
1.182685820097254537e+00
6.205097311466019505e+00
1.786862388825623649e+00
1.540310138749467983e+00
2.203845749642920016e+00
7.318542212694216786e+00
2.653944993464224300e+00
1.404681157538003378e+00
1.839235288351481090e+00
2.519012893020274202e+00
1.395310832706841087e+00
3.672590273499985791e+00
2.816820116445923006e+00
4.308189275282362729e+00
2.155191476990511390e+00
2.349130448984638520e+00
2.886024535235053978e+00
6.697237587578360518e+00
5.645072070801619546e+00
1.416465487543315582e+00
5.136292173671341388e+00
3.850721853127066829e+00
2.841049368365093919e+00
2.025900821123567841e+00
1.284621734331417908e+00
1.882842320084016086e+00
4.190117822633354194e+00
1.401812701152121532e+00
9.903825124526674628e+00
2.830739372826235556e+00
3.500212705725767037e+00
3.364398407333089480e+00
3.977564016182275619e+00
3.359284994664731183e+00
1.368638679480857823e+00
2.370303584012806386e+00
1.185780558693149578e+00
2.898529402144311984e+00
2.602953087381059571e+00
1.752409282161702553e+00
2.050792559450147046e+00
2.143622107244892216e+00
6.163726775838850536e+00
2.977044333346281491e+00
2.886585309232445162e+00
1.044108531632244130e+01
2.738973247731685490e+00
1.123076392189607420e+00
1.543543898118751923e+00
2.388664100909232868e+00
2.551799252553657471e+00
2.575653439291555102e+00
4.895901164491874624e+00
2.973838547638190999e+00
6.509708954460578845e+00
4.411925810104549761e+00
6.462768255351929447e-01
1.221092194978188328e+00
1.743023397007409159e+00
2.506960775455172374e+00
1.607094170602265892e+00
1.493024045862735072e+00
3.528481892835020339e+00
3.102706896101090628e+00
2.769534046963227247e+00
5.731320291020790547e-01
3.131022313146477831e+00
1.329957857056542680e+00
2.038459262492826163e+00
1.988332331818153387e+00
2.216381480292445971e+00
4.833936652611641627e+00
1.845255447039253260e+00
3.586080876722913313e+00
3.985177740428123894e+00
3.083164563772677003e+00
5.310084297278818255e+00
3.077557609592654231e+00
2.235201468555313209e+00
1.097989152260717471e+00
1.693714579109085294e+00
2.400047808488024792e+00
1.916020857474614258e+00
3.260352471400380647e+00
1.812466533157626181e+00
5.165245071613886019e+00
2.819890848338808098e+00
3.627052653705927110e+00
1.500156189342727409e+01
2.901371072022598696e+00
1.190331505956843339e+00
1.130190179341064249e+00
2.356635164325379783e+00
1.300685310055788690e+00
1.485443625733817719e+00
1.177699780207835500e+00
7.220830115571254204e+00
6.186252574332326226e+00
4.965164033640208530e+00
2.209780609853333910e+00
1.748767564533282304e+00
1.706058596407366679e+00
5.814090262975988299e-01
1.672586310851413849e+00
2.998263191728438137e+00
1.906606995436004315e+00
7.727050467550709456e+00
1.554800378962460705e+00
7.500655432585358051e-01
2.312685998432278733e+00
1.940839851144237738e+00
2.547671670474188854e+00
4.423263054923944004e+00
1.452286375435225541e+00
3.071870395832608569e+00
1.873838814607642789e+00
1.138793567625995928e+00
1.159575831545927693e+00
7.619419541569814047e-01
1.178181475583704119e+00
6.579646076396415966e-01
1.092734611045570459e+00
2.996670958693338882e+00
3.438436524512613612e+00
2.382323729787926503e+00
2.623746426881234051e+00
5.238150473180903433e+00
3.314365627560281524e+00
2.768256461593439077e+00
2.299299803801257536e+00
1.044825617622150205e+00
2.614606422869263369e+00
4.324234173479053922e+00
1.899042555273424249e+00
8.340986419804531593e+00
5.580246001587195970e+00
2.094335077002004830e+00
1.033859288913020258e+00
3.255119387564864297e+00
5.511032412376065892e+00
2.402982830139825055e+00
7.614158501704815230e+00
1.351842141927704244e+00
2.539367645578443522e+00
2.743428526355846220e+00
7.063366931996486464e+00
1.084609926249464840e+00
1.360389165479799045e+00
3.447262360892994870e+00
5.266645799248281357e+00
7.116288999845826524e+00
4.227744748135179087e+00
4.920360203279351197e+00
3.075109593195918034e+00
1.641231218308292661e+00
2.387424633090169390e+00
1.407863617695112035e+00
5.348086949092032860e+00
2.378998327184021022e+01
2.132520878759120109e+00
2.338598169207726674e+00
1.185941401844059939e+00
2.340573488689872583e+00
5.088893632074483975e+00
2.469718988608567312e+00
7.617017545640424325e-01
2.444113053492820598e+00
2.852265702654350754e+00
8.270031276158656297e+00
4.798883524324294214e+00
2.406256177073229363e+00
1.603811168262976095e+00
5.179954462033318663e+00
1.376923361303756810e+00
2.323998129266502843e+00
2.367530055339183814e+00
1.785705964064980611e+00
9.754145664217988010e-01
1.000899962803963650e+00
1.370530164494545122e+00
8.138608016590399785e+00
3.771411245767509968e+00
2.501894429261528163e+00
1.580864491797300708e+00
3.118566119998826824e+00
1.451020815730525104e+00
2.918324808876528120e+00
3.034818455476215870e+00
6.325263620416015975e+00
6.009949191114344558e+00
3.603416267333292122e+00
7.625589119363274104e-01
4.574635647562215190e+00
2.197620764323620524e+00
3.270775602460951337e+00
3.554548335824584182e+00
4.776951272535983506e+00
3.063845960885727138e+00
3.683432519579793674e+00
2.862170943742617268e+00
1.844726049537948942e+00
3.428495291616208807e+00
4.490220036037652740e+00
3.951317686295540366e+00
7.163806741931543876e+00
2.215497793778320901e+00
2.732981711895153598e+00
1.393284593783349123e+00
2.283684797140606015e+00
5.654730125027366272e-01
3.652307934816608093e+00
5.690796964325111063e+00
1.685078824902566108e+00
2.587787938249345387e+00
2.329872478237044575e+00
1.928883926827024142e+00
3.056241200375418021e+00
5.625084772546217415e+00
1.394050362934259324e+00
4.856457715744092241e+00
6.071229557055904280e+00
9.041723929135758731e-01
1.946693201671677365e+00
1.922426013148411439e+00
1.627714948443398146e+00
1.162294219465688672e+00
1.895634476280331215e+00
1.152629205410456992e+00
7.537333538960900858e-01
2.709014585933199548e+00
1.410181794636928387e+00
2.612355269325336238e+00
1.027895913106165793e+00
1.453811816477049268e+00
4.960310900110414423e+00
1.828892447938174959e+00
3.055430222398999529e+00
4.079130411547343016e+00
4.660132091483379924e+00
5.406930658341523532e+00
1.894230410219634564e+00
1.285815593283618830e+00
3.814234749532991131e+00
1.113039588016987436e+00
2.357972273988872214e+00
5.279282457599972389e+00
2.117684926115598998e+00
5.531185257688134627e+00
5.900368151302872732e+00
2.436377722940685775e+00
8.549669768759482480e+00
1.147490615461784103e+00
1.204878399518890530e+00
4.068296797647417584e+00
1.333401269391846888e+00
1.782798252178631193e+00
1.434258247331219316e+00
1.895750622961863696e+00
3.234298656138217432e+00
1.869037526914717029e+00
1.667851188913983762e+00
1.294556695764143672e+00
2.660852850819315218e+00
2.753582991865354490e+00
7.875693587701631415e+00
1.968538844387818898e+00
1.818578943115767288e+01
4.424399837613040010e-01
3.241550169949606097e+00
2.219144914604861185e+00
1.093976417367314768e+00
3.707146211285106130e+00
1.396677522623419376e+00
2.179635331918137187e+00
5.307506469107010183e+00
1.805404639810104017e+00
1.035355101069313832e+01
4.131627735232837217e+00
7.758852966087356196e-01
4.231026167002547744e+00
4.940470438552001298e+00
3.585198315765084409e+00
1.172772028415246304e+01
1.975785385801504423e+00
1.601540216999490118e+00
1.254100190184130215e+00
3.971211876575361899e+00
2.413859991916083025e+00
3.953334670887564073e+00
2.875171988212241736e+00
2.093142944532771832e+00
3.085845926461204591e+00
2.952402206473227597e+00
1.548968944330533004e+00
1.535046940375617064e+00
2.443019732287857071e+00
1.423312292700785742e+00
2.885560590129422565e+00
2.106276535713138109e+00
1.260571663706635537e+00
3.658386455714543128e+00
1.312200768894653979e+00
2.804394418030960345e+00
1.632687439017549202e+00
6.285645777571211568e-01
2.227830683475644502e+00
3.082641810953989037e+00
1.393296645559656488e+00
1.080732348923703734e+00
1.724872312851782441e+00
2.049642688164639459e+00
3.281937195941337482e+00
3.288566905441201449e+00
4.470377111481686150e+00
4.357243465233653801e+00
3.443432938789568798e+00
2.375619743962332109e+00
4.732999348350628743e+00
2.195749556035719863e+00
3.591669180307869969e+00
3.948079088699182115e+00
8.208026234794008502e+00
1.337583608679962399e+00
1.462516708098742235e+00
2.325527629806601659e+00
1.169256433911105120e+00
4.482087143934721851e+00
2.748600604468125930e+00
1.848558764563290602e+00
3.670674609356058493e+00
9.476477194805874582e-01
2.909845998770109521e+00
8.675190998342765525e-01
4.242729776899675009e+00
1.705758476946957591e+00
1.908538251200448954e+00
9.217295863233608832e-01
5.883687307325093485e+00
1.279446059262735025e+00
6.727094315788437306e+00
4.491283334752905532e+00
1.981833714115485368e+00
3.368155216600657198e+00
2.350504799777853648e+00
4.722556717030418127e+00
1.064856014457923994e+00
1.888475674027709550e+00
2.002348052653895039e+00
1.418634996790250957e+00
4.631688903065753316e+00
1.937461595299888595e+00
4.972751561390344577e+00
3.697424489663578395e+00
5.208497464746648653e+00
1.100995480273458282e+00
4.663265281589916711e+00
1.413696615296029080e+00
9.853091265191901371e+00
1.072730758749700586e+00
6.566941254148473739e+00
3.386867839144998005e+00
3.394819765692056013e+00
2.946479647915394295e+00
4.307020079204695762e+00
6.558884773644249044e+00
1.241854072227922545e+00
1.744406538292265552e+00
1.901668542999087386e+00
3.121869488002819271e+00
4.540512949827405720e+00
2.304592882490160921e+00
4.628442071595799234e+00
2.936075806753783990e+00
2.042832307963395877e+00
1.264733755762009304e+00
2.302199338179286237e+00
1.535493958877956144e+00
7.773229090630481286e-01
3.688956827195418064e+00
6.708764399902108266e+00
2.429215665224305543e+00
5.089524698914204670e+00
2.714776847613726840e+00
1.212992184386223471e+00
1.438238155420095588e+00
2.572844769340383309e+00
4.727653912296449157e+00
8.487352461380078594e+00
2.327500106345408160e+00
2.952646995101241956e+00
2.229969195055688136e+00
3.544385639190696491e+00
2.675125426084267843e+00
6.245725819278976410e+00
2.587215716830652212e+00
1.153480152058128372e+00
3.069387107411766458e+00
1.381165659544886903e+00
3.461917257356348809e+00
2.799910507214771638e+00
2.084647664077979190e+00
1.349619975675687922e+00
1.898758308157925345e+00
1.623010012428061311e+00
1.232813833965923811e+00
2.930419964717165815e+00
1.142696326838846366e+00
2.578722335854047643e+00
4.168600231282798774e+00
1.528864064107432696e+00
1.912058214799271738e+00
3.607669396113152516e+00
1.964735123541601292e+00
1.367171098138868723e+00
2.578088474820278808e+00
3.498238551051120471e+00
1.749676335386180837e+00
1.092433037507223315e+00
8.317816520169615258e-01
1.830849353049841310e+00
1.553949693255383124e+00
3.133354121138979043e+00
5.764738703226979233e+00
4.513491146344555283e+00
1.389819627945783509e+00
1.933072387809602777e+00
1.310870024577956761e+00
3.084902853693870739e+00
3.386774336049761747e+00
1.637066078187950247e+00
1.733713681476736435e+00
4.148564793782542282e+00
3.770442935706999510e+00
3.843547901235102593e+00
4.957149691687491533e+00
1.381500283975179544e+00
4.206891430612044402e+00
1.594188484241284343e+00
2.448412383405759840e+00
1.547759945409999949e+00
1.142102362759441325e+00
7.430594359215421996e+00
4.487665635991564983e+00
1.344590771126834561e+00
1.061295722315316770e+00
6.379218285832480184e+00
1.848308333272065562e+00
4.642546105981720572e+00
1.358315297273026800e+00
1.328971536744193216e+00
3.206060132369463300e+00
2.436898823270697623e+00
3.158213202517769158e+00
2.265638873082842064e+00
1.488433090464702957e+00
