7.734465376360777356e-02
7.241439481335383566e-02
7.953213631882347090e-02
9.244718405909356507e-02
9.036201607358315679e-02
1.352883173859878441e-01
4.932347525574270336e-02
6.670631169487649392e-02
8.374003543498287350e-02
4.657481809330394490e-02
4.265208849305970190e-02
4.163626242508380870e-02
6.393850219300815929e-02
6.078046516951877976e-02
8.868002859992625553e-02
5.302463494903178476e-02
8.105637682839618441e-02
7.223668942514500924e-02
6.029864068798210935e-02
3.333252949846999408e-02
8.970466047174462110e-02
4.423487470487104389e-02
1.013857468612680279e-01
1.536377220792610465e-01
1.033640041927576386e-01
7.413199090256553103e-02
4.371874085202635124e-02
6.118736432576255685e-02
9.673195913481608121e-02
4.504981998878260230e-02
1.197761034747615860e-01
6.526010274299012814e-02
6.376429501595980154e-02
7.955134233339666849e-02
5.766605567191593340e-02
1.593803008793174825e-01
5.329221158866839086e-02
5.522970728027352255e-02
8.904449582896231674e-02
1.091524156469870777e-01
9.062474634807472784e-02
5.528193697085596880e-02
9.706606443628673642e-02
1.125622118167165231e-01
6.904892167859255636e-02
9.822748264549449604e-02
1.239510390487689045e-01
5.658159672126866074e-02
9.361586076786053423e-02
1.120918876519118867e-01
8.297568024013227128e-02
1.023348190235272154e-01
5.573715024544226293e-02
7.904563743835867073e-02
5.565420774055360870e-02
1.580972527246399528e-01
8.524998381309972784e-02
5.621862260572527831e-02
6.238719938608207338e-02
8.350128271571810590e-02
1.033449355235668138e-01
4.830671979290951379e-02
6.230508877002547546e-02
1.492932518719477519e-01
3.899878141608131843e-02
9.985665376945859761e-02
1.237359820915617387e-01
7.363674115989155000e-02
1.566954543212796536e-01
6.455747550738850926e-02
8.533157777042338354e-02
6.926367662603699626e-02
9.660617291986203781e-02
7.303553909435558933e-02
7.170268698694409748e-02
9.244737716995743426e-02
3.643829267391181931e-02
1.852514125738395911e-01
1.038494125921831518e-01
6.984505084875478054e-02
5.288168467324115551e-02
7.079067861320502419e-02
9.867487143498857027e-02
7.440400588684550898e-02
8.379681949343963099e-02
7.745217791021299925e-02
3.761733103172980319e-02
5.145340746340432148e-02
1.056854037206651914e-01
1.095475093549345552e-01
8.462781820223126694e-02
4.401629341096759823e-02
1.018121592683571552e-01
3.985755663394374010e-02
9.127111679857291549e-02
6.724394276031804563e-02
1.132443020059724914e-01
1.119123052776775512e-01
7.717214114653417334e-02
8.590295900623683145e-02
5.714257764095672515e-02
4.403023220783860991e-02
5.562104708855268587e-02
4.523375967552452359e-02
7.726930868509179762e-02
9.672232360996985134e-02
5.763315261055101252e-02
7.788875509693329868e-02
9.893036043000470736e-02
5.001018651916205177e-02
8.306735749321449147e-02
8.106003836087925796e-02
5.657394131862858444e-02
6.862577800599205247e-02
1.109615771080248170e-01
1.014665341286898198e-01
8.829168359448874570e-02
8.216486181020819790e-02
6.824842575091059904e-02
6.948611512250435496e-02
6.343432755202101092e-02
9.572925089705276724e-02
4.402329011853938628e-02
3.965869680251350726e-02
8.027715541062400983e-02
8.466837106921519529e-02
1.130670439202643845e-01
1.212548520856335660e-01
5.604567032672962135e-02
8.848543294589840402e-02
1.169704617628298249e-01
5.265346642558966367e-02
5.223789214593591718e-02
6.733389953466642486e-02
1.410798876866789509e-01
4.618938828838667354e-02
8.071958652123294164e-02
8.093388397801641598e-02
4.413543388949831003e-02
5.614872876153245013e-02
8.153326173706146318e-02
8.041346035368601708e-02
5.499207799261780771e-02
1.211558841170375933e-01
8.798499417284820490e-02
7.115570437656891511e-02
6.420065360103061058e-02
8.693346642419355619e-02
5.173299473338503762e-02
8.580330168745563257e-02
8.810213146696396769e-02
7.208653194889555471e-02
1.106102578107582834e-01
1.172335882390865142e-01
9.549515120123179546e-02
5.913877914546181863e-02
1.273843699747453373e-01
5.857194392717300635e-02
5.224793088059536544e-02
6.637800462599761919e-02
8.842329108230891077e-02
8.361963812786799011e-02
6.572576965679122196e-02
1.001892957079479479e-01
9.946874063933570931e-02
1.023206943127318996e-01
5.727496629967730735e-02
7.787592244191976487e-02
1.066368333787756223e-01
9.999574994970888975e-02
6.619614298864570645e-02
1.182077849928379887e-01
9.692982448410428220e-02
7.308214086283933153e-02
6.855713578516760276e-02
4.218106200442887227e-02
1.449407019876914615e-01
1.612428194688892424e-01
1.532094767290960446e-01
6.206490839203900739e-02
6.481871585714778228e-02
1.809746496769492619e-01
6.735981971463339546e-02
9.114159369676422262e-02
6.721867941385374634e-02
8.339413501538088525e-02
9.092746325410967778e-02
7.814833205475225919e-02
8.070288782675168193e-02
1.012612564673375237e-01
8.968002754693521483e-02
9.157583834747207163e-02
9.369552402207712016e-02
6.560572814188436741e-02
5.956419630106416646e-02
4.216328454752120425e-02
9.815901375196826872e-02
3.541198469146404626e-02
6.720283574771998558e-02
1.375257076748869212e-01
6.047591384363411315e-02
8.975798392095618583e-02
9.635642236346951550e-02
5.800645992115205374e-02
1.084476684328059271e-01
8.758537903365869182e-02
6.093166214786090856e-02
4.124882299271576125e-02
7.832185171611125152e-02
7.942892396040659997e-02
1.023163908120884869e-01
7.603493392300655906e-02
7.937298245825759324e-02
5.735686857245361064e-02
1.414574879181715039e-01
7.763390983988784078e-02
4.543250508102326252e-02
7.543368289028375140e-02
1.799914268343122126e-01
4.657864905957780771e-02
8.482091259284911533e-02
5.382200635174692188e-02
7.252258185603779883e-02
9.600694710316669267e-02
6.855301840917862877e-02
7.827807298380629053e-02
7.074274892461732134e-02
5.617239716386608628e-02
1.487694924332751134e-01
1.142977879590423712e-01
4.453943436897679631e-02
7.436307366118359574e-02
7.751359525958499697e-02
3.132149098719246016e-02
1.007730659311423249e-01
6.450400633496533587e-02
7.367181630379526780e-02
7.826410475786303722e-02
5.872527865594303481e-02
8.779511008297773145e-02
5.712027736977268177e-02
6.235224001307704267e-02
1.028496190645209751e-01
1.357717019904425837e-01
1.105210023611924164e-01
1.247212528126906972e-01
8.528552761849052255e-02
6.880393144440613562e-02
1.007333628668736075e-01
9.480976356726240895e-02
5.330389851326586964e-02
8.547502311805260655e-02
6.684212710447536010e-02
6.593017035894331579e-02
9.492188243430076111e-02
9.480890841279822345e-02
7.049514170653158052e-02
1.204005743507282067e-01
8.392128163419337872e-02
1.385902023390752635e-01
7.290670093667557528e-02
6.792160425484695951e-02
6.472584428189603889e-02
6.125493102447845256e-02
5.204257343177887130e-02
1.368293476312399670e-01
9.880232364114049926e-02
8.891675522077771565e-02
6.848527380006538823e-02
9.532000823961382652e-02
6.766163565373123356e-02
9.109688474913867073e-02
6.245017442861982432e-02
6.764305480265517256e-02
1.051526513954201963e-01
4.727186649992196066e-02
7.033809136477585378e-02
1.009312356646785425e-01
7.782149867768280160e-02
1.024888864261754157e-01
1.018697243938205682e-01
8.394109754964215742e-02
4.994869300275898982e-02
6.144001860900346473e-02
8.660726680072217132e-02
4.180130878674319372e-02
4.778936947551384873e-02
8.261572874256423171e-02
8.522826969555212517e-02
7.198403776870826443e-02
1.010035101131647323e-01
1.265994631313062391e-01
1.377436959197421151e-01
5.970653972447528823e-02
8.918763343409498445e-02
1.056561221276697965e-01
4.271986364101490463e-02
5.829855020764620338e-02
7.473164108773555636e-02
9.231696249137466559e-02
9.627903647417057620e-02
1.023787610122306319e-01
7.184720455068750733e-02
1.252089132807334415e-01
9.557412703515658081e-02
5.922512244062638070e-02
5.691505726743793098e-02
6.448383732326402884e-02
9.439548580908395381e-02
7.071592774700496964e-02
1.081198634457622432e-01
7.042302030141120439e-02
5.468572878017503858e-02
8.276617753489505513e-02
6.146362733451482541e-02
6.665617397599486738e-02
5.201606920667235096e-02
7.548485709795667298e-02
7.149287837878152974e-02
1.450320546040191061e-01
9.415178042403454794e-02
6.883405567634479083e-02
4.304326919183526501e-02
2.736735297844471865e-02
1.184818319490707345e-01
6.443995429187535096e-02
7.345326178047391352e-02
8.460068638993155365e-02
6.991490263382511838e-02
7.417452227973962697e-02
7.021163574933625418e-02
8.014444603803731748e-02
6.979958858916070208e-02
6.157406528965919668e-02
5.450404261828174779e-02
9.503312611950280597e-02
1.419447893585449316e-01
9.081346496410877545e-02
8.990697448692015759e-02
5.357524165190977877e-02
5.099073508186507259e-02
6.460413997714335721e-02
7.251113461681797656e-02
7.264802230720025789e-02
6.977031371320842335e-02
6.318006098378248225e-02
9.172655429158264873e-02
6.290423740669663644e-02
8.661170367618546695e-02
4.592122586464648937e-02
4.646637749739956913e-02
4.608324931368448785e-02
6.387663816474489775e-02
6.497588147018712457e-02
8.106300302040368722e-02
7.570021851314376327e-02
1.102689009527989122e-01
6.495103037845653682e-02
5.006811038300010980e-02
1.111754006022966784e-01
8.325673190919541389e-02
1.164657404809863878e-01
8.777645520218620157e-02
1.027019309494589944e-01
1.001238964323498404e-01
9.616060855087467385e-02
1.140452553927378543e-01
8.475756000849599126e-02
1.338950885605667829e-01
9.478124263658656290e-02
3.780078567130050471e-02
8.458466832625315124e-02
5.173960026118515354e-02
1.077227670553823763e-01
1.128551135421126256e-01
8.293705073621851498e-02
9.200209906352505018e-02
1.049808725807277882e-01
6.823949572831876365e-02
1.025976452950336792e-01
6.908640933169675480e-02
7.866088043229921278e-02
9.066892787328897918e-02
7.997273124790042764e-02
8.617815137821197014e-02
7.240225230671723522e-02
6.448520532918151915e-02
3.437976641611098505e-02
7.164131863218969887e-02
6.471181714435189636e-02
6.066652655183468051e-02
9.788257255838804516e-02
5.891113949811582068e-02
8.362217267124390230e-02
5.290591129721292085e-02
6.003720942804621069e-02
1.646260740040153270e-01
1.193188151533206426e-01
5.679877043286830213e-02
3.733180459811371449e-02
1.230774423257677413e-01
7.208221820090053578e-02
7.780821679123743617e-02
1.069169428465590599e-01
4.621776330010821804e-02
1.212602601938888303e-01
6.858128654723907869e-02
7.440138992319515754e-02
1.546586362542554105e-01
6.026164829289529928e-02
1.019673744471975424e-01
6.196306398018947004e-02
6.933865006059972136e-02
1.213752747184486808e-01
7.835092970544908775e-02
7.946167761192479695e-02
6.085338237511220272e-02
5.477807746924322901e-02
1.019948654617604394e-01
6.163558318977061662e-02
4.875957284626952770e-02
7.273278783118769519e-02
9.120125107234849926e-02
8.737206110130017744e-02
8.174675523286550893e-02
7.445001529267089579e-02
7.130596724063467673e-02
5.293793472335821954e-02
5.206885265931684298e-02
1.063846047933928313e-01
9.125873866290092062e-02
8.724051316663132549e-02
5.610478591683346061e-02
3.946198734532953278e-02
1.322415691572545460e-01
1.200580248908927478e-01
7.874854390464741671e-02
1.678822772530670637e-01
9.196516543564203783e-02
6.016178639044997278e-02
8.554085665165767072e-02
1.171147110685695769e-01
5.857046583478756757e-02
6.782464264922925812e-02
3.502624873663376381e-02
7.033815057213388400e-02
6.289475974323806284e-02
1.016752411096530084e-01
8.187235260067159126e-02
6.029263755147127452e-02
9.429046329086562817e-02
5.940432089618117445e-02
4.873807373697718742e-02
6.479305816262879991e-02
1.063794959756243358e-01
1.663046553147312923e-01
5.555759731842247612e-02
6.213733351845567021e-02
1.091541148314668919e-01
8.823077469901745296e-02
7.780889125709251897e-02
8.918493633948876287e-02
6.022797832394506667e-02
3.960983126134737242e-02
1.168272695424217716e-01
5.188855571250826360e-02
9.407168162900073072e-02
4.499967172792228992e-02
1.085279881078264619e-01
1.033084632974940464e-01
1.210720855357974995e-01
8.904712267808954917e-02
1.014762120344170071e-01
8.794645485577275157e-02
9.360420419339220144e-02
7.560546995471116583e-02
1.344025207779565023e-01
6.128067681746975082e-02
7.742750993383966385e-02
9.352192780996984589e-02
1.215267973656351530e-01
9.806364707827902594e-02
9.305574708050548538e-02
9.380174502934225667e-02
7.819036884947971888e-02
9.230599980728171339e-02
7.730138205588310552e-02
5.449503604446312433e-02
7.819518469871458710e-02
7.128145978556671425e-02
1.072382810298637967e-01
8.240626387899498140e-02
7.165060884071748626e-02
4.857646855094165800e-02
6.177685035000653191e-02
1.134823229658873250e-01
1.332939078296440094e-01
5.680866240339690204e-02
3.804076518125165673e-02
7.520135585593093475e-02
6.810477057179400995e-02
5.614517266169410936e-02
1.524804933802934304e-01
7.280944859463819863e-02
7.124236526097187105e-02
8.971217902969781666e-02
9.792622280309422333e-02
9.473753665614241537e-02
8.158279420381500668e-02
5.179699270324591986e-02
7.170433501884170002e-02
4.790861812741913778e-02
1.059159977451837181e-01
8.670858151819715864e-02
6.440081280186235602e-02
6.819419322823640217e-02
6.108684640913493447e-02
9.876326006908578425e-02
5.280269205326244136e-02
7.906587582053478669e-02
9.670841946109141885e-02
1.074093002286560794e-01
7.332064642307145608e-02
8.227844735398992526e-02
8.217624294229355919e-02
8.186469321872773264e-02
8.088579992071071034e-02
8.309422134848311325e-02
8.907503190530630111e-02
7.257921963173831481e-02
1.002439424874853047e-01
9.054867014858060392e-02
7.167358956935594716e-02
8.128673617154456854e-02
8.602202585870087626e-02
5.998506959543888767e-02
6.203868620496507530e-02
5.415561820463165449e-02
7.369195569036979254e-02
1.038709855893447387e-01
4.076446697935873914e-02
6.184296055465406117e-02
7.690129102652636106e-02
8.702166630879337728e-02
9.254494927335041310e-02
1.033690076867329888e-01
4.317080725049683015e-02
1.149840597247057672e-01
3.834398171318082610e-02
7.919034965589828723e-02
8.118812409663321572e-02
1.277363332160446063e-01
5.609882935520163483e-02
7.380615015611521890e-02
7.752154973016295303e-02
6.680040665275037426e-02
1.058363825132916242e-01
7.701456668226099034e-02
7.336851027898208533e-02
8.658918350769879979e-02
9.539273352535347639e-02
7.201393512468164115e-02
1.021969132906442590e-01
5.715769371734917559e-02
8.920411015493037721e-02
5.013659602725082515e-02
5.531456477039124742e-02
1.271370672832601578e-01
8.780720291437235647e-02
5.836549552500779753e-02
8.338573946840234508e-02
1.128542721406161492e-01
9.198493430844940921e-02
5.478116843752980220e-02
8.334614186181746320e-02
1.535448720729478689e-01
8.263575502919734417e-02
1.373144239958809243e-01
8.696487978055279788e-02
7.971297289058532076e-02
7.413649901385614693e-02
6.105656308425142648e-02
5.775937627465083102e-02
8.226673711212671714e-02
1.137523090979369184e-01
8.386429474333446932e-02
5.916602446262950177e-02
1.094374827843794529e-01
1.098821621177257929e-01
4.980256960376590325e-02
5.345989494727186597e-02
6.682138676929495757e-02
9.809564179381370652e-02
4.126493085148769113e-02
1.100147561106463862e-01
1.002946252623580503e-01
1.073939328463244247e-01
8.535986625001211470e-02
6.419806433384281363e-02
6.401986525835380581e-02
7.975273200023186293e-02
9.637063055898359432e-02
8.087393494032846242e-02
4.859776432729953632e-02
5.533213955198167111e-02
4.575274482281954658e-02
8.091437560190339884e-02
7.814031612590500997e-02
9.191816817324394151e-02
7.797992422980011551e-02
9.013479937935450770e-02
1.058030399845049374e-01
7.903912378704450181e-02
1.092074272834134691e-01
6.863394902679563481e-02
6.089104072307286591e-02
7.081507747468174241e-02
5.366162779144770939e-02
1.574254971472609232e-01
8.988180107474874614e-02
8.420055047413933791e-02
1.702243395878849097e-01
7.495818451900840285e-02
7.037612331900197638e-02
4.080553172270722645e-02
8.188577439826744131e-02
4.288159922589963174e-02
7.811484287746174593e-02
5.628298979755758796e-02
7.242402961977385811e-02
7.486277683191221166e-02
6.934744037082024581e-02
6.493881775524082411e-02
7.190681242113224070e-02
7.799165195532622996e-02
1.433767217035734620e-01
5.918558380590255297e-02
3.652942045868078080e-02
8.606251227892046385e-02
7.497094582459824796e-02
1.322374277754042038e-01
7.148121453422227878e-02
4.836639752218979682e-02
7.954316989248452763e-02
2.754663147248311364e-02
1.260798278074981849e-01
7.245116880731775066e-02
4.266995136095551311e-02
5.485436355488590432e-02
1.186002703766890487e-01
5.462037714761130286e-02
9.267088605394695200e-02
6.598199868862104911e-02
1.020413360086140780e-01
5.388887725205995793e-02
5.801889066052545729e-02
4.240373419960282581e-02
7.850115593414505599e-02
7.883383219052113311e-02
9.497830620584525596e-02
7.629395135594277400e-02
6.695130934515150511e-02
1.117721492241843945e-01
5.753167409979573210e-02
5.253463862239077242e-02
3.287551675757115904e-02
5.077200500185694715e-02
8.287023826354189548e-02
1.305408615340672152e-01
8.208168164634199737e-02
6.594460356300189952e-02
9.448130706330075401e-02
9.143615089588091882e-02
7.748664595114934661e-02
6.640092190987179066e-02
5.953756710223490761e-02
8.780644968532971828e-02
7.812230451102444850e-02
6.839062630960243694e-02
8.413082332266319519e-02
6.362587330939638297e-02
7.725761739407550899e-02
6.185511521323024120e-02
1.112691949286737092e-01
6.564423453506260109e-02
2.961176109992803493e-02
1.034639110090367076e-01
7.438417115235923527e-02
8.090434770136477327e-02
9.916084531364290078e-02
8.860396207760561083e-02
7.041435529756970291e-02
1.069005572270011056e-01
7.580339058482117587e-02
6.121736453206842732e-02
7.250548749645427393e-02
8.834382082974352735e-02
5.503637232388936679e-02
6.338096127819478620e-02
6.281322081292396720e-02
8.295697935327130124e-02
7.843555291382608985e-02
3.482607085759262949e-02
6.324746368206095315e-02
3.710194345646546793e-02
6.671091673480068762e-02
6.186355897344993082e-02
1.102535620796902815e-01
4.222494448441019288e-02
7.385310073903328387e-02
9.501519354919552018e-02
6.886870087739677126e-02
8.374279731236868030e-02
9.999995922061298559e-02
8.410768632611419215e-02
1.078120582724172855e-01
6.308004613240851544e-02
7.809830143643461953e-02
9.696927076495727438e-02
1.114924626060463386e-01
4.643629409154956950e-02
9.527730143858305356e-02
5.229415035793287536e-02
1.404286072518425021e-01
8.202437143989579904e-02
6.718712132637034984e-02
3.321873779692724460e-02
9.897065391026414749e-02
5.942642032790105416e-02
1.009618859186354467e-01
7.612247304655836433e-02
7.333636557562728253e-02
5.673492251872233605e-02
9.094383093677445296e-02
6.413654622214084999e-02
9.972984931788095309e-02
8.628504777194433151e-02
1.192594837454238471e-01
5.529072619099171387e-02
5.418169410418030574e-02
6.592246366525333912e-02
4.598857760563600933e-02
1.388091335777093260e-01
8.742447980441750421e-02
8.222059222055752570e-02
6.294872267350140604e-02
8.673100023836181893e-02
9.340271393861400429e-02
4.551839569055933510e-02
3.919592879172060368e-02
6.124424938779285399e-02
5.064015167385849114e-02
9.464931331231395129e-02
8.860918873635312276e-02
8.742083933127933748e-02
8.458050501979186286e-02
6.701318102794952269e-02
7.931628224093784096e-02
7.940856344453528504e-02
3.925805387956663589e-02
6.724622230030874448e-02
9.694148176199336719e-02
5.867672931868288949e-02
8.629001384974245570e-02
7.288840473062781211e-02
6.312839995155748729e-02
1.006227773839476619e-01
4.271830328716793440e-02
6.854516802877337611e-02
8.764954517909626097e-02
4.393941933527112376e-02
1.166333566527340687e-01
5.608078134148009042e-02
7.733942911665883657e-02
7.806429692154352729e-02
5.238936787998633299e-02
6.147934986886923608e-02
9.017028123294011654e-02
5.692857257910606539e-02
1.019238054345210781e-01
5.351210426077638443e-02
5.583444985886688861e-02
6.218362704499424271e-02
1.068665405648850653e-01
7.130939008649275768e-02
7.980136267253074012e-02
5.401190592456983630e-02
6.634179136112851316e-02
1.326597006408570256e-01
4.662394083862219513e-02
4.813446049033315993e-02
9.615545950149058385e-02
7.757069491674442596e-02
6.940846011024372209e-02
5.797150788048026360e-02
7.212317219259636869e-02
9.840520075539470335e-02
2.186955916207616035e-01
8.787432099215934656e-02
4.300168950489639819e-02
9.527643427368895357e-02
8.810878040426226021e-02
7.531686720416480574e-02
9.092139715216501772e-02
8.047442185843055318e-02
8.472194310736173850e-02
1.439958879112784584e-01
8.405911261014234470e-02
1.116266865034240274e-01
1.392062432547861162e-01
7.212283080286166492e-02
7.194719856190470719e-02
8.573640412135154210e-02
6.326498126974836045e-02
5.757621858168391477e-02
8.893782645947780063e-02
8.269414665472335502e-02
9.219861326816294889e-02
4.586677353951996300e-02
6.085983551399003211e-02
8.267018502078099518e-02
7.939745443295752325e-02
4.861449442546109112e-02
8.523242535250474816e-02
5.096848705100138349e-02
7.248546604329948739e-02
1.181902269997108512e-01
5.861919437837118108e-02
6.796710109175518877e-02
4.316701751597883108e-02
1.130482541048370426e-01
1.241437454530832096e-01
5.352929983125886970e-02
1.166590500928846585e-01
7.200537707109642971e-02
7.852592884911578641e-02
3.836028115108453679e-02
1.063154827631215549e-01
9.690322567344585025e-02
8.762347535030094725e-02
8.603199478834733238e-02
4.173133865042550489e-02
5.950081138277584641e-02
6.773413804263424265e-02
8.091106994859338652e-02
9.318207374141262989e-02
8.224863146119255897e-02
3.553039512218643392e-02
1.849290899768526730e-01
9.756760408081464886e-02
8.812629428811537269e-02
5.636340134666337903e-02
1.019807178091775984e-01
4.128931419996117319e-02
5.566372693403209837e-02
1.216886434312375448e-01
7.241526985817928197e-02
4.500122568316081845e-02
8.363426970511797509e-02
7.325505597045808837e-02
3.901565475153240953e-02
3.869509689404543318e-02
8.846487681119033497e-02
9.666112530058877661e-02
1.021665626606491212e-01
1.029763386879495313e-01
8.496435328500431816e-02
7.222706407526670314e-02
7.080068758252001937e-02
8.706499935083124309e-02
5.507951054257162471e-02
4.646535120286519188e-02
9.126036620400275468e-02
7.906506732292541140e-02
8.822636457183345715e-02
1.096350428160980384e-01
3.818148370704111533e-02
4.808127446226133361e-02
5.015275406071044439e-02
1.127811483156702516e-01
6.581013490003673194e-02
7.779614192170870857e-02
7.647990833879197980e-02
6.875425508868654445e-02
4.923999168999450976e-02
7.228616854028670213e-02
8.017470092711301288e-02
1.086605983502822032e-01
6.506949886049417930e-02
4.634503131255433839e-02
3.429178864366676238e-02
4.439109538992869891e-02
7.794460602999804533e-02
4.552588026223836765e-02
5.021871218337058129e-02
1.327823807581814120e-01
8.235130816936439557e-02
1.224835187825581706e-01
6.797998430975196738e-02
1.336818751308951336e-01
8.608216471607660347e-02
4.392811814656747554e-02
9.245024650659937338e-02
6.038494639270060305e-02
9.041643636240484505e-02
5.636923967380084305e-02
1.070880813199203835e-01
1.431620559838336637e-01
9.538452285081928939e-02
7.409795119190272505e-02
8.370421525624208159e-02
5.237646916286917143e-02
5.764822602363717241e-02
9.870464455775622425e-02
6.062640484925238549e-02
4.260609175503671242e-02
6.787622160716913489e-02
3.000568838221462711e-02
7.751645647815359752e-02
1.203961346143443550e-01
9.070775786317583633e-02
4.172246165374992460e-02
1.156419628853679049e-01
4.087652375396455540e-02
6.837564337746626641e-02
7.972167753416879721e-02
9.071238789390839719e-02
7.637627156153008190e-02
8.667377595382466660e-02
5.888543391084744005e-02
9.465204366058525831e-02
7.184196275135026899e-02
9.690297598068321749e-02
5.866677845822800691e-02
7.780994628527895807e-02
5.897401025096447175e-02
9.638325896817261096e-02
6.191098079937002591e-02
7.719440026998838911e-02
7.891238798098143548e-02
8.916867606992853745e-02
8.981511587212348546e-02
1.174911341623090105e-01
1.292359153381958115e-01
7.170728676828508341e-02
8.511941220371856132e-02
8.391129541728918617e-02
7.958900792173666250e-02
8.822524514973449639e-02
9.289614781301973323e-02
1.063172731010881833e-01
8.944392766000658357e-02
4.629845256982827867e-02
1.162868586840248991e-01
8.252014689972712869e-02
8.802120348520038606e-02
8.914792942517264784e-02
4.221273016959079666e-02
5.278265079992478653e-02
7.769446568303139955e-02
9.660384842749572543e-02
5.687915865735181098e-02
8.467620547519025265e-02
1.347516922378740323e-01
8.245263541289273024e-02
7.098859878218070907e-02
8.673310625807149898e-02
6.980880018056552505e-02
4.799491389674466479e-02
1.238518977912117514e-01
4.745117101101479357e-02
1.300972142153453970e-01
5.347910724796983012e-02
8.046110525236413458e-02
1.680808441478684190e-01
1.013553970052056413e-01
9.004042089676801697e-02
7.899416961740141074e-02
8.813334714797745051e-02
8.541057616046549006e-02
8.852104522773909800e-02
5.245132151460463882e-02
6.060945165827769099e-02
7.835911304560770618e-02
8.727688477259888666e-02
3.656600610387365780e-02
8.242077869501436560e-02
6.700356850806205022e-02
8.273503128022643982e-02
8.762459712237928577e-02
8.419127216443525463e-02
6.922749212842770061e-02
4.952368679995480111e-02
9.272126536239236327e-02
7.879869646809797845e-02
7.854416852844790797e-02
9.279376237327173482e-02
4.614613336471512506e-02
6.542957649470128312e-02
7.852992592392177285e-02
