8.137619168614619591e-02
1.168129506682037272e-01
5.457472355531741565e-02
1.325475881583351723e-01
9.804668207794198231e-02
1.286502158571245502e-01
1.660654301912700970e-01
8.220904146318901151e-02
2.427983931309205257e-01
2.389793018231579358e-01
1.359948489129592930e-01
9.508796353123016853e-02
1.552580040521225890e-01
1.482129460340430305e-01
2.187772719787485498e-01
1.240626577679545262e-01
1.761272778938885453e-01
1.413166030981433952e-01
1.258836756478243502e-01
1.438494819168734673e-01
7.122804083453503077e-02
2.552198594667040021e-01
2.654268441948250401e-01
7.726219863861347181e-02
8.164093887343229494e-02
2.263516011874222578e-01
1.154544339586088125e-01
1.270776031110103232e-01
1.055468789683483566e-01
2.020732859854720287e-01
5.870756893004419608e-02
2.444561710949866573e-01
9.248177662328567472e-02
1.158665623185973215e-01
2.011543903391291854e-01
1.280818665645059029e-01
1.633854326480932706e-01
9.795208941391510271e-02
2.181835901743300610e-01
7.838448900033949396e-02
1.854077799921578784e-01
1.854971383745603053e-01
1.779200555643712933e-01
1.988240717206872232e-01
2.051564325701894231e-01
3.164947567093053804e-01
2.898520754854628234e-01
2.120024068182721488e-01
1.228286280417626164e-01
8.458236722567345767e-02
1.306626133438212878e-01
1.240232713533007958e-01
1.645981585788738044e-01
6.919217992104394199e-02
1.479869204140319139e-01
2.556097587366692458e-01
1.644722485726710648e-01
1.139394529454177546e-01
1.314140644847978656e-01
8.578907332992653789e-02
1.039095116163334109e-01
2.104132271531069798e-01
2.157654747729535472e-01
1.190113463709580877e-01
5.884384867711840716e-02
1.475754867803868997e-01
4.074172452833293989e-02
8.104036091259526897e-02
1.727177196236624745e-01
2.160567125571009883e-01
1.433210743472519977e-01
2.405026424326849599e-01
9.770810309841988783e-02
4.155939126888615054e-02
1.495868381060574681e-01
1.458343807082966848e-01
1.230705909896522843e-01
1.961228212469378063e-01
2.477975132579398609e-01
1.221351179529340247e-01
2.685164328813910983e-01
8.299418059128656211e-02
3.292395878391168318e-01
7.798371452443847440e-02
1.075819344560851876e-01
1.092541859753135280e-01
1.552443532090621581e-01
2.852696918749949087e-02
2.281059569758083772e-01
1.406413895809419945e-01
1.966855355191731158e-01
8.212706546700798693e-02
1.229229958856262878e-01
1.919369651570953794e-01
1.278347435817248079e-01
4.250623814058403227e-02
8.125387976622397423e-02
2.325233823496428986e-01
6.455402146507391303e-02
1.323703319726927674e-01
1.446487334994052687e-01
1.080991818011666356e-01
1.150180271605645427e-01
1.256073265000331729e-01
1.020174242759343958e-01
1.060186927186427958e-01
1.058587669720970070e-01
1.184018058063521089e-01
1.832866104216639147e-01
1.815053803101190355e-01
8.123907003821373429e-02
1.674026276781508948e-01
1.323582353377120990e-01
1.405149810454331127e-01
8.119358465423169580e-02
2.698185931822253969e-01
1.713405142555697869e-01
9.912751729178773119e-02
4.128176325148768533e-01
1.447061821232195622e-01
1.130824322378918695e-01
7.393180390873506369e-02
1.697687596155647016e-01
8.789593331977274548e-02
2.502017073786653723e-01
1.001227977048556733e-01
6.897089323349009371e-02
2.856207432956797132e-01
1.362318042810485574e-01
1.235850655914250695e-01
1.471837994701760965e-01
1.572178628082277763e-01
1.522395740699511169e-01
1.320898972179108122e-01
1.114218830882904576e-01
2.221175557495634334e-01
3.374881169080607979e-01
1.403201039499454295e-01
1.763714231528781817e-01
1.069211630953140896e-01
1.337943684324039706e-01
3.447192213701940483e-02
3.653366640832276802e-01
8.061414921004519951e-02
7.929825339532911577e-02
1.657533903004811682e-01
2.503440611531562165e-01
1.203664896888111402e-01
1.123903815953611329e-01
1.843730231209776971e-01
9.922931794935004046e-02
8.514496621201443627e-02
4.351571549862995880e-01
1.475655734205589820e-01
2.140687716328808776e-01
1.089084717152053045e-01
7.893853751968020471e-02
8.828567105613889521e-02
9.390482732309866909e-02
8.339531938324981630e-02
1.529297019296530502e-01
3.214192186878858659e-01
2.349644266026490458e-01
1.155620228984599457e-01
1.027857215846652572e-01
1.501750107175469084e-01
1.998882044847873352e-01
1.947237151406031874e-01
1.250463662420576716e-01
1.404140646798289205e-01
1.301351136006909104e-01
5.537090550660267452e-01
5.014611221370226385e-02
9.560494030416780142e-02
1.489482789673683416e-01
1.682751044682594399e-01
1.062601402204467194e-01
4.314302156028940183e-01
1.205294901928301993e-01
2.610192848014336597e-01
9.362138949982945491e-02
9.335964683818311072e-02
1.171745063150492067e-01
1.678860378751556859e-01
9.816096392865407416e-02
2.542176185323024584e-01
8.478238015186594090e-02
1.302271963751727712e-01
1.087772965484028603e-01
2.539954668783014347e-01
9.191751168114706272e-02
1.284210700098624147e-01
1.405165844383507445e-01
1.402404706905946707e-01
1.291743406844487185e-01
2.139555221428453557e-01
1.142176046187454719e-01
5.396698725946809383e-02
3.822439564144815560e-01
8.927622082308855900e-02
1.480865611711709162e-01
1.582099565205217773e-01
7.004587278866912514e-02
7.818627674694070273e-02
1.767165349696225851e-01
1.303474116355982371e-01
7.890306447741513018e-02
1.230189012473892757e-01
1.694078421338290341e-01
2.295537307134089544e-01
1.403217842193769660e-01
5.452481941674326704e-02
1.052890224075992281e-01
1.335948248511582004e-01
1.172559863976804645e-01
1.914281338901606955e-01
7.943856157539526397e-02
1.582355559249890298e-01
1.092397905069772412e-01
2.670027757551122760e-01
2.381238963302116374e-01
1.279243520713878590e-01
8.785476320880876433e-02
2.053527862001696402e-01
8.503584555070599349e-02
9.041881364080454897e-02
2.564253221822432316e-01
1.138345029028026700e-01
1.550221263592016785e-01
1.254222186602405031e-01
1.185015227367904600e-01
2.536603920774920251e-01
5.567392880878453687e-02
1.190105489566466584e-01
1.883540095504654399e-01
1.206540688831427427e-01
1.585868056839914442e-01
1.121155221619610232e-01
2.777938692654609576e-01
3.020686435446102158e-01
1.599929925185421820e-01
7.846931052380326510e-02
1.341263384072801379e-01
1.023692776037640612e-01
1.019325488193797286e-01
9.688350199896096637e-02
1.856283975272230991e-01
2.085831697664470019e-01
6.478512767784688764e-01
2.074864409435025758e-01
7.291795294415800988e-02
1.552987665451646127e-01
8.804650274564797263e-02
9.074449269615821045e-02
9.838678953274114514e-02
1.513034817206060645e-01
1.845218191186673573e-01
1.063650556114904139e-01
1.348359829071362481e-01
9.253423645777099360e-02
8.963419518159571053e-02
2.001198100291559367e-01
9.886416123635970166e-02
1.594511735062320579e-01
2.040625346197040002e-01
1.715023904746299788e-01
2.249963791753010478e-01
2.520990899326571166e-01
1.854274193628639988e-01
1.609566885185155505e-01
1.295558712350905473e-01
8.850388289214181081e-02
1.247037611926357231e-01
1.699685015896507112e-01
9.394414344713163112e-02
7.902090099087492880e-02
4.570172507155243480e-01
1.420178939064855594e-01
1.393999007605027651e-01
1.025687201581155783e-01
9.631275042042784784e-02
1.964452561267502895e-01
9.697374094941670075e-02
1.644723193372233105e-01
8.200000260165861421e-02
1.018437711177604121e-01
1.846628839690916679e-01
1.311007710841421148e-01
1.729954475506427503e-01
6.473055508791747403e-02
1.194174191059174661e-01
1.884585874964842811e-01
1.038643541176353519e-01
2.458940160202287839e-01
1.927291167978740782e-01
9.939825135090267494e-02
1.084025787100059007e-01
1.065262278645625199e-01
4.490567192692442866e-01
2.559930142135278253e-01
8.162806476023781732e-02
1.417446937983401212e-01
1.068099523988572663e-01
2.134342300083196531e-01
1.365932732675198269e-01
7.422829665003434496e-02
1.057096860532000110e-01
1.920107802487116821e-01
2.322385572412722088e-01
1.495015738485007961e-01
9.946821688990013788e-02
1.780957787940894987e-01
1.656763842753988247e-01
1.798421797908353603e-01
2.606457815550742851e-01
1.213894451957420323e-01
1.316117652847688946e-01
1.430378739303681535e-01
3.201693925372958716e-01
5.745748335767537213e-02
1.407616332937230430e-01
2.075646771443129812e-01
2.482692753996221247e-01
1.066077775304402897e-01
1.367299270220094787e-01
1.027543396558284056e-01
1.641928272883086681e-01
8.117904744742289458e-02
8.174275217469149923e-02
8.999172637914287787e-02
1.326716951702043013e-01
9.450860523507127742e-02
1.129230972330465543e-01
2.442038194729751477e-01
1.584740099989628281e-01
1.808445067423661290e-01
1.499890850259062991e-01
1.187679343875038956e-01
9.532485158103634615e-02
1.392330870722424951e-01
1.698536664390683515e-01
9.226677944298090905e-02
1.340672810125606018e-01
9.808586902166113730e-02
9.004567342920873074e-02
8.905077801569628859e-02
9.740805479394457067e-02
3.551105867994636817e-02
1.054317911432687271e-01
3.181039428973099215e-01
1.702421464054192091e-01
1.817215543665028910e-01
1.953620089373303004e-01
1.003687444065699541e-01
9.732224838017658475e-02
8.863368988495760881e-02
1.485340875508480152e-01
4.869831584432279120e-02
1.359310960077952657e-01
9.126500335219599191e-02
1.669762014917805792e-01
6.777712863572746271e-02
1.871660256374545195e-01
8.513350149541036582e-02
9.027064390418244877e-02
8.756289160486682710e-02
4.565096877422282484e-02
9.686289578191370486e-02
1.340837347115747535e-01
1.764285151057497780e-01
8.378490599114421511e-02
1.464667063264763758e-01
8.820769451647930692e-02
1.209718539941298660e-01
1.240111828583310566e-01
1.792749845753286997e-01
1.194613879221937125e-01
1.330106803556328487e-01
1.161717352089202820e-01
9.252300114604607162e-02
7.845506346588669577e-02
1.542207107367858099e-01
1.020037850284836733e-01
9.557419630253218001e-02
1.240742667480958517e-01
1.704466510120628830e-01
1.977884736928431086e-01
6.949102141825606871e-02
7.408876596664012992e-02
6.424025774493538621e-02
7.886083059795927219e-02
3.846953374583010898e-01
1.116502342515261481e-01
3.460948725811377469e-01
9.786962211594581185e-02
1.060438696319207369e-01
2.354472471012123702e-01
2.733653553560294047e-01
1.298037522977233127e-01
1.535081066071426747e-01
7.802099346780048961e-02
2.016283833687424754e-01
1.911189982337661575e-01
1.365316129767591702e-01
1.506665161494962213e-01
7.995826394651496527e-02
9.042736362425952967e-02
9.156465299082142129e-02
6.435537165302646079e-02
1.739244670665157644e-01
1.704463993559590662e-01
1.938740863283898441e-01
1.232932682862658835e-01
2.080117610506299619e-01
1.398940437012406168e-01
1.517135634548512080e-01
5.776337644050853759e-02
1.184892741708671593e-01
7.233187239798459511e-02
1.316547531089481970e-01
8.076371781321069199e-02
2.355303267149270463e-01
9.118857289328061166e-02
2.989345504703212475e-01
9.861969377565989181e-02
1.210517888415373472e-01
7.540830495563730085e-02
2.116828266447971785e-01
1.030793898387069307e-01
1.059225642797065325e-01
8.205299984209507569e-02
1.942476428136009625e-01
3.069642256477276288e-01
7.384516035720729843e-02
1.574978053872588823e-01
1.790578964480888102e-01
1.312198710965264414e-01
9.108166745179950563e-02
1.566992990578500167e-01
5.596258295936983734e-02
7.901901820632580009e-02
1.193840817345369482e-01
2.497293965290309503e-01
1.733186291487172626e-01
1.114620827884031384e-01
1.335973301552180470e-01
1.048431914904457557e-01
1.288366230910101273e-01
2.065978530789042422e-01
6.765419209793510635e-02
1.518102712134759558e-01
2.033017380702739074e-01
9.891038841012143867e-02
2.101156846263252942e-01
2.020460979759703402e-01
1.927312807780474091e-01
1.701760143196391073e-01
1.737837088110769368e-01
8.438028821713691729e-02
1.552918305157276468e-01
1.143153407771503316e-01
1.513453921593818363e-01
7.941788913305238007e-02
1.324262156712422700e-01
1.245470326554144469e-01
1.319352224466141810e-01
3.066190360243724045e-01
1.549802112862985470e-01
7.156420473641859903e-02
1.659648031276942104e-01
1.415191936857237431e-01
1.116259871657166863e-01
2.241435411703169567e-01
6.015559815307614661e-02
1.196708163331454272e-01
1.768315233977265366e-01
2.738152061949651328e-01
1.214541696433873302e-01
7.214736198231865016e-02
8.316469295935445538e-02
1.978885992576168706e-01
2.148015506593453638e-01
3.263689388504104061e-02
2.260811022447292984e-01
9.880783742469155528e-02
1.123256179094759138e-01
2.754867356737143447e-01
1.632238555927144064e-01
1.213753361914085144e-01
1.215034403589314582e-01
1.391824542396904729e-01
1.224311483049196625e-01
1.415335484025114221e-01
1.576770393713350649e-01
2.384479542428376564e-01
9.820511170434377546e-02
1.531681503952157797e-01
1.238615967689040975e-01
1.898071907286084103e-01
3.533736398112272692e-01
9.838956525245849682e-02
1.174964128759137805e-01
3.966155892286884338e-02
2.610534132173421007e-01
1.395131533608068575e-01
2.383212974480510560e-01
1.519059278583247130e-01
1.684336835803627308e-01
2.795835322318779848e-01
3.102998416352531486e-01
1.982611964574939600e-01
1.584615247139287142e-01
6.815380798715234278e-02
1.792519692177186597e-01
5.161861395772743277e-02
1.226492320175145978e-01
3.155173026442736339e-01
1.604971159584940577e-01
1.394579690796182991e-01
1.134537371898742819e-01
1.089011358769637616e-01
2.557148335610445189e-01
6.414698477109859187e-02
7.854627231871712245e-02
1.775971703441114047e-01
1.526529096751869652e-01
1.424590856660264415e-01
2.816696046152077360e-01
3.352269006524771777e-01
9.397274027647913031e-02
1.685081349262897155e-01
1.724634693475763925e-01
1.001106195648647640e-01
1.105549820835168423e-01
1.232745006334321491e-01
1.950909814627626304e-01
2.011101509364414119e-01
1.399006990248534976e-01
1.398009848207893147e-01
1.065357269984491956e-01
1.928942553381671199e-01
9.955677038081209296e-02
8.048655115037595120e-02
2.008843666334684253e-01
6.160818517225352675e-02
1.918327155960231067e-01
1.527142931483554400e-01
1.374216128750473942e-01
1.481791395094433639e-01
1.983489927559320409e-01
2.876643138973154490e-01
8.109112012069281950e-02
1.694338521156371624e-01
1.611125279563856150e-01
1.267077306102776246e-01
9.507815847230827178e-02
2.048981293125990699e-01
2.314796357531244131e-01
1.329559677272498242e-01
2.827368841608042804e-01
1.468542772656556417e-01
1.043212622421845204e-01
2.031141003851980043e-01
1.220636974621425591e-01
1.629547066701324820e-01
1.557410596010388171e-01
3.608466226518830533e-02
2.997139802615121917e-01
1.722074438202094437e-01
1.305675608374716745e-01
6.499063721365201662e-02
1.914297730532887598e-01
1.042659865981865608e-01
1.798439593513475321e-01
7.690983687567563842e-02
1.427755825713560578e-01
1.615685676205391996e-01
2.743500066032998341e-01
3.157315298868356712e-01
3.138454052775594971e-01
6.998053475488817676e-02
8.885881361635877829e-02
1.054232280959556678e-01
1.135218398704199994e-01
1.162001888238259201e-01
7.710947461844881723e-02
4.762585721292341562e-02
1.052513971288608630e-01
1.649899488622728894e-01
1.711749229648210358e-01
7.930615712117665417e-02
1.658976916205151808e-01
1.736316945640656029e-01
1.174599048365210091e-01
1.265425422639251951e-01
1.570310057748792454e-01
1.824830172791165883e-01
1.248323908829555434e-01
1.526717093430653427e-01
2.493311789922638133e-01
1.036438285346001076e-01
1.611597529158834974e-01
1.414395235709209331e-01
2.728471752084161150e-01
8.585904467466948242e-02
8.174426355238224862e-02
1.651773920058953737e-01
8.558006507426382803e-02
1.566297495347018787e-01
3.478442530370216557e-01
1.350818213273938528e-01
9.588005670003059422e-02
6.700887408003128320e-02
1.229202023061941040e-01
4.321806348189328184e-01
9.114085305629890388e-02
4.186791839972930918e-02
8.642536411774477678e-02
6.564822107239237647e-02
1.217474771434450126e-01
1.329352390755827173e-01
1.280389369436554237e-01
1.805187274280188603e-01
1.646258447331797048e-01
1.498028589205478434e-01
3.945524553554972252e-02
1.115114346473150830e-01
1.021293069107212792e-01
4.749155255749577115e-02
4.863942494453604021e-02
7.320549170594700672e-02
1.085637017785790193e-01
1.119836590941653137e-01
1.509803071162575949e-01
8.185927253052442676e-02
8.255622848796945190e-02
2.147907934172522126e-01
8.423540916033975257e-02
5.218957577203290482e-02
8.600700254906118447e-02
1.249329114706438648e-01
2.579633936889841883e-01
1.924841793170905535e-01
1.540685612852868980e-01
1.767726202355626719e-01
1.637439692918419565e-01
1.444134948174324584e-01
8.729429747595407463e-02
1.600129643871749663e-01
8.610648589414568455e-02
1.046567594914330906e-01
2.074399244490002514e-01
2.390897535682884323e-01
2.965386044639615193e-01
6.131973686805707036e-02
3.696769918323925680e-02
2.548268026896188809e-01
2.600358046408571822e-01
1.604461801362606355e-01
1.279789733454534117e-01
1.198060245487185260e-01
6.609144426252583360e-02
1.073757457575744978e-01
1.198160406047012738e-01
1.307818906902954159e-01
1.492839419657996936e-01
1.006222642560384573e-01
2.444354931198866321e-01
1.003199822419581777e-01
1.438436999757948531e-01
1.176563030564324180e-01
1.010740489636055145e-01
7.745272791910888521e-02
1.874853456952639830e-01
1.017999248129227707e-01
9.138673050999251979e-02
1.167442450437588403e-01
1.114234406320820242e-01
9.729625232048624839e-02
2.309144260795416015e-01
1.101272512088403988e-01
2.004648740054665035e-01
1.762929742690181878e-01
1.889662134695913875e-01
1.481940452800643016e-01
1.219863702887323265e-01
2.043005564722646938e-01
1.863085249163470569e-01
1.732609985198501068e-01
1.394673683512667461e-01
6.359031107239726532e-02
6.729816845616772014e-02
8.938044587882362779e-02
9.136033017942614409e-02
1.714111328722124628e-01
1.048147074968759640e-01
9.959312111541229751e-02
1.665665592468967837e-01
1.251596827366351639e-01
1.433588834289345748e-01
8.870657899774761490e-02
5.234856967861137994e-02
7.264831481810304914e-02
1.107057618267447974e-01
1.475312765007419091e-01
4.423730499893199219e-01
1.176158742699181109e-01
1.417628840798476064e-01
2.594932535566610854e-01
1.555605681552457709e-01
3.160762405541982512e-01
1.833699068159264089e-01
1.428516534148529804e-01
1.652192109190461777e-01
1.053565685911146410e-01
2.815550853009081145e-01
1.553677596077095435e-01
2.806610462608780665e-01
1.313247158050087904e-01
9.980211495552934742e-02
6.189754303564638099e-02
7.678592388121502355e-02
1.236996151827536583e-01
1.530637886880256426e-01
1.399166317030243745e-01
6.354521452217036515e-02
1.120804722430832623e-01
1.063329901961371088e-01
1.427122890712624603e-01
1.916550738938243292e-01
1.150405212495816815e-01
1.157985988357101842e-01
1.046572786585847764e-01
8.104264437116036335e-02
1.573678419318324806e-01
2.087711745033989097e-01
1.290365446652482762e-01
2.005884019245582628e-01
9.718744270716701827e-02
2.508543475595607086e-01
1.068189639599912977e-01
1.339790111490900826e-01
1.056755752934873671e-01
1.590846761813687615e-01
1.311074565214055687e-01
3.027495397357460316e-01
1.434950721083242953e-01
1.450764267620394121e-01
1.315012513826538387e-01
1.097801314407462620e-01
1.384995940075607612e-01
1.331952693486545825e-01
1.441903376286044480e-01
5.101480071436939046e-01
4.123097588838300215e-02
9.015805458332754041e-02
1.480561651324668881e-01
1.195776555308417782e-01
1.289269551041503370e-01
1.993174424725339400e-01
1.407636377361549673e-01
1.124562748080892571e-01
4.330920216199700135e-01
1.768601400010050839e-01
9.841588414194735179e-02
1.342978540232219187e-01
6.143292909341771524e-02
9.266030433408861677e-02
8.050587027626313064e-02
8.509158231992640375e-02
1.628822029390378234e-01
2.959481937589095168e-01
1.673305746678873662e-01
1.576456816100382519e-01
1.468396585512580232e-01
6.701121025967213263e-02
1.046414073830436442e-01
1.481997112576649844e-01
1.476563332186987265e-01
2.453822701954872509e-01
2.063042398326418447e-01
1.418012782800565363e-01
2.991376866946979796e-01
2.109077574049720016e-01
2.110320343688547318e-01
2.780937706088250638e-01
1.147557385645268935e-01
2.224596561656068117e-01
1.579657319470814947e-01
1.422314515349595299e-01
5.077195330858288308e-02
1.263525179051822878e-01
1.464752065943173698e-01
1.130591749683817621e-01
1.501072216355391620e-01
8.981991673153652544e-02
2.537258698727334894e-01
1.549236360591120243e-01
1.737093997897616038e-01
1.839656210909206835e-01
2.373279538659293919e-01
8.462510655295639450e-02
1.153371207417434596e-01
1.272349237733576832e-01
1.095264323839097581e-01
1.257196803978640198e-01
1.430131931619963714e-01
7.974511103178540117e-02
2.199407186877166409e-01
1.800121311198303875e-01
1.200188303887112645e-01
7.314851184775691961e-02
3.714386734700826642e-02
9.042820618872374205e-02
7.010371931243079835e-02
1.348062108201411591e-01
1.756264503744211225e-01
1.280726064411683296e-01
3.084056796318361826e-01
1.742065046372270887e-01
1.489168071492963097e-01
9.892637670946323458e-02
8.100750580239828025e-02
1.213811968926743340e-01
2.597652436482240090e-01
2.267059174229463792e-01
6.264323384818150375e-02
1.602266211391565887e-01
6.209352438116322315e-02
1.726482532258756808e-01
1.408737338609049872e-01
6.222364368751475555e-02
4.992722223607836546e-02
1.874270713399081301e-01
9.995827300731283116e-02
1.907976843026499558e-01
1.403180812328140292e-01
2.355826126873673265e-01
1.305611878266898507e-01
1.524016431424735085e-01
1.048882869816622765e-01
1.694608945603359451e-01
1.783568749281169430e-01
7.338924594830124881e-02
1.181230946860980652e-01
6.137343158226770540e-02
7.413110432465952471e-02
1.180519777970915479e-01
1.579557674374571785e-01
9.605804419327289290e-02
9.764994489265976796e-02
7.879205587441928671e-02
5.110029201317164982e-02
1.390761714940193794e-01
1.521800311370644365e-01
1.179908021118991762e-01
1.083625039672321683e-01
1.310657243551753837e-01
4.258194231419994424e-01
2.632619637639755372e-01
2.064239137104620647e-01
6.456645701529047099e-02
1.233093977724132456e-01
1.948194377338689220e-01
1.659618511740679203e-01
8.820870740722790149e-02
1.152185226183055078e-01
4.955382953499196802e-02
1.397268376291957159e-01
1.131697125897997563e-01
1.832389652602206265e-01
1.205279117474824108e-01
8.103058099489097998e-02
2.686174165940338754e-01
8.495375295770739299e-02
6.011472242004196886e-02
9.409527593661430600e-02
9.579839963767043665e-02
1.160230188336007634e-01
1.694220182639064320e-01
9.646343146424141146e-02
1.263318012684703784e-01
7.507886329909981005e-02
4.032278423475273987e-01
1.084985566995590595e-01
4.098714742455693977e-02
1.134627285965268545e-01
9.914717451890363298e-02
2.467482233429276750e-01
7.400847695882209476e-02
1.567907265374248738e-01
9.563658625405614677e-02
7.732774792331501001e-02
1.153392092464717578e-01
1.221418509356805987e-01
1.325117383585772135e-01
8.023129651849089661e-02
1.995747619853993904e-01
1.448982989872004135e-01
8.691954045503197390e-02
8.788457449133674215e-02
4.081018981090974579e-02
2.829645452727505908e-02
1.348303244851758731e-01
1.720085117241065553e-01
1.084988144338697724e-01
1.981407284716323325e-01
1.116097630053485279e-01
1.692031321040385894e-01
1.344290060265490305e-01
7.449595638992710656e-02
2.265426886806087836e-01
1.667372703218859276e-01
2.182227211832176716e-01
9.272657536941539269e-02
2.516104655309881477e-01
2.819042361624485293e-01
3.912332379106503444e-02
1.394540948075328191e-01
2.883691839987507222e-01
8.044509677635637568e-02
1.912406010405914292e-01
2.242721863897556012e-01
1.638292343499077319e-01
1.169928233730932743e-01
6.421848089339754484e-02
2.480450905257406413e-01
8.468838195397652979e-02
1.072685118784281466e-01
2.202330500576245298e-01
9.475341767163300566e-02
1.105738578448649673e-01
2.139664417071756308e-01
9.712715049564851766e-02
1.448545019563190206e-01
1.728396385627758991e-01
6.279171916352603577e-02
1.107694389940583474e-01
1.068648586786769827e-01
2.218965425535387448e-01
1.247548137034854565e-01
1.187049227178792327e-01
1.378784016371311094e-01
2.196770962428778451e-01
8.850961113351182852e-02
6.335773811221842577e-02
1.318650956993795420e-01
1.666912045188045921e-01
1.618946119855606824e-01
9.193528876159619279e-02
7.996793713253082247e-02
1.070858597435072196e-01
1.639162640911028812e-01
1.687457863328565288e-01
8.767956473666986550e-02
1.523745035584592455e-01
1.684704127886941794e-01
3.222216063719988699e-01
6.085393488697991848e-02
1.265764580300682285e-01
2.165312143787862242e-01
1.346859757095278665e-01
1.010518197949972496e-01
1.410652577669045948e-01
3.083364371671753479e-01
1.617182706649319679e-01
1.883093472812545355e-01
3.197583364842390141e-01
6.243329534447442097e-02
2.132743184393374181e-01
7.776742448328072266e-02
1.409202532224190230e-01
1.896918366829773439e-01
2.519423161095679098e-01
6.708289147701645971e-02
7.742972888388965913e-02
1.056765600212396516e-01
4.065027736580943685e-02
1.061048117749378572e-01
8.602453205133421543e-02
1.855894943728091662e-01
2.117775165035027662e-01
8.189647061109489590e-02
3.036710829662405131e-01
1.027606457230036824e-01
8.976205731522129971e-02
7.976320397200449552e-02
1.662339235515105929e-01
1.117164295739543622e-01
2.188472368482198838e-01
1.270813638746232932e-01
8.509626323257962754e-02
2.817318803097828561e-01
1.062242652303585499e-01
1.169853146552492507e-01
2.022644829716386539e-01
1.859184864953058181e-01
1.164042968575529358e-01
4.170181548487618406e-02
9.660114438759684341e-02
