2.022886145617976972e+00
2.942313488645846853e+00
5.294512374427632118e+00
1.386748865977174283e+00
3.139164397347248059e+00
2.329806619470764062e+00
3.540937764673778076e+00
1.611701364959685412e+00
2.124427426641689820e+00
1.289466889149511797e+00
7.621442027795902519e+00
1.694021057233960903e+00
6.271416905363039085e+00
5.609648053148672986e+00
2.929752269945050447e+00
7.826951420009669036e+00
2.380105952216084564e+00
5.094647112804822520e+00
1.204753155194743242e+00
4.909995405246209366e+00
4.479990738545779116e+00
2.920498521459444774e+00
4.056577201516455844e+00
2.373700659058547213e+00
1.717166883669390742e+00
1.663766326285092845e+01
1.603104778387664631e+00
2.232868852086248967e+00
1.963350398593383783e+00
3.344921993859208964e+00
3.710548076422317543e+00
2.140152064205306459e+00
2.741964083113696660e+00
1.294733925404611963e+00
3.649133156420552471e+00
9.265946773937221437e+00
5.034978213907180589e+00
3.813101988805461140e+00
1.727153020365804759e+00
2.325253007796902693e+00
1.520515977004322838e+00
2.377499504671360064e+00
1.491151520608573255e+00
1.122294672590456566e+00
2.623897451600590625e+00
7.423583931954451209e+00
4.802778394095800429e+00
1.255643865318007091e+00
3.693324133850193203e+00
3.111982843947078248e+00
4.394579088841430448e+00
3.989365694248271588e+00
1.374468587617704740e+00
2.385504668557958396e+00
6.175118169321654804e+00
2.202552007597043726e+00
1.222268726642034942e+01
3.198348970487912002e+00
1.401314505447435188e+00
3.318371052074985617e+00
1.615167898774598099e+00
7.032255967141158859e-01
2.596906653888155336e+00
1.482627289671634152e+00
4.686766782623196903e+00
2.254001840727482442e+00
1.665308927771597558e+00
3.621127514408258641e+00
4.101884190729167656e+00
3.319183486990572973e+00
2.158730156281077672e+00
1.119454048813403713e+00
2.613260828272008673e+00
1.153227217297914997e+00
9.846161723266860788e-01
1.004787860940526967e+00
3.282068573658164290e+00
1.532828260290798772e+00
1.809028415125201628e+00
2.528025233621775225e+00
1.307321097739527005e+01
1.795018335819797306e+00
4.843635354379266289e+00
1.209182239611165999e+00
6.905828236696354594e+00
5.550299392229386619e+00
9.514287965448941620e+00
4.650744997812028991e+00
3.328857442776664399e+00
1.893101078029191475e+00
3.578887060595697722e+00
2.361749174872497470e+00
2.814361073949723568e+00
7.866982902820301327e+00
3.573550926028111530e+00
3.175580471577193364e+00
1.590547741806922488e+00
1.401881300467311142e+01
1.411331065282569242e+00
1.804493333282995549e+00
1.995315969038404802e+00
9.724094679381407147e+00
2.307251347719680545e+00
2.356769957767006041e+00
3.109105755280231698e+00
6.699359270460861993e+00
1.558956093292169953e+01
2.038236451337926969e+00
9.564674130257048157e-01
4.464590213257818796e+00
7.076298474069756317e+00
4.398155053664982717e+00
2.560037784216772749e+00
3.826252154618948520e+00
2.722720560009006086e+00
2.920484331844576342e+00
1.675586636577199195e+00
1.578870094614373443e+00
4.020122418826698407e+00
3.057545298762783581e+00
5.844749073447153442e+00
3.586930673437034311e+00
1.286061173001406033e+01
4.397394746675451493e+00
2.832999994536643307e+00
2.985360779522014063e+00
1.274787328596820979e+00
1.910053544659898739e+00
1.863717503368893524e+00
4.251908779474161904e+00
2.521347125914510379e+00
1.886118412357599139e+00
6.471698369110506777e-01
1.814316700055895737e+00
1.425996782447431332e+00
2.417803098746808654e+00
3.092390181059853749e+00
2.185536851990148577e+00
1.947973448802234664e+00
3.111821630111292869e+00
1.320555484536011015e+00
6.411594211454793246e+00
1.269906650305334672e+00
9.264134502900324142e-01
2.145283247498681600e+00
1.405764900458298605e+01
2.815102707581942809e+00
5.071189162079917878e+00
3.095591197881372381e+00
1.432298056706492684e+00
1.204657799717039124e+00
9.104613141512830410e+00
2.893129099752065336e+00
3.899845310712446445e+00
5.342697033207034707e+00
3.323497309100511110e+00
1.561201685779985748e+00
2.905250945848827815e+00
1.426196006393347915e+01
2.239094993585641902e+00
2.358314537472272043e+00
5.009698803639893505e+00
8.279423619747673158e+00
3.224818130608058553e+00
1.148282644251769957e+00
6.904911111107975508e+00
1.908026444442776359e+00
2.689021636618965871e+00
3.765216236557024310e+00
5.197395422648967589e+00
3.535511046187294948e+00
2.239955803651107580e+00
3.407814128961696998e+00
2.015871518568680631e+00
6.113787270580908206e+00
1.396194955140078164e+01
3.547023232269684634e+00
4.190041269649433353e+00
5.886660385474463020e+00
2.577600934758427886e+00
1.947141467386034330e+00
9.914882541727280119e-01
2.714682052389471689e+00
1.362833232010652429e+00
2.462050347708868880e+00
1.834516098431604014e+00
3.487908795588789079e+00
3.685447620786668210e+00
1.941919097051933774e+00
1.459853928862959282e+00
9.666168383929653052e-01
2.492292175868141779e+00
1.528208147538245409e+00
1.402867696141883114e+00
4.877607326926052700e+00
4.696909753426243839e+00
3.448203456044141024e+00
2.453120984715848607e+00
3.386989213074041771e+00
2.767710552580600059e+00
2.202671043581841737e+00
1.443928664518821181e+00
3.968462766561484667e+00
1.453949675151188670e+00
1.994240171710165876e+00
6.661349737112998604e+00
2.403527411670083769e+00
1.411100867545528326e+00
4.507534753910118042e+00
6.976164182714937212e+00
1.397135356049937727e+01
1.812841293464054315e+00
1.557008398648167358e+01
1.144495071173915024e+00
1.329192110668840909e+00
2.188883699296430674e+00
1.510655076797957186e+00
2.556477640559589481e+00
4.222946339272147576e+00
7.168539633555791823e+00
1.004440910939150555e+00
1.200038469457122225e+00
1.677784082910181551e+00
1.913606335305127804e+00
5.095520368588048576e+00
3.399639052991903831e+00
3.260203906450620082e+00
1.509089392550252651e+00
1.631738128791239806e+00
1.376596424022300313e+00
1.347312995810017400e+00
6.168477330402263092e+00
5.312507476055150057e+00
2.088077006648856315e+00
2.101473086265932988e+00
1.484865059373271956e+00
2.187400747213521957e+00
1.260109012126876760e+00
6.311577627655196032e+00
3.584435114994199090e+00
2.217150339718715557e+00
6.111495893462368656e-01
1.176876425874446852e+00
1.991722426046479422e+00
4.503871965987750414e+00
1.513845274782094963e+00
1.542255416147575886e+00
3.076270604916733209e+00
6.304539517474465171e+00
2.941639073880585986e+00
4.973090188895393560e+00
5.067943209223820134e+00
3.567033565007732498e+00
1.440586293203203638e+00
3.316846705531132589e+00
1.705828708587277864e+00
6.168459006839212222e+00
6.966069264193811783e+00
1.371973971573815954e+00
3.730867830399593021e+00
3.289992628966637689e+00
1.572988431015161614e+00
2.932377058863330888e+00
8.167862846487842887e+00
1.701545084485212023e+00
1.555446116740200280e+00
2.684770328391674177e+00
4.573636506074906904e+00
5.097598427902671148e+00
7.769431222285898997e+00
1.971577206697725515e+00
7.056492427672158563e+00
8.619334253756880670e-01
2.091400003526779017e+00
4.685056020866865900e+00
3.752560515165550559e+00
3.917017874056895277e+00
3.324954965266755380e+00
1.610807639336380603e+00
9.825615510749530657e+00
9.938895320492885377e-01
1.249625638020673613e+00
2.248136648672832472e+00
4.176290546392158021e+00
7.733638365608564991e-01
2.607476926305134945e+00
2.645570638556316911e+00
1.833261877899252879e+00
4.335596936799966272e+00
9.730925521138507506e+00
9.834080240927017824e-01
1.681097861608541244e+00
3.826934250850757557e+00
1.876376378247321286e+00
1.570691052245292374e+00
2.190851042267713655e+00
5.956367303952995407e+00
3.579781992691230652e+00
2.532647792382744623e+00
2.472827719241759148e+00
5.621506377084902084e+00
3.382441030043461971e+00
3.159013995901646332e+00
2.891947392619324653e+00
1.421135991134776333e+01
5.538993376357695730e+00
2.764663922201001434e+00
4.674818742172000441e+00
2.115938299355872410e+00
1.847664994284691442e+00
3.424972185205272357e+00
1.287651531747199263e+00
2.294858292485467466e+00
3.024352662552622473e+00
5.748502024488978179e+00
3.413668625158078118e+00
3.612437060845925085e+00
7.550779096877920926e-01
5.017205845070488834e+00
2.363319872479530126e+00
2.281317462557154396e+00
3.708526530956908207e+00
2.484510058798874876e+00
4.008798683031930210e+00
8.731367057601778114e+00
2.741057923020781217e+00
9.408232324954187709e-01
5.239422216851940206e+00
3.465334629671716460e+00
1.043432507355575023e+00
1.653868208945828311e+00
1.450564341517528444e+00
2.349079934465509112e+00
2.194612252663388663e+00
1.873750960513442143e+00
1.529381008818710308e+00
1.766907925265588020e+01
5.312094919593651099e+00
2.848184262480879525e+00
4.471616025105922709e+00
2.017076249823234857e+00
2.861183081233189540e+00
3.361363542528372772e+00
2.308090438657947718e+00
6.450945649700543516e-01
4.369937641020118058e+00
4.164507554842504788e+00
2.486535880384894259e+00
3.363088925422730302e+00
4.666138705730357827e+00
2.862803834726567853e+00
2.213135187195463516e+01
7.271846914455278865e-01
3.692035796248469559e+00
7.995724620858337239e+00
9.390207229054693627e+00
6.842180630140763498e+00
2.443433463448262621e+00
4.062413808663057679e+00
3.569411032709166598e+00
4.130128898744723998e+00
1.145495578129793968e+00
1.517799263339759230e+00
2.398983733769723958e+00
1.476129935004879101e+00
1.893482497703254719e+00
9.370562275063203828e+00
1.319655331486296435e+00
2.843789928106260412e+00
3.051678539531114343e+00
2.145309696105590191e+00
1.114658702186973382e+00
2.581651681633153395e+00
7.506011820941360213e+00
2.290719664819841572e+00
3.488196998924054881e+00
3.785525271858813490e+00
1.443709042310937329e+00
3.343000497819316408e+00
2.061801629665779956e+00
3.631927858916425667e+00
2.007616339669376249e+00
6.215197076501712381e+00
7.106734874477441011e+00
3.372256164781104903e+00
1.789160650294366661e+00
5.773924308595070443e+00
2.408695506512914086e+00
2.353786386720201129e+00
3.139117176159198941e+00
3.811739629019618825e+00
2.353013530485343452e+00
4.074382440833668184e+00
4.689173900237937787e+00
1.632958941537794750e+00
3.139774293736990352e+00
1.288332658376518225e+00
7.255423379473743495e+00
7.474012470758031323e-01
2.067076218866031656e+00
2.269380760769078353e+00
3.662045920331897353e+00
1.350012670989402030e+00
3.941790818262721263e+00
2.193145352975572226e+00
7.332327329112410252e-01
7.113058532395211131e+00
1.061434870209063952e+01
9.556174394619246115e+00
2.308441366191956945e+00
2.943031279955887314e+00
8.898343690932716266e-01
2.079637017140385069e+00
4.063776879161201450e+00
1.150970248790321282e+00
2.232473402957274811e+00
2.696546315844972508e+00
2.528446782352303135e+00
3.913872459899619738e+00
1.753852598897333692e+00
1.156017593452975412e+01
4.770366521615173383e+00
7.979012125834799463e+00
4.129288228604140798e+00
3.638881427153809689e+00
1.338221759329578209e+00
7.926721447466364090e+00
2.041801460474134799e+00
2.883092220318479892e+00
7.091429712723708256e+00
3.953585615372758433e+00
9.577671957172031458e-01
9.614833609936058068e+00
1.601432048165592814e+00
1.229020881947313404e+00
3.102277260040696483e+00
9.621568567763006286e+00
3.134854194619679735e+00
1.374422822095903607e+00
1.764096983597721380e+00
1.362704826769963296e+00
1.934866073253545427e+00
3.395835646371512695e+00
8.064450958120898960e+00
1.032434964775806918e+01
3.012967339016153545e+00
5.418290400813751129e-01
1.492434163041927331e+00
2.005203640450059499e+00
1.686135623991940058e+00
1.966356452819435274e+00
5.191549247134008560e+00
2.991518115759502994e+00
1.726725483610971112e+00
2.340738562081056795e+00
5.282400610057004009e+00
4.935651127733915011e+00
3.493317935276186503e+00
1.198652159214770752e+00
6.787466305759575214e-01
1.130658261302193601e+00
2.457519523655283589e+00
1.968502202327421458e+00
2.657706960406855945e+00
3.837664274725999025e+00
6.457620293736106021e+00
2.499079402767781399e+00
1.651493299367390533e+00
3.044473323765959805e+00
1.575904283612052703e+00
1.751041678702810467e+00
1.468357318992168814e+00
1.006278727013999452e+00
4.853266521525239519e+00
1.949616600310481784e+00
6.309899558124395513e-01
2.374409511649435700e+00
6.543895621411917496e+00
3.579052160605990629e+00
4.906953057363447890e+00
1.951879044220848014e+00
3.922482678250660548e+00
1.879246565802967117e+00
4.990793813387590205e+00
2.193756382965663221e+00
2.516779351671532439e+00
5.575154598355324786e+00
7.207785322193345223e+00
1.232221608529561863e+00
2.554478611808434607e+00
1.714605672730423080e+00
2.012524984698441877e+00
3.128823723927199651e+00
2.579874522792581004e+00
3.085499374797701755e+00
7.606736677182238004e+00
1.055761522403813046e+00
6.142542545681468624e+00
1.614104224691109257e+00
1.980057908017574420e+00
4.752951546233725288e+00
6.123572662613964157e-01
3.616859752552264329e+00
3.017060430623918599e+00
1.927568320133825175e+00
2.326869610927921883e+00
1.419332683419318286e+00
4.740953331963009276e+00
7.214115471593649076e+00
3.162233161220826094e+00
2.853786406335101500e+00
1.250230834976703731e+00
3.724698766640284209e+00
2.183726807542531567e+00
8.718817552423296036e+00
2.657247844632901757e+00
8.593840930645524345e-01
2.868849651649688415e+00
3.537899807226859483e+00
1.721376015145704708e+00
8.309071402709742316e+00
4.644983153835044121e+00
6.832550511142136962e+00
2.853357932365069960e+00
3.182216329794533394e+01
3.627238982229600506e+00
1.497826740279186719e+00
2.657241462913079832e+00
7.707614248324184736e+00
1.901084800465620672e+00
1.045359102083603275e+00
1.565033428358437728e+00
2.143340367613309372e+00
3.309204825918592885e+00
4.182036797451295307e+00
4.413596805997785033e+00
1.710904842839262807e+00
4.912446641687972182e+00
1.101375968928529403e+00
2.964217166720751973e+00
1.695385345249725617e+00
4.031664524770388169e+00
2.185190795502782635e+01
3.838596431067399006e+00
1.273306295225212104e+00
4.914317214044960025e+00
7.560735566145788233e+00
3.963437042952239864e+00
2.109435384002367631e+00
5.511639704869898182e+00
3.046011217718631592e+00
8.591375313253154289e+00
6.412378153388661239e+00
4.234142565261212354e+00
9.800991258082788482e-01
1.962350417470966946e+00
2.622873756833313141e+00
3.384324030429763486e+00
1.489682185449502372e+00
6.210324630114164357e+00
3.146246903489905655e+00
1.090956092731675575e+01
6.691365848308693742e+00
1.105982772186602237e+00
3.235051458198757501e+00
3.366079318354832317e+00
5.147152422114253056e+00
2.075097743597458688e+00
1.369098238899903119e+00
3.251732235390810022e+00
1.788455001269148026e+00
9.473659303876523552e+00
1.691434451308690967e+00
3.137955913242593819e+00
3.960383852472539434e+00
2.543589290571703021e+00
1.245168996863957434e+00
2.188881495394757071e+00
7.656738102675182400e-01
2.093063023263848077e+00
5.949221072291360990e+00
4.207132943459048313e+00
2.024584901931701708e+00
7.846588493421207122e-01
3.183701634061311125e+00
1.863484152047422349e+00
2.990401277877428488e+00
3.248514110744744166e+00
1.667765738637173367e+00
3.528609513685584620e+00
2.266707768318173777e+00
1.016529167854665294e+00
1.434073122270781653e+00
3.642619346278258785e+00
1.067348724626444367e+00
1.144423448193054416e+00
9.591752608390453627e-01
6.648440312867605506e+00
3.334493611138781954e+00
8.201721700108943747e-01
1.738579159959252385e+00
3.935836071456364937e+00
4.709993364209281275e+00
1.767328639531678292e+00
2.082063863165373174e+00
7.796756649670287587e+00
2.128207866114593116e+00
3.101336532927872369e+00
3.562749498015382876e+00
1.001010350429568163e+01
1.903290838808440189e+00
2.740598298556272905e+00
4.279581556439647549e+00
4.880319315950205628e+00
1.977809386307193273e+00
9.787111148609014544e-01
5.564745522041633308e+00
2.445090385401700317e+00
3.093514563723828825e+00
9.204454400799797043e+00
3.056395906400650730e+00
2.280799501568699927e+00
2.091551545128518708e+00
3.056241442216825366e+00
6.462100136303235765e+00
1.488403703873511397e+00
9.793554912383982014e+00
4.690611620305864093e+00
2.671714145623064862e+00
6.500731731022820092e+00
4.830362564997966679e+00
6.030304521522112715e+00
3.217611043634415857e+00
2.734122901720405174e+00
3.591618203530875686e+00
1.082381165473510487e+00
3.670487660459500479e+00
1.592548666870567509e+00
2.555332970925096703e+00
6.283042503499987497e+00
5.157651495173390721e+00
3.614998894405508256e+00
3.609185927519110937e+00
5.129231272615700776e-01
1.548697800038315364e+00
7.317709909240157629e+00
2.834884478079528591e+00
4.629154378912582857e+00
1.499444413443950630e+00
1.147136853205041085e+01
4.711173218205438218e+00
6.368593069102199244e+00
2.349946901073903138e+00
3.093212478386078157e+00
9.419023973441358333e-01
6.742903503443490543e+00
5.837296127623339270e-01
4.796068851879540240e+00
2.229553351056816179e+00
3.741286991135853501e+00
2.738237339732369158e+00
7.228818409744761198e+00
2.180421680713639176e+00
1.276052956331117549e+01
4.081289867347189571e+00
4.395066646316341696e+00
2.325861055915378728e+00
4.911108688558902813e-01
1.377918027938782375e+00
1.637768321608954025e+00
1.269577006664550423e+00
2.548012134640841087e+00
4.285036910730569915e+00
1.701349252539301471e+00
5.500122403936680726e+00
2.836188439256323690e+00
1.210492224313587073e+01
2.173491018651077411e+00
3.158865767909820210e+00
1.287786002447393496e+00
1.137805407648858624e+00
4.845377512212410309e+00
8.057050175465896302e+00
2.749843236213289188e+00
5.158879557927634529e+00
2.250503142601413931e+00
1.352633719991666483e+00
1.451861758124772805e+00
4.947752830579895011e+00
2.809512080138427237e+00
1.542605134455955707e+00
1.135262267428700511e+01
1.162304515736907851e+00
4.689039457360087759e+00
3.237734572626644436e+00
2.438715061327968225e+00
2.365793928743185504e+00
2.425181543431845554e+00
1.283780904500486386e+01
1.810618039215008412e+00
3.603334166060951471e+00
2.277510529603871348e+00
1.628478678621013920e+00
5.517439039361533126e+00
3.435121850121607423e+00
1.885303284442117810e+00
2.911472313154029656e+00
2.517313968692609372e+00
2.667423652836291126e+00
7.681494495054395522e+00
2.138236677436586852e+00
3.367955563122487117e+00
1.574628448477253695e+00
9.754210786708215508e+00
6.626522191225421743e+00
1.386105609458831767e+00
3.657117679586892933e+00
1.534323751029720073e+00
1.160398316170939692e+00
1.479288008649792019e+01
1.831467532505949070e+00
3.323700796883642727e+00
2.727624631189677906e+00
6.431013728767889681e+00
1.810076383959173807e+00
3.280243200657297908e+00
3.334461382424018794e+00
1.936812834459704646e+00
6.796876905224727317e+00
3.275272307371071445e+00
1.756883708757621898e+00
1.233796498280269160e+00
2.809473823395407077e+00
4.584079267537358504e+00
2.549819377375423191e+00
2.857955931364052127e+00
2.281192086070015002e+00
2.131493117988402908e+00
2.945087219538554457e+00
3.187645017385174029e+00
2.442649144209578793e+00
3.299321617099612247e+00
2.557512722961727381e+00
2.449085696187903949e+00
1.385776323227571050e+00
4.976060677734372106e+00
9.538492338488948619e+00
5.167038804481523862e+00
2.754658111909482621e+00
1.629277864652861174e+00
1.133434846325654055e+00
2.605518148089817743e+00
1.446311217557995521e+00
3.746917510410108232e+00
2.885962812973095648e+00
2.494382798817877944e+00
5.785173508809886123e+00
9.008998310065006176e-01
1.642522510779917955e+00
3.085613463471973184e+00
3.500731018295487385e+00
3.891366923258851251e+00
8.872206268596944945e-01
1.379517534390550182e+01
5.318183029942025186e+00
2.138400601897544551e+00
1.633389017797974851e+00
1.252760278974369701e+00
6.123595912916208306e+00
3.422890514974662679e+00
7.523152022778926140e-01
1.259471216020778384e+00
1.268466047476098479e+00
1.001821594928000714e+00
1.838995996326856286e+00
1.282646824546344533e+01
1.812378182539686744e+00
8.341958975780809915e-01
3.190079946974462732e+00
1.696033196466017356e+00
2.545379585438040770e+00
4.439321045198042270e+00
1.242303592445579641e+00
3.328082657189860072e+00
1.360921744527110899e+00
1.311767474997904914e+00
1.664156083778364659e+00
2.135326768522038954e+00
1.039249785088816269e+00
4.885132859325303833e+00
2.782874767117326620e+00
2.963262879312964504e+00
3.169108707838033556e+00
1.585043681970752294e+00
2.099365387145412765e+00
2.179697302828684791e+00
2.736328333420994241e+00
9.823237496964380977e-01
1.074515117552188137e+01
8.298579469069538028e-01
3.461364559107776628e+00
5.889598639563136118e+00
3.196533934932632715e+00
3.332196356964444828e+00
1.511982730326047353e+00
2.624762550493167534e+00
4.846077870228430839e+00
1.240528950355499926e+00
1.626936637179262402e+00
1.073565680436011194e+00
1.845423363145990647e+00
4.892639920596756120e+00
4.425164640464235966e+00
2.546055160906776749e+00
1.486357338275586581e+00
1.216838333541585015e+01
3.505041427563280187e+00
1.749595874942772245e+00
1.717139099340324826e+00
2.928127294249859069e+00
6.841302205064450526e+00
2.368598471185708654e+00
9.579155783751839293e-01
5.379353822006935459e+00
3.141678937822888873e+00
9.539730533317067884e-01
1.713489459891898381e+00
3.696366212196706691e+00
1.439736989049843041e+00
1.636590692470055730e+00
1.255407823230262565e+01
4.435559491677338428e+00
2.893236935292900824e+00
2.288617490058709958e+00
1.499076003820129177e+00
1.302429326918711494e+00
3.653168413446071572e+00
2.764820171092879253e+00
6.027763681858721689e+00
5.564725117650844766e+00
4.722890066656714403e+00
1.703177014197362338e+00
2.322908724460661034e+01
1.901188391625390661e+00
3.367472523968119358e+00
2.575901983521257321e+00
4.109337534034003703e+00
2.621087680475508996e+00
9.394767049997510000e+00
4.925751359880441882e+00
9.768200008200970785e+00
1.226827702950476828e+00
3.539649334254879154e+00
3.353917962939806152e+00
1.848112031020431756e+00
5.118175866006182240e+00
8.951851742857878103e-01
3.712393522486947983e+00
4.212739497349970108e+00
3.978604420263799124e+00
3.482817968008071752e+00
1.038186793747398617e+01
2.900344455058039284e+00
1.898262853353474222e+00
1.613225978525584914e+00
9.885566481809128225e-01
2.011876219463547333e+00
2.152060775920649149e+00
5.675105144411165981e+00
5.326102812618880300e+00
4.075188068138010600e+00
9.640115138273236184e+00
8.566319632649696203e+00
1.646646098894276378e+01
1.980028939208012373e+00
5.569995710894323437e+00
1.635107821160115327e+00
3.023822145370542280e+00
2.696595636277591801e+00
5.359519897979482472e+00
4.618752711728909333e+00
2.057442695437350366e+00
2.728520260382429452e+00
4.175489475024726893e+00
2.545228902859454134e+00
3.932646583870180290e+00
6.401716164348870031e+00
3.412502335186957669e+00
2.099295858165668882e+00
2.457326850294022424e+00
3.349025668216755403e+00
3.674752086275594021e+00
3.488351112176962587e+00
2.327180733930705347e+00
3.668470383364029530e+00
6.613612854597460178e+00
2.807147706419871547e+00
2.749853642872943649e+00
6.559897019287028286e+00
1.977651935028638341e+00
2.585819226550402750e+00
4.157115615640852191e+00
3.652449022508242216e+00
2.820561080758428929e+00
7.068343880544372126e+00
5.749267385571612543e+00
2.799392009323236952e+00
2.047462694479632805e+00
2.552219160568363954e+00
7.087324538566744936e-01
2.340850201734636205e+00
2.799509197602759958e+00
1.359627757436063344e+00
2.303747263067429607e+00
1.925291268776220033e+00
1.576351426395762623e+01
1.754448414049710969e+00
9.767806571250634562e+00
6.867182764066210865e+00
5.590943857293452446e+00
3.200576937552119361e+00
1.971238938211265612e+00
1.759805314119565534e+00
2.206913458401088590e+01
6.024764521257695016e+00
1.964745781037465111e+00
4.739146546659309678e+00
3.320544345107463435e+00
6.323471347559458167e+00
1.665540124977060188e+01
5.037016270023910280e+00
1.354841358348805258e+01
3.299541658232593822e+00
1.712392418732262334e+00
3.705995556857931028e+00
3.904364582566589803e+00
2.415306525699525864e+00
3.870451536119053682e+00
2.042574604910853520e+00
1.197367874540858468e+00
4.974241482527012259e+00
5.053274831235269993e+00
1.875073293008199693e+00
1.083715132370878464e+00
3.361421943049345273e+00
3.924938963139910530e+00
2.531303425327588563e+00
1.410447583199571309e+00
4.063043393885463317e+00
2.138336673576924696e+00
5.065932740197517603e+00
1.334533825830375831e+00
3.586783131104523736e+00
1.672017894447167663e+01
1.785355089211104751e+00
2.056869330589468969e+00
1.114259637309668260e+00
2.475665324458195649e+00
3.468612557040550826e+00
2.883855663687106663e+00
2.530509726613840105e+00
2.467379802631878949e+00
7.212945916093004284e-01
6.779951352515993790e-01
3.928063941945318494e+00
9.980927758963684227e+00
2.537094728929458753e+00
1.027151468976339244e+00
2.625669358030009892e+00
1.320053365265562828e+00
1.653478066355504428e+00
1.597511410641998530e+00
1.814143999283627906e+00
1.458682989176979694e+00
4.703711070027255303e+00
4.007984339967872955e+00
2.985685629934391461e+00
7.088221603877570054e+00
1.176902310614442504e+00
1.536603407673145183e+00
3.318417507926169296e+00
2.907309590872947602e+00
2.532371092758041176e+00
6.035447533153673660e+00
3.543698535782383807e+00
2.372143587535725739e+00
3.298378455469795245e+00
1.376964943622894566e+00
3.040609794454937287e+00
3.513974008485979628e+00
4.002372971708235916e+00
3.424405895243249009e+00
2.756124758907918526e+00
7.248284727255715154e+00
1.417727499272542380e+00
1.282426358335143846e+00
4.437315667466894986e+00
1.053215465024316844e+00
1.742811862136746992e+00
1.646392130514123142e+00
