1.345746057651530991e+00
1.129228959057418269e+00
1.619606775169083246e+00
1.392682488589527257e+00
1.483461750309366778e+00
1.382579550657397904e+00
2.114670840071984692e+00
2.036908304688481497e+00
1.225096223901888326e+00
1.357793566611998903e+00
1.277750903105224767e+00
1.248227692402083422e+00
1.532167397922412633e+00
1.101157012444332395e+00
1.681232428703434811e+00
1.702213777109119253e+00
1.641066161069387075e+00
1.187963021118256801e+00
1.561270668621855151e+00
1.561495821641661230e+00
1.493867139871595029e+00
1.379143455228215132e+00
2.084538502875017407e+00
1.097983783245663369e+00
1.715880109095459405e+00
1.321770317292981112e+00
1.435212075468685899e+00
1.640646162581896661e+00
1.133963805254083468e+00
1.631151811020658204e+00
1.320031264894550693e+00
1.352004469718960822e+00
1.313810342976162948e+00
1.690840480016378988e+00
9.435411697923156149e-01
1.914789728007067371e+00
1.646799914834247147e+00
1.758642324710225413e+00
1.249789717752491924e+00
1.437109373827355707e+00
1.425303701870962225e+00
1.484573988969280833e+00
1.486807778050994955e+00
1.300331102823835350e+00
1.673227595787559308e+00
1.294977852718402600e+00
1.842618290160887851e+00
1.246588910915354065e+00
1.323318191085731899e+00
1.682076048262374002e+00
1.407291115949865112e+00
1.203970758287439491e+00
1.984848984382286519e+00
1.970926967798744656e+00
2.248895687191786674e+00
1.189511166622812199e+00
1.698607755136851027e+00
1.509927557442745316e+00
6.996519110459178403e-01
1.547679999900136050e+00
1.315994132013475815e+00
1.360774162603411552e+00
1.795033624287874829e+00
1.926471427890162902e+00
1.088878892118064767e+00
2.616812981553390927e+00
1.884208371399210602e+00
1.460827290909141984e+00
1.425791172834081744e+00
1.136534957128058076e+00
1.116539884875932698e+00
1.915326472490680665e+00
1.821667213312277989e+00
1.710703179103653992e+00
1.746925849954704235e+00
1.531109194488936343e+00
1.543306200757310620e+00
1.325849717932070737e+00
1.324238558855427739e+00
1.217604689841285337e+00
1.126177299950684940e+00
1.600323827774193131e+00
1.187575458808838524e+00
1.620414260740371093e+00
1.237744729553999390e+00
1.713766741319563414e+00
1.534732053737003277e+00
1.281496974321552962e+00
1.434785127533614757e+00
1.327764449810078906e+00
1.631100287464923415e+00
1.923302735859933055e+00
1.816040363265911672e+00
1.342785909409153655e+00
1.534533001919758055e+00
1.998485122542438486e+00
1.046502490369624505e+00
1.818292452926906888e+00
9.876423545249081171e-01
1.303536542069183790e+00
1.423292878797352223e+00
1.236753610999926201e+00
1.679148772344264184e+00
1.354175288808003863e+00
1.867379348725716870e+00
1.492043924468318572e+00
1.293614169704927708e+00
1.684116067691554308e+00
1.372926584375639525e+00
1.860758035044789649e+00
2.028249028243497509e+00
1.056988003967112011e+00
1.147365137910228317e+00
1.290115618676861864e+00
1.550315169412290084e+00
2.402129852901725648e+00
1.291579451359028408e+00
1.112602165123737663e+00
1.494574464393112923e+00
1.602666315136719088e+00
1.624702354469216292e+00
2.167980753072284994e+00
1.318563898309844440e+00
1.597005995863187922e+00
1.672517007815739420e+00
1.552314856267350773e+00
1.570594154327903391e+00
1.316188344872717408e+00
1.531156564474718706e+00
1.605060541201672297e+00
1.627438706112784850e+00
1.858424137882652927e+00
1.504979930160575519e+00
1.896207765620580243e+00
1.848252865758877928e+00
1.753326041094492416e+00
1.481726048294244480e+00
1.448065553852004861e+00
1.394212075733443967e+00
1.161295834612249500e+00
1.743276399097768214e+00
1.275781714100506337e+00
1.710422604261389479e+00
2.169685463722582863e+00
1.900173201873739171e+00
1.295969660096460085e+00
1.699156708645513492e+00
1.968196877749407880e+00
9.876453201104226087e-01
1.553873789716801568e+00
1.145186199634292468e+00
2.075337936407514405e+00
1.950597878965818044e+00
1.194979842646164192e+00
1.564909759487930430e+00
1.770538975629055933e+00
1.375025986461404948e+00
1.278136486192319676e+00
1.328329075183532382e+00
1.567881487423419484e+00
1.456559783186988755e+00
1.180488193907656580e+00
1.889710674530213241e+00
2.094057703274302629e+00
1.874606292186315581e+00
1.065284423069085440e+00
1.665094189424011883e+00
1.446504989395338114e+00
2.051351634470496510e+00
1.511007845175590614e+00
1.559140909860531332e+00
1.203384303143215650e+00
1.435482777137279342e+00
1.865126975517018115e+00
2.169540483636057449e+00
8.502613273217793921e-01
2.457877202323208721e+00
1.471997627212002335e+00
1.386437655124010293e+00
1.792083659758028746e+00
1.499706663182697852e+00
1.249865824641822609e+00
1.762935817548537454e+00
1.594051378604788960e+00
1.654849685200146636e+00
1.323844924183583238e+00
1.912576199516841102e+00
1.060806774202638358e+00
1.445531915609298501e+00
1.599563338536908796e+00
1.342184374840398542e+00
1.436827819545408280e+00
1.555606799568007403e+00
1.607337864612856437e+00
1.226101070406479643e+00
8.774877660588817907e-01
1.462794327637988445e+00
1.621406522491766644e+00
1.686350718764571210e+00
9.047205225340837487e-01
2.196303687887183997e+00
1.396709669283463739e+00
1.356093448975334459e+00
1.977131496017762169e+00
1.180503303343174881e+00
1.600868111558801932e+00
2.520198373196460562e+00
1.374196009534809360e+00
1.544256049755401206e+00
1.862441126117302392e+00
1.418889336089975028e+00
1.231062232508975285e+00
1.239574771921500673e+00
1.644225231054878833e+00
1.600412013420083879e+00
1.479643576379711778e+00
1.538164277048664541e+00
8.268474028152680289e-01
1.432537021202175298e+00
1.375151133653582436e+00
1.677594724096285850e+00
1.060541491530815339e+00
1.609794898406132324e+00
1.906728017771374795e+00
1.215608651957434727e+00
1.457030931848460664e+00
1.511638794744606384e+00
1.836185994186228854e+00
1.912977255854842351e+00
1.243861301622065874e+00
1.679931508993922407e+00
1.381006507176304021e+00
1.169520290680985175e+00
1.563153879088209575e+00
1.175628436252723175e+00
1.645796219904801294e+00
1.765302924766358084e+00
1.617916100309798821e+00
1.551579744946770534e+00
1.009538678948792789e+00
1.353615791695280013e+00
1.314281570909283881e+00
1.775234032904330794e+00
1.795074429495856716e+00
1.659943117110296296e+00
1.454327067030786624e+00
1.488035943823289520e+00
1.864573261087205669e+00
1.666099572404540874e+00
1.268515574804333967e+00
1.353658887358562435e+00
1.531337827734343238e+00
1.918162047687337557e+00
1.299645806964976336e+00
2.155792575670572031e+00
1.172374477826033878e+00
1.450931188619877465e+00
1.351354881795282958e+00
9.983846240537451733e-01
1.203781276937811118e+00
1.601635886632443828e+00
1.809892291435137857e+00
1.441433763906600163e+00
9.782410261614611358e-01
1.656651949009196212e+00
1.491082211692552173e+00
1.774325368719178009e+00
1.803531580867596462e+00
1.815871010171570710e+00
1.308218337696674505e+00
1.886753305982880269e+00
1.545631933502209066e+00
1.949110086918359741e+00
1.445051882662067300e+00
1.243467683714735372e+00
1.784202416371437172e+00
1.381070707709988410e+00
1.246605872889800848e+00
1.212524965281965628e+00
1.304896906543665080e+00
1.365919424747685795e+00
2.001329391345499253e+00
1.744708542124444817e+00
1.450455579879156076e+00
2.043846628295986623e+00
1.804438043589715823e+00
1.422831931557206886e+00
1.273443244634282046e+00
1.345329676152175802e+00
1.418728158542852169e+00
1.713161292646538270e+00
1.381525201647147094e+00
1.303045306247199164e+00
1.094392339283432269e+00
1.014960607769639589e+00
1.742354557774320245e+00
1.469311047028733164e+00
1.631082106796687192e+00
1.067015780525155222e+00
1.204131643898229687e+00
1.404077106673242703e+00
1.782009242377786684e+00
1.119423951947064344e+00
1.460274499029304174e+00
1.048786130959789009e+00
1.372419002838498159e+00
1.526692493217026270e+00
1.398487778469415188e+00
2.199920651228770563e+00
1.652588002777156895e+00
1.504494943383863914e+00
1.376914144497999981e+00
1.402190952121287859e+00
1.373382637064429534e+00
1.887974268418379342e+00
1.412701504155934540e+00
1.471158381056388853e+00
2.220752149484897853e+00
1.740562389781923347e+00
1.608221290419956429e+00
1.274313076085566321e+00
1.154129352735764558e+00
1.714328852281596482e+00
1.493401247058034453e+00
1.429870505497572442e+00
1.565347270756580311e+00
1.157014314635911978e+00
1.514283033619147512e+00
1.359032116755594544e+00
1.361009594626344521e+00
1.921887607921996866e+00
2.093540898976455455e+00
1.003120136947619256e+00
1.242744472806607492e+00
1.317430766360864869e+00
1.771407154273831885e+00
1.759165654468910045e+00
1.490448378463026913e+00
1.660323368170647296e+00
1.029702782763949775e+00
1.665911468426225950e+00
1.773311588919251003e+00
1.163581595590027273e+00
1.728607146176998288e+00
1.141426568312182921e+00
1.724099770858360081e+00
1.302282004025246964e+00
1.361893922745560204e+00
1.749363503479991477e+00
1.684202394687893012e+00
1.379104501372049540e+00
1.802924573742122893e+00
1.246002536577580866e+00
1.382881724973090032e+00
1.200880774164746922e+00
1.228215506365433640e+00
1.231797636806447604e+00
1.477260340332465782e+00
1.461168567392083339e+00
1.684283084953407839e+00
1.605308906833025739e+00
1.925361295002447237e+00
1.854675969013957815e+00
2.306329478784527431e+00
1.096580126900923657e+00
1.292308439951022514e+00
1.270574516544737742e+00
1.325739087650158243e+00
1.387596375603849186e+00
1.855447973214797042e+00
1.812848892194591111e+00
1.400078092393354678e+00
1.365325179799512290e+00
1.215176090050858360e+00
1.479568364343999409e+00
1.594792577890184582e+00
1.529422388706501934e+00
1.066918512350328196e+00
1.829649546439499730e+00
1.583286895918615711e+00
2.181487888178180512e+00
1.380737207724765048e+00
1.087896492878433152e+00
2.597777663281396254e+00
1.667702347610878322e+00
1.669873644111568911e+00
1.200668332495611557e+00
1.207181348889694306e+00
1.530770167453107788e+00
1.589374962987311957e+00
8.916526394001993427e-01
2.027870173325551750e+00
1.401605891173822727e+00
1.448817509800439218e+00
1.369833613803894679e+00
2.253934768490154283e+00
1.730185279494399042e+00
1.683887933229853751e+00
1.239516748337690544e+00
1.931076204929108364e+00
1.485710895003377718e+00
1.558892090627848503e+00
1.820879213514057238e+00
1.748975141414368162e+00
1.393768792867588369e+00
1.226261390901598913e+00
1.495466657836342028e+00
1.470145482171268947e+00
9.065532705467364005e-01
1.613747759967299578e+00
2.143816477187510561e+00
1.846448381467701294e+00
1.482067212296605652e+00
1.603096669092123783e+00
1.553583820343236166e+00
1.463848028275600566e+00
1.668136687910821703e+00
1.545962975588693666e+00
1.549611643884849732e+00
1.177103870374497596e+00
1.780678455449955511e+00
1.267376664284252996e+00
2.136422340323961944e+00
1.896541747630450692e+00
1.350601862893107130e+00
1.769460493950002933e+00
1.674933567707682425e+00
1.409845588721894583e+00
1.250328574118452218e+00
1.935174858630083428e+00
1.264852168780853381e+00
1.816383603991503559e+00
1.515402308665816156e+00
1.532816910376083364e+00
1.159941296296435942e+00
1.749360037909690080e+00
1.149220967086000522e+00
2.100308855485782722e+00
1.471732394355649953e+00
1.285438978463192994e+00
1.465420105809594586e+00
1.222305434614667785e+00
1.812190230613933251e+00
1.263650230618940551e+00
1.267987657874782848e+00
2.073522818852482352e+00
1.500954301305818639e+00
1.692617535938551576e+00
1.321987445830618446e+00
1.387121205100291466e+00
1.433424325427589352e+00
1.694223353541816746e+00
1.322100015485433655e+00
1.588276132576556421e+00
1.207183874986060390e+00
2.173947806426761886e+00
1.633155933049605713e+00
1.612040139705033015e+00
1.655838946995776828e+00
1.219909145495623459e+00
1.270585207784451276e+00
1.382648275418351558e+00
1.207928222470761925e+00
1.452624431196050558e+00
1.336569524001079756e+00
1.473759318696624243e+00
1.953552114613524182e+00
1.650773587802021991e+00
1.754597065239177800e+00
1.687802250894655076e+00
1.528943409929703456e+00
1.552860872489750355e+00
1.768015393744315267e+00
1.208209291104876071e+00
1.656637207519697785e+00
1.728339118452123735e+00
1.454059349553880942e+00
1.805396148520129751e+00
1.793214711114138105e+00
2.077299487041744275e+00
1.021537662759156584e+00
1.049912705670238200e+00
1.194043196359816372e+00
1.623270913598466425e+00
1.480783881424350801e+00
1.566091485160466812e+00
1.089624350279157383e+00
1.295035733701260128e+00
1.737341473771627731e+00
1.400497000764131084e+00
1.950529590183602169e+00
2.586673248345174869e+00
1.318349340748430354e+00
2.163988938647422255e+00
1.303510139660845057e+00
2.099910936052960864e+00
1.099507256895856599e+00
1.273673789810421120e+00
1.738095328777384818e+00
1.470623893708298935e+00
1.179885355140068093e+00
1.342340024016483779e+00
1.360569907195386952e+00
1.294969193712397715e+00
1.435717248300595328e+00
1.966664245039745351e+00
1.510929626307222051e+00
2.370278943774567715e+00
1.872997755868265557e+00
1.339810157399335511e+00
1.820402867910300371e+00
1.351849096610469925e+00
1.148396324034590021e+00
1.710837207060724952e+00
1.566756105164510027e+00
1.253404894362980082e+00
1.424601837019532358e+00
2.097040668658383122e+00
1.297051459431821874e+00
1.497705778201023019e+00
1.471701736463734367e+00
1.970868654304157586e+00
1.580892781177286155e+00
1.369195880363974771e+00
1.559125463470989015e+00
1.516356258448530614e+00
1.245307397550606154e+00
1.230830723363062873e+00
1.153324853491509261e+00
1.359246334667350675e+00
2.253307607381399791e+00
1.546743894428479260e+00
1.775741341170670395e+00
1.274577936906130526e+00
1.126255761777198883e+00
1.381833113586162787e+00
1.537508675136350700e+00
1.320436836130176150e+00
1.929990629965894655e+00
1.292191640370746297e+00
1.266267351337917013e+00
2.308396191272248377e+00
1.020886656283191085e+00
1.118203489301228037e+00
1.334815442331331203e+00
1.448577477848938200e+00
1.549733457486055510e+00
1.403794296497137495e+00
1.658655489285866480e+00
1.610087065974166398e+00
1.723806067072582104e+00
1.523596870305216733e+00
1.260550760392509240e+00
1.839492978379430710e+00
1.754813782326263949e+00
1.408950266232394943e+00
1.089668064337538045e+00
1.836160687588406670e+00
1.776537395133619635e+00
2.086338912947836910e+00
1.620088159603622069e+00
1.733965372674877381e+00
1.463953597174269206e+00
1.617130427595815378e+00
1.329118228389466250e+00
1.435879249377322253e+00
1.338251739039939547e+00
1.705300800355787016e+00
1.615016432153571602e+00
1.278697667387295844e+00
1.397180945124871121e+00
1.345788813523324468e+00
1.592958635841267956e+00
9.358998149290997937e-01
1.520244844544548668e+00
1.543854337111084218e+00
1.772517650523794508e+00
1.496687874296182885e+00
1.906318932482701234e+00
1.505832057578079697e+00
1.857516895057263140e+00
1.045617805289234648e+00
1.396919352575457074e+00
1.744425644022047583e+00
1.885214595990028164e+00
1.659921474178008172e+00
1.802906758754933225e+00
1.528607446969468597e+00
1.389086250000531875e+00
1.083823238764829000e+00
1.631632049174410737e+00
1.361849883149618190e+00
2.235232636294572472e+00
1.516672028635207337e+00
1.601678876293524123e+00
2.144302596408899308e+00
1.313226160527859454e+00
1.609208238411315772e+00
1.570981085416377487e+00
7.083437768827308689e-01
2.021236370072753807e+00
1.740247792642893199e+00
1.338071068896865556e+00
1.265604052309770688e+00
1.167954455610134668e+00
1.592926394951003077e+00
2.114238167372508581e+00
1.502533302799593073e+00
1.667444242518365316e+00
2.065194438286460876e+00
1.646437270075810311e+00
1.999091820304002676e+00
2.168662459517159302e+00
1.932512823702157156e+00
1.794028547914691130e+00
1.527208596256910633e+00
1.156154742718589201e+00
1.662876575750599661e+00
1.490689631530691006e+00
1.653042786208967607e+00
1.587502483504889872e+00
1.607644874642357280e+00
1.923655654176202878e+00
1.516202296528455173e+00
1.626764917339502681e+00
1.304129005138552566e+00
1.427507267167986482e+00
1.751412134313673263e+00
1.704212265601139809e+00
1.421413652567776742e+00
1.201646867644333039e+00
1.708951906509816876e+00
1.414772932262855720e+00
2.004310706566722722e+00
1.656543240512358128e+00
1.697185251702633790e+00
1.968512532114775615e+00
1.063376197431887604e+00
1.619484340610840123e+00
1.136077775515963006e+00
1.602679118269481728e+00
2.102975614228788981e+00
1.285107153621126264e+00
1.557504664420055196e+00
1.821350589066656367e+00
1.202840237298742121e+00
1.299018657165952551e+00
1.796840826057930718e+00
2.132699045038576546e+00
1.375206165438686234e+00
2.375047659567329550e+00
1.863930977728813998e+00
1.403110346894824723e+00
1.395890936656221770e+00
1.558446805444898331e+00
1.568586122888735002e+00
2.099642858607937868e+00
1.310238789709248453e+00
1.442926897027657196e+00
1.227121120195192372e+00
1.782668501770467318e+00
1.271869684639168163e+00
1.573191797926570601e+00
1.049109351276158009e+00
1.430380409480681347e+00
1.936883825667840009e+00
1.416447776954577575e+00
1.516633093406737354e+00
1.467699970263921516e+00
1.364657250973132729e+00
2.043981070722128202e+00
2.190485207839258930e+00
1.301636777584762816e+00
2.255969011270400060e+00
1.542059733268557276e+00
1.426496652789178476e+00
1.636348952987356498e+00
1.684068427963398840e+00
1.730033608416056135e+00
1.155546799972947181e+00
2.040387279062001902e+00
1.350315404607669523e+00
2.075783150503877295e+00
1.640242695626610514e+00
1.328197363334151504e+00
1.515135541884570447e+00
1.073036105857198219e+00
1.405589408922194306e+00
1.652956753321429773e+00
1.336578135063143602e+00
1.451369493914010489e+00
1.579378385423485964e+00
1.488917306259338380e+00
1.353181000016361990e+00
1.316848643397877217e+00
9.760937384977259601e-01
1.910003335531168300e+00
1.605736718318205414e+00
1.176179668385558319e+00
2.015195183895879261e+00
1.107272768093174653e+00
1.411630974646361336e+00
1.403345233672870895e+00
1.385406802353528199e+00
1.430841776453959824e+00
1.423796076400090760e+00
1.621050988955767380e+00
1.491634632534879490e+00
1.201538123825298232e+00
1.529055108730955626e+00
8.909075456374871971e-01
1.934405039707807417e+00
1.362829545625160899e+00
1.308251789823714040e+00
1.146803955610852688e+00
1.328943620940438608e+00
1.126169938125942016e+00
1.058448767264873469e+00
1.425277237904041039e+00
1.158236220444957887e+00
1.315204456094466900e+00
1.549956718605039807e+00
1.488712879348437435e+00
2.247100641019784906e+00
1.881294097176532398e+00
1.259729558166752694e+00
1.308203153269504426e+00
2.096711605957028102e+00
1.282489521551223532e+00
1.280899319511027867e+00
1.479282318133347429e+00
1.152783866060739237e+00
1.905881547194760328e+00
1.244767949702682008e+00
1.541671929809273811e+00
1.362294902287649823e+00
1.906031603372694061e+00
1.470500878974523307e+00
1.635602637682507243e+00
1.593142571178620237e+00
2.384754035605268552e+00
1.334302710872476094e+00
1.007171222405847333e+00
1.838410007304211335e+00
1.527934828087842423e+00
1.194110865342075556e+00
1.072016257412508056e+00
1.347495133267369249e+00
1.280341444103086701e+00
1.469786434852262680e+00
1.536910614183187640e+00
1.004065965966568275e+00
1.127104223552094941e+00
2.077615585817668808e+00
1.896152615056380553e+00
1.574704407637212533e+00
1.935922390687596195e+00
1.458394513812498960e+00
1.470387568964644398e+00
1.979140854590099918e+00
1.745748225414150534e+00
1.321120749160928920e+00
1.301690575914415060e+00
1.440836345204028923e+00
1.560061129978889349e+00
1.634723382762645061e+00
1.131939597754706650e+00
1.567764540910988602e+00
1.853284898102220968e+00
1.471151424696954813e+00
1.707739315208515407e+00
1.395233097365748964e+00
1.566894406043973786e+00
2.939798809424702064e+00
1.230078520560654809e+00
2.036564059297146123e+00
1.926619412984872826e+00
1.821099594633530216e+00
1.692550305170951619e+00
1.773074607339887754e+00
2.603951417477976538e+00
1.386833196869313500e+00
1.339856508099794841e+00
1.771085865092435041e+00
1.393384384526635822e+00
1.368438814793023761e+00
2.208655420323855090e+00
1.544352436017225161e+00
1.015404777774547851e+00
1.300926995925165253e+00
1.517593813574328543e+00
1.567905109719369916e+00
2.140744131320582611e+00
1.567639282984157889e+00
1.449311132150612025e+00
1.581401565928042485e+00
1.184583877135746643e+00
2.290639109823689346e+00
1.863311309391991522e+00
1.381457560692551434e+00
1.917290970915140003e+00
2.328748840045818280e+00
1.831826415294708132e+00
1.425781448053008216e+00
1.162986716751593486e+00
2.516365572889063706e+00
1.228577648090899643e+00
1.102026392739843708e+00
2.021580722354358706e+00
1.789656219008785021e+00
1.581350567403025043e+00
1.321121337783467409e+00
1.610335609197158790e+00
1.350853433795643710e+00
1.274362079615728449e+00
1.463622511286167382e+00
1.338085332323674992e+00
1.536125029140236187e+00
1.490649626514194415e+00
1.468468270389866603e+00
1.582746446669756724e+00
1.642368302228980115e+00
1.373428175383327288e+00
1.860412182425680738e+00
1.734935765514914241e+00
1.049248525129599097e+00
1.163832146788531086e+00
1.417959082424129713e+00
1.522012421243500668e+00
1.643050893013403790e+00
1.952269395866046198e+00
1.504874858920132397e+00
1.251398462721421634e+00
1.657569749966783190e+00
1.462550635628046214e+00
2.064476585164115363e+00
1.425074309833963548e+00
1.459071254569988207e+00
1.574738170266251069e+00
1.516601802418021672e+00
1.766291199966128156e+00
1.663588538999082322e+00
1.061296807215627913e+00
1.677856783663195239e+00
1.793211998279867769e+00
2.025928312087770244e+00
1.696135541155711746e+00
1.360481905647579648e+00
1.588353299591312773e+00
1.299312656498338159e+00
1.618224156204124853e+00
1.163152194616016599e+00
1.730505138258038755e+00
1.876437631914645632e+00
1.458394372680896334e+00
1.358345406875307804e+00
1.558164525910862963e+00
1.576899285528788441e+00
1.478121174352838851e+00
2.025800820315543760e+00
1.431820018291407370e+00
1.135558303599953911e+00
9.474996840519013253e-01
1.319712838678786415e+00
1.620455316629194842e+00
1.803562519813554310e+00
1.232203686680940269e+00
1.704486117661861755e+00
1.748749347371837182e+00
1.700338128179220698e+00
1.320185883388847348e+00
1.706461577339486890e+00
1.741380474103282117e+00
1.201525997936511825e+00
1.803349624145421215e+00
2.003011408853718311e+00
1.104607781811899114e+00
1.743348912592020739e+00
1.801706946619140659e+00
1.490813840119413536e+00
1.086739020962723012e+00
1.464832578554224662e+00
1.774169900554228629e+00
2.026316065987818771e+00
1.796619989885807511e+00
2.217651737160401648e+00
1.732969367445374775e+00
1.639340800587746783e+00
1.446355600913654227e+00
2.004356800594973009e+00
1.689879277977909933e+00
1.508212498285437020e+00
1.299212147326003652e+00
1.401771355298891297e+00
1.410136987784848417e+00
1.732779999182573638e+00
1.509886095274033613e+00
1.543156918750152595e+00
1.527126273300813297e+00
1.343105837040830197e+00
1.379126416913682318e+00
1.189602485783119112e+00
9.398806139825485184e-01
1.610587870898737339e+00
1.359008759700180535e+00
1.728399046797925109e+00
1.180733482785010890e+00
1.898262486314487685e+00
1.426206543207078958e+00
1.529997126302390820e+00
1.510413575673817288e+00
1.849052149175225424e+00
1.856711663989428551e+00
1.673698551787163646e+00
1.643365488796962870e+00
1.630696537528493861e+00
2.236906279063788805e+00
1.415731813486024615e+00
1.558383342143440764e+00
1.849531538988497203e+00
1.458736677869115983e+00
1.483175425887145460e+00
1.515019081818728797e+00
1.436369839354676881e+00
2.201452793851254253e+00
1.573449841443043340e+00
1.965521339809815693e+00
1.633496214107255318e+00
1.906561412811251799e+00
1.963625118164124439e+00
1.333205579643403693e+00
1.475346389796682756e+00
1.664366300209257243e+00
1.438146886735611529e+00
1.911635931225670992e+00
1.294129983891930236e+00
2.455480677977910808e+00
1.670611514195674774e+00
1.337041656749670127e+00
1.885552016109986573e+00
1.483396628181478327e+00
1.775463202307877797e+00
1.242705617198798906e+00
1.624401801446469396e+00
1.319922889590424031e+00
1.562787590185964692e+00
2.031664898144530440e+00
1.321380023352297650e+00
1.332455968205353392e+00
1.716135880382138490e+00
1.558786792123044496e+00
1.171162312442918019e+00
1.278096457416142417e+00
1.206919961190297430e+00
2.945076960272330346e+00
1.343158871325480064e+00
1.525537798107565957e+00
1.543360933431300097e+00
1.305895902006755982e+00
1.275180950018825810e+00
1.511839068447191847e+00
1.567596506602132900e+00
1.574896722439040886e+00
1.427175188965391861e+00
1.373692157362889521e+00
1.874629468310977431e+00
1.424826849895785452e+00
1.338377946491176473e+00
1.807370467585037055e+00
1.215189301446266246e+00
1.385928825269775233e+00
1.487497082114358271e+00
1.084978747626510476e+00
1.548955513209247847e+00
1.402886529755904998e+00
1.245408755542788626e+00
2.072371859765347768e+00
1.010594656317193252e+00
2.164747567871469158e+00
1.444171747489148228e+00
1.060392106632632503e+00
2.128006218599344912e+00
1.752583911930449379e+00
2.078582287556547836e+00
1.256023812560154829e+00
1.679225426150424472e+00
1.314010426235340923e+00
1.120697867530677128e+00
1.574679381588341087e+00
1.849995222409945850e+00
1.223477960043269031e+00
1.769826485111011927e+00
1.401082593598935944e+00
1.627687865764278152e+00
1.376065101882667507e+00
1.406880766857281362e+00
2.131579718945584734e+00
1.633324917083976091e+00
1.608075609578427656e+00
1.410755375125984701e+00
