1.172000313720302334e+00
5.204439988052197208e+00
1.947605896849903928e+00
2.616182649882882405e+00
2.414033827424054479e+00
1.207360945538165531e+00
1.966753738119002781e+00
2.288455221697512254e+00
1.684432585434306517e+00
2.827784509637996546e+00
3.289123764670795147e+00
2.103564694307847205e+00
1.840575427695348321e+00
2.566298141103134256e+00
2.143366063154068080e+00
1.032939175398186915e+00
1.142528153741870778e+00
1.850693179725963811e+00
3.761457253883100371e+00
3.661650663233642078e+00
2.283692833680476486e+00
2.043416897838008062e+00
2.056465454496261280e+00
1.228964773600200955e+00
1.432970362866792247e+00
5.576120305730700721e+00
1.466113502684471603e+00
1.343823386937579745e+00
1.684806470324069494e+00
3.900132561330866832e+00
3.037587232734707321e+00
1.787476956097978187e+00
2.566442235798424232e+00
1.213825550121450103e+00
9.150354800577744641e-01
2.343347068982062353e+00
1.526585352206908386e+00
1.913106027956892996e+00
4.341457858411550852e+00
1.263193456008824711e+00
2.830997016445650605e+00
3.266019627439881390e+00
2.049149093851076131e+00
2.320212640749676591e+00
1.722822852835398821e+00
2.359678468034472676e+00
4.311555810674867928e+00
2.886934179956159863e+00
3.815125861833762677e+00
9.559536551964079365e+00
3.130762700095757189e+00
2.277719390728310422e+00
2.216290738920017933e+00
1.558513011226527967e+00
1.918273812115585342e+00
1.688206583784998216e+00
1.746490855119294583e+00
1.926028493833555455e+00
2.611560544612342216e+00
1.983926687800446453e+00
2.605235507738771439e+00
2.307281210712151420e+00
2.707103518951009757e+00
1.890247949516640213e+00
1.738761256503719155e+00
7.925241571558141018e+00
2.344815503520649713e+00
1.814194358046292033e+00
2.859387254802451039e+00
2.223630293770686439e+00
1.982405444595916721e+00
2.101393951341193667e+00
3.377017360536465063e+00
2.835338173134109407e+00
1.662191313004837356e+00
4.553558246831117096e+00
3.294966851714026035e+00
2.527045355223414891e+00
2.710441720936940690e+00
2.600730125810331916e+00
1.663834318237086718e+00
2.807475180565206507e+00
5.614461119440022685e+00
2.951718665166479294e+00
2.063608215458882622e+00
1.729910087114484130e+00
1.619878062111411943e+00
1.252035421184492625e+00
1.812198843550645977e+00
3.859452471709684307e+00
2.403996021182577714e+00
2.287400679574007611e+00
1.800064445799861135e+00
4.403728144005867762e+00
7.080494206048539851e-01
3.606052865396828455e+00
1.575161779341748947e+00
4.559167137229648503e+00
2.233524193790161760e+00
1.651880184578028876e+00
4.630550528496524265e+00
1.999276836940974800e+00
2.896685570537345100e+00
3.985992043259640294e+00
1.294595363656224629e+00
1.486503774247855514e+00
2.785460805522954608e+00
1.846172310989202092e+00
1.754268257233919881e+00
3.700337704528790184e+00
1.005641717159804660e+00
1.495266930610025913e+00
1.095689746518126784e+00
2.460369346473983310e+00
3.318656834618755713e+00
7.883957249900644726e+00
1.679554121608126671e+00
4.534887227181350511e+00
2.468961085843417891e+00
1.133433661624222655e+00
1.787840206116976915e+00
2.171306927161702482e+00
2.873346001087285551e+00
4.190592094818203606e+00
2.858225135864512989e+00
1.871950664894228789e+00
2.228321521211809930e+00
2.685225484557689057e+00
1.593047790018873089e+00
2.160822972220950433e+00
2.129339405831874643e+00
1.386405428258040473e+00
3.033659443869964889e+00
4.957947914980102233e+00
1.245952013717746887e+00
1.207859284998774596e+00
8.665814188630978077e-01
2.928554765237792346e+00
1.375641057676481482e+00
2.915612159951518567e+00
4.367959070323537141e+00
5.586198080551363354e+00
2.382924690644411037e+00
3.568918654069675345e+00
1.966120925182079260e+00
3.073637679397233757e+00
3.000589757052519957e+00
2.090284932803334161e+00
7.765069764760880844e+00
4.265387735791797752e+00
1.659922216969743403e+00
3.946994218336402405e+00
2.123696139422153628e+00
3.258168744029336317e+00
2.008949882181857660e+00
1.702166851909952427e+00
1.114729501234461795e+00
3.002627122120362646e+00
1.636302081116769225e+00
1.960558681460251584e+00
1.644066813035779173e+00
2.147516015894988861e+00
6.948357191156741663e+00
2.249716131297437638e+00
2.260080583768671492e+00
3.105366417036140803e+00
1.394116810388875471e+00
1.871639329646146432e+00
1.057663060601259097e+01
9.473769668648951425e-01
2.184407079940045460e+00
2.458183786829772899e+00
4.512699368149490908e+00
1.989243833154476171e+00
8.249168446068743776e+00
7.864665719052165826e+00
2.942486505521848539e+00
7.056371324720509541e+00
5.649221844795573766e+00
3.136837577839458380e+00
3.774746636116706355e+00
8.973158490423376321e-01
1.474399449106721605e+00
3.379489423453347907e+00
2.539096232879799242e+00
4.155685950323166900e+00
2.222387161653825771e+00
4.652107800495333123e+00
2.715350667494197179e+00
1.588044244190801590e+00
2.312960181594478470e+00
1.398089286083740390e+00
3.585610968321479852e+00
1.142058162821891987e+00
3.448462115684865381e+00
2.116381139673787271e+00
2.867075967857911856e+00
2.605940497162273939e+00
2.718638676166607482e+00
2.629954580976025191e+00
2.119987659168442562e+00
3.949646152101880414e+00
1.317890079950948090e+00
3.531465968584660775e+00
1.063421269802454106e+00
2.822303750013530621e+00
1.188606373112232717e+00
1.317560036857739814e+00
4.244450656238121233e+00
1.264802670285763764e+00
4.762233288314459578e+00
4.739182087250840780e+00
1.337243817262101730e+00
1.092916260095644576e+00
5.718528921429753886e+00
2.550573656061454031e+00
4.705182636031134180e+00
3.460271805064017325e+00
1.309303411476523182e+00
2.614979285795352659e+00
2.207209101819933128e+00
1.708917715022189032e+00
5.185292302028657652e+00
1.174382937891585987e+00
2.696396384072666130e+00
2.567999229817212736e+00
5.268308086090032205e+00
2.420143035686453281e+00
3.261731642764765127e+00
2.206718797796532794e+00
1.647690822444263459e+00
4.770809775086711113e+00
3.001578640328225855e+00
3.833075327190539561e+00
2.210874783617411410e+00
1.227537355075718928e+00
2.955917082140413044e+00
4.762191832604166564e+00
1.719424451019677003e+00
3.212233696051135734e+00
1.822651447170561712e+00
1.743353433799586627e+00
1.822848118697104836e+00
1.337525243238603112e+00
7.212874887831151938e+00
2.374286448824410645e+00
6.872893833411655162e-01
1.816234834828378997e+00
5.085244591076503617e+00
1.902443335046864359e+00
2.919793689805096459e+00
3.793919292189025239e+00
6.333047024396126545e+00
2.058442344256549816e+00
2.628544006327951266e+00
8.531730048713479064e+00
1.104693130262392131e+00
1.919343043580650443e+00
3.199124413812139078e+00
2.608904485097566006e+00
2.239102911905710425e+00
3.662546173713785880e+00
1.390115948506125854e+00
4.088420681250593880e+00
2.910003816660311049e+00
2.295734929756780396e+00
1.822206105191248371e+00
1.587158509873755063e+00
3.929039066217873355e+00
3.945443678237475549e+00
1.559865491146381178e+00
4.391746235340733051e+00
3.099605821587088084e+00
2.146074790388698528e+00
4.180536673710339990e+00
1.687895335093264393e+00
2.688605191089181723e+00
2.146472748502155525e+00
2.000882138135958499e+00
2.509933543003506351e+00
1.733957453958382855e+00
2.137428941522807158e+00
1.331032609817959678e+00
1.144358007571505853e+00
1.627086062461357008e+00
1.233247818541777230e+00
3.008183986281678379e+00
2.630530942389893045e+00
3.879672357449813092e+00
3.075622716059790651e+00
3.239885606927113582e+00
3.556077507395276616e+00
2.305309289129693795e+00
5.534928014337684665e+00
9.273132465915099321e-01
1.194884553575596087e+00
2.834766821632308975e+00
2.353446706398434340e+00
2.137147918050434470e+00
1.279052562061523179e+00
3.386210341125975187e+00
6.283213601484312072e+00
1.310635466404143301e+00
2.236751588229278553e+00
3.418507981642298965e+00
2.676041185233934083e+00
1.499986399944302162e+00
5.840876398630197031e+00
3.354479435166004109e+00
1.810129442859192084e+00
7.239543091833836597e-01
3.118860371714013535e+00
3.262824572753097119e+00
2.189335673029094931e+00
1.991589456802875135e+00
1.896598631047404782e+00
2.879356683744561440e+00
2.418644796454251455e+00
2.472420560079439777e+00
2.093788698484508881e+00
4.171495292971476587e+00
4.235262535902353243e+00
8.984344065039452376e-01
1.905939611742617057e+00
1.109487575993106656e+00
3.027000746077892046e+00
1.493569080284821604e+00
1.948081667952475282e+00
9.987683642919121807e-01
2.403810712491580848e+00
1.967785938942434587e+00
1.741158080366407290e+00
2.249223858239583596e+00
1.670916728656022476e+00
8.862062792510757570e-01
2.880006658417778365e+00
1.840295116225219463e+00
3.394581713652302213e+00
3.630030580754741276e+00
1.397131618770193429e+00
1.609445510057952111e+00
2.032437154105170674e+00
2.429517360765763190e+00
2.248739657879839537e+00
3.886673664386201654e+00
2.293772250940246060e+00
1.590427493956502403e+00
1.402122753019914736e+00
4.736789456613089477e+00
1.266015393597063943e+00
3.672873568042300363e+00
1.615304838411258714e+00
2.014699886060669520e+00
2.203562276270630171e+00
5.363918299596499573e+00
2.533388901992219555e+00
7.165217376340490274e-01
2.388248844638048762e+00
1.775816756941356989e+00
1.375395512012574262e+00
2.122933084529435632e+00
3.250030913106183306e+00
2.266477714106687191e+00
3.119756053087185954e+00
3.826367721564035929e+00
2.002572824193754375e+00
1.013330321988556371e+01
9.935497203753534956e-01
5.867313466198287308e+00
3.917738195029299764e+00
5.170949487217124663e+00
2.936783544225908926e+00
2.709067070899320306e+00
2.683866745820725264e+00
1.950485186762211498e+00
2.603986129899988455e+00
3.978374111826051163e+00
2.526568957531930337e+00
3.837826449928493311e+00
8.448700999008365020e-01
1.670336508082017613e+00
4.625367323300888955e+00
2.138876158238024239e+00
4.110528744972121729e+00
2.542430390154327036e+00
2.746321617694720274e+00
4.219824955471621841e+00
1.838616687764423219e+00
1.237203354098398878e+00
3.316535562806741666e+00
2.211377575439868792e+00
3.236898948650067886e+00
2.588148631745575745e+00
2.474067646394923603e+00
7.760544555560994207e-01
1.004451750057915982e+00
2.177343995940089094e+00
1.640103774370090584e+00
3.820473887298952320e+00
2.472843697277740116e+00
1.536642711245986170e+00
1.581666217686938491e+00
2.040362228368048481e+00
2.001697447041268507e+00
6.332376889428211975e+00
2.415095398232699697e+00
5.205349855108011958e+00
1.457088028528278123e+00
2.308296866315330043e+00
8.848001568620201818e-01
3.461853210965800454e+00
4.034026724788339457e+00
2.502206382676152696e+00
3.033655021748922653e+00
3.818934959037230126e+00
3.048067626431313126e+00
1.959829514594112254e+00
2.561328639438298360e+00
1.637380761168335308e+00
1.441957699804753634e+00
2.982673023765262332e+00
1.343689514964632847e+00
1.528118908648668173e+00
2.062422904030216220e+00
2.822940033170573404e+00
1.610199019785292451e+00
3.009844019003441229e+00
2.356642435217832787e+00
1.090739166186997622e+00
1.400339802480309759e+00
1.419477474599976752e+00
5.467506615254166924e+00
2.570410564254099750e+00
6.851249719455263509e+00
1.736454435427070564e+00
2.079117185555273029e+00
1.508263502698061309e+00
2.613010021264806859e+00
1.640432150806776512e+00
1.064013147681436067e+00
2.628198632839974902e+00
1.179516710338505359e+00
1.579570199881727310e+00
1.468482926342108197e+00
2.417457298735445459e+00
1.631730650977882391e+00
2.510554788088898981e+00
5.979225547640435678e+00
4.065251510961148007e+00
1.441282153414860545e+00
1.801491944736814288e+00
2.331892488200316915e+00
2.143474802760441111e+00
3.054523277675601722e+00
1.182442026636594479e+00
1.553519897927596372e+00
3.282208189941100862e+00
1.920051272805540332e+00
3.533241585554662390e+00
1.602741668810014453e+00
2.698200231479364053e+00
2.513148356750462664e+00
1.687505282415071139e+00
2.714659591554471341e+00
1.988605118352641421e+00
3.056891734983049336e+00
2.524963067901311309e+00
3.139744824074288676e+00
1.446776028394582303e+00
4.453317541560662285e+00
2.532330844364846900e+00
2.618892362487895920e+00
1.232860603333170602e+00
3.602553959641555004e+00
8.330230787678278404e+00
1.817846440016729792e+00
8.721028876286114340e-01
5.088028564291398936e+00
1.909773707004996712e+00
5.287586849573585823e+00
3.679295042642361402e+00
1.761485636913636021e+00
3.114772787643152352e+00
4.073232022110409467e+00
3.945435499169788418e+00
2.490127369824517878e+00
4.418007979032182675e+00
2.308402207215456858e+00
1.914699201381614202e+00
1.898925868818673424e+00
1.591562512632781923e+00
1.854319527804293433e+00
3.239156339681828367e+00
1.822676519301001496e+00
1.590715901448561453e+00
1.092307521362705591e+00
1.941343523752658839e+00
3.162405698513707009e+00
3.679153400375459793e+00
4.616417379608334315e+00
2.186169332877376803e+00
3.277040319450723160e+00
2.407355100717708751e+00
2.375400908556989599e+00
4.641818167415003415e+00
2.593276971010671783e+00
1.475007459473614002e+00
1.558303570957833672e+00
4.523507383987396935e+00
2.148577683614662615e+00
2.520426977319875750e+00
1.807675879114442274e+00
2.206853284669357151e+00
2.513717120439914243e+00
3.319257648465121058e+00
2.194001948364484367e+00
1.901226420880966383e+00
1.594450534320348556e+00
1.236689363110880624e+00
1.167051506159099583e+00
1.104773307524927306e+00
1.938276912463852364e+00
3.179626123223789236e+00
2.059887165511076645e+00
3.310440187428330905e+00
1.761149691484589663e+00
2.096244785999846094e+00
3.350738229275508573e+00
1.822746024653136176e+00
3.194725501859441152e+00
1.335478609093546432e+00
1.761238011599436382e+00
2.481092679428110070e+00
1.363970052738733063e+00
1.645416923899822637e+00
4.138411979707485422e+00
1.112440136626511977e+00
3.262605419651524397e+00
2.504709763864057415e+00
2.323799774582543609e+00
1.520679217959545637e+00
2.401635572645239414e+00
3.837096942333583005e+00
2.285390509408291582e+00
1.130149099648169342e+00
2.576163312619328849e+00
7.497708844422358965e+00
2.001485402045573458e+00
1.692885825877948225e+00
1.454552605181198111e+00
1.569791055912302058e+00
2.046535538317630909e+00
2.147792859218366601e+00
5.682824498615082653e+00
1.546952885511402753e+00
1.446499013405181167e+00
1.605128074624043277e+00
4.705380392229153053e+00
6.804383224515159867e+00
2.383779186343653045e+00
4.910385448347883042e+00
2.077752307783106378e+00
2.677987665729330224e+00
1.922052406227981347e+00
5.223399815240894917e+00
1.457045985278816014e+00
5.224550646693050915e+00
1.527139242355816995e+00
2.074971141954466525e+00
4.442170593678865131e+00
3.996396494703895019e+00
2.857604380608624872e+00
2.614424474776532392e+00
2.100751967336566661e+00
1.811767686622954177e+00
1.464075074240998697e+00
2.416623166605068818e+00
1.935045220654607157e+00
2.980198931700049680e+00
1.830048176215328226e+00
4.945225360353989075e+00
2.391824587321926376e+00
2.295988915269100428e+00
2.349991186739638582e+00
8.077637366261907204e-01
2.214010162869672893e+00
1.424684199102705939e+00
2.930420324358994133e+00
1.259748489273402328e+00
3.379452956181060674e+00
3.069848133823192438e+00
1.141234425672282393e+00
2.537218634928953165e+00
7.056582058268436874e-01
4.133482009772570187e+00
2.403345716495650208e+00
1.697177567640645091e+00
2.784762153144298757e+00
2.794845491299854157e+00
4.221861953688502922e+00
9.587444098705834250e+00
7.263355735567024851e+00
1.838806825444176729e+00
2.567809581431466093e+00
2.142780023546863255e+00
2.005346403815366330e+00
3.548749997202843343e+00
2.982819542027474125e+00
4.056984353157245593e+00
3.487724963185891536e+00
9.278663495722870858e-01
2.650999297922134623e+00
1.499199019680146794e+00
1.448909660941642308e+00
3.291987404965192265e+00
8.987544686650641435e-01
5.720531957042604532e+00
2.076038655174007985e+00
1.159471996943628902e+00
4.067942006247197817e+00
2.025701225559750629e+00
2.490889967523084003e+00
1.118238707567256629e+00
3.129862949534365502e+00
3.020858123492862646e+00
4.310278715578594877e+00
2.131938829528584378e+00
1.302987314904265226e+00
2.857688069512542839e+00
1.484288889469812522e+00
3.191313475939992372e+00
1.619973062519077356e+00
3.515946140894037786e+00
4.703589790296749840e+00
3.172425240745252673e+00
4.958794145051858671e+00
6.352726865331590922e+00
2.496171905003208735e+00
2.296839047684212876e+00
2.093329395370719048e+00
3.249779947110238876e+00
5.320194740171391601e+00
8.652939616757970853e+00
1.298706788522994371e+00
1.898926318316389583e+00
2.077693802930072220e+00
1.623355527754889005e+00
3.332627774562244571e+00
8.689219910874658837e+00
1.573578350952218763e+00
4.221204718892233032e+00
2.698641095850434102e+00
3.647074631055509109e+00
1.142196332878432363e+00
4.955201967236625649e+00
1.906906159490763031e+00
2.671834470906431669e+00
1.160190481560141373e+00
2.410668077199139780e+00
3.253287728244930399e+00
8.498907664280674013e+00
1.830673829820787191e+00
1.416282502054330150e+00
2.098449062749224492e+00
1.637133783828665479e+00
3.053496361055098252e+00
2.568451637238805318e+00
3.609783705937177345e+00
1.805640841358367110e+00
3.866989140981731410e+00
2.155516686635548407e+00
4.107804287430129264e+00
4.545366940688396085e+00
2.719410152308856965e+00
1.352450635217768760e+00
3.359805759638856415e+00
2.122043500012730011e+00
1.478720236073038707e+00
2.790912652090568713e+00
1.227900325649126323e+00
1.826961021418382458e+00
5.304429117372541747e+00
4.249905902093371601e+00
4.318966792238890129e+00
9.496974227133206270e+00
1.136448921788242750e+00
3.170140073411559012e+00
1.457675715290039253e+00
3.137163449676784843e+00
4.799965691637581244e+00
2.733237948564902098e+00
1.043783338939984873e+00
4.624908194698923225e+00
1.797330537649181270e+00
6.135188220799797421e+00
1.265235796657010914e+00
1.023597142890984024e+01
3.296608810734241501e+00
1.655185374630964601e+00
2.152124503770756370e+00
2.390074245899304728e+00
2.154463503599441498e+00
7.274628967776972210e+00
3.047723936613974782e+00
4.395772072189063628e+00
2.047342426683369965e+00
2.471133688905290171e+00
2.021464064226566215e+00
3.877044962993303479e+00
3.013110115229170827e+00
1.137620939515135987e+00
2.700027716704933578e+00
6.015955292426026446e+00
2.734092909150199535e+00
3.655170871863360205e+00
1.586632457211620162e+00
1.494083608597788881e+00
1.336941337736457847e+00
2.024071088086635495e+00
1.543417880539169174e+00
4.265456386834173053e+00
1.581596738718563655e+00
1.260367218483529950e+00
3.537916069218741022e+00
1.103399302958664174e+00
3.938090698203831952e+00
2.553369856565324447e+00
1.752582213768856256e+00
1.693826233255974589e+00
4.659429236255899553e+00
1.378514831409361596e+00
2.413554073476088746e+00
1.094645373081775785e+00
1.263917528193448270e+00
4.857970595874331998e+00
2.043079952725063819e+00
4.529079787904419341e+00
3.153112360167734440e+00
4.094689019074497338e+00
3.121267513958195128e+00
2.237311567844312510e+00
4.847020769957430808e+00
3.386882212196044684e+00
3.783195480407207878e+00
2.273031038445470386e+00
2.006257075992393002e+00
3.199750937777388060e+00
3.616639926510564429e+00
1.514618743167401194e+00
3.248846726906567728e+00
2.369108554209721884e+00
2.247999195878664036e+00
1.923746036169457385e+00
1.854581851046300578e+00
1.446301867319622625e+00
2.064401965876500711e+00
1.612397040004917015e+00
2.606350846916113184e+00
4.480420980468376335e+00
3.830897293856925234e+00
4.150421807535749963e+00
2.234638677809027474e+00
2.568495694281902164e+00
2.497021647887732065e+00
3.119111599419671865e+00
2.652821171350312035e+00
6.677894192749686653e+00
2.389753093145060348e+00
1.796275959526841159e+00
1.938203368922181591e+00
1.439128323003984855e+00
1.084819331628838146e+00
4.442041085865188421e+00
2.322170691934701381e+00
2.729101142018599990e+00
1.384446428269255458e+00
2.016100000782422352e+00
2.285970684848865009e+00
1.673737140051426042e+00
2.714827310429256180e+00
2.920078558369458843e+00
1.702825328077161471e+00
1.003444808257902388e+00
1.542076212107108324e+00
3.064988875910883426e+00
1.750898813321040803e+00
1.095747662188322202e+01
1.785972676558811090e+00
1.765385135376768444e+00
4.108620015558013705e+00
2.367799107649752433e+00
2.205646202898786434e+00
3.387797956294924973e+00
3.239290172276107604e+00
2.038271868973106749e+00
2.714007696876113318e+00
2.182076712490855552e+00
3.335107654494104068e+00
2.149419066017490554e+00
2.770317071246423346e+00
3.185537112783465741e+00
3.223377787373709946e+00
3.574714763722696365e+00
1.204066760981339135e+00
2.992620051971278894e+00
2.881506651738537705e+00
1.386439506785446918e+00
1.409630947246298005e+00
2.257783919287258634e+00
3.036149106969584732e+00
2.341284293582376996e+00
3.935246790081790014e+00
8.749516149159773937e-01
1.188410957361908826e+00
3.799527422805376364e+00
2.188178779771159377e+00
1.422994913081260027e+00
2.080693463689727629e+00
1.889987961499242530e+00
1.745467160076684454e+00
3.314540915770945784e+00
3.717756448673015246e+00
1.892766561588201002e+00
1.654576379343309034e+00
3.782501672262059689e+00
1.725265353591882933e+00
1.385235435394903902e+00
1.551677521547387695e+00
8.391557393848025903e-01
5.747044020737305026e+00
4.444447229254551601e+00
1.284887107798412309e+00
4.087976061720485887e+00
1.248912834682869510e+00
3.978137179392784439e+00
3.191969629473619730e+00
2.757372413200818606e+00
9.414985994531549496e-01
3.613441578308310032e+00
1.482553351245577078e+00
1.881519402073188685e+00
4.838740017143757122e+00
1.110027443418824200e+00
2.847034584447849070e+00
2.457331933138569457e+00
4.101934728003658215e+00
4.717212101096004417e+00
2.635255398624092749e+00
3.962287392191361501e+00
4.069516275244983383e+00
1.461083102241050424e+00
2.352236814760860550e+00
3.764591960144747507e+00
5.017578912656764700e+00
1.288535594497907777e+00
1.770446201903432382e+00
1.702720763039770269e+00
3.139890239612581624e+00
2.543758562627043585e+00
5.596000378322035118e+00
1.571622786805817018e+00
2.324672338588006149e+00
2.733024077370276306e+00
1.106530461253241837e+00
6.358332184634840623e+00
4.903784900364092536e+00
2.706216568752321194e+00
1.077294378101512962e+00
1.418599801451126297e+00
3.894557706587416845e+00
1.588003826173997490e+00
2.103666480405554040e+00
1.936048969995305846e+00
2.742560137407000553e+00
1.487316774376763462e+00
1.369958909263406133e+00
4.845442502024090103e+00
2.488062495238060556e+00
2.037691112885603228e+00
2.470601676976049710e+00
7.392808727702746552e+00
3.446883681559504087e+00
3.473947126399351770e+00
2.338140430603604880e+00
2.987063166407156523e+00
3.961789880645261164e+00
2.517678455912447877e+00
1.032021549262711169e+00
2.527978646642253580e+00
1.749418427573485424e+00
1.386939949572750352e+00
6.776363939097063138e+00
1.834773178019533546e+00
2.023013530594645726e+00
1.188071085260431703e+00
3.203224045837713252e+00
2.749257997516439733e+00
3.288314565893350583e+00
2.068233030731314148e+00
1.701073494389912621e+00
1.750015781813875071e+00
3.545485122777620735e+00
1.968941309663959416e+00
5.211423694828711817e-01
2.362239350105351576e+00
3.084677584924000016e+00
2.484461014384592659e+00
1.863333052446346061e+00
1.496850342483536878e+00
2.206283488049477715e+00
1.121778261125273124e+00
2.988748417915203071e+00
6.394740330730314781e+00
2.968367641322643191e+00
8.251376285808970090e-01
5.064173820138321958e+00
2.137093403509612966e+00
2.670121499999769110e+00
2.616175317835258252e+00
5.244517909608522821e+00
2.259139002686206599e+00
1.697938365858572274e+00
1.963652977804005495e+00
3.132073207358541556e+00
2.933939930878405100e+00
2.835418286728420334e+00
3.497482638507096731e+00
1.268360612958072453e+00
5.933259723270222219e-01
3.317912446662862447e+00
5.695382815093117834e+00
4.284073726281003580e+00
2.805280171090137831e+00
2.722202530749635141e+00
3.817723454174345221e+00
1.284096386513661203e+00
1.606027683876387391e+00
5.725470302012002577e+00
2.402397862858866695e+00
1.084319002262445375e+00
1.302313292699141645e+00
4.005860449972807658e+00
2.799869182380430477e+00
1.651630333606350032e+00
1.715416481644108204e+00
1.854625791639429311e+00
1.998974521356469358e+00
2.792543493330120974e+00
3.387379536175778139e+00
1.771530334841580290e+00
1.835662317612980265e+00
2.067911397994637301e+00
1.294824959787496343e+00
1.433572089629731261e+00
1.882268112452878839e+00
2.347494359940439868e+00
4.001045947592983154e+00
4.327947521873945824e+00
1.478889099460545697e+00
2.646161335116055113e+00
3.579494153541626034e+00
2.217871994801439151e+00
6.070618914407321931e+00
2.994937142029829857e+00
1.728223812663614245e+00
1.049292712275938788e+00
2.738958061229481711e+00
2.806487472157731755e+00
2.058228660465894144e+00
4.459990701309430428e+00
1.467079344103675131e+00
2.680309454315212392e+00
2.071515312648912310e+00
2.424373306997468891e+00
1.548024831364968268e+00
1.329476501169188474e+00
2.157066895093413095e+00
1.450776097422673327e+00
1.621491747987952259e+00
1.514063495145131943e+00
1.148378132832373222e+00
2.638702641246380765e+00
2.874278180646791192e+00
1.756410104970002273e+00
2.659095397282527529e+00
1.849989644818708978e+00
2.807472304684259345e+00
1.651652138330574004e+00
1.032550246516756642e+00
3.004522635947006304e+00
2.384190352387335121e+00
2.847877131968652886e+00
5.283186639188935274e+00
1.312601463233736387e+00
4.898373031379724019e+00
2.707448360748537564e+00
6.638598049974086202e+00
1.392633569813120697e+00
2.159850899534929702e+00
1.254421558309870566e+00
