6.229881161076423091e+00
8.536923684744360585e+00
2.718172078828238636e+00
1.550721430639953979e+01
3.388624368227831862e+00
5.764964283868176054e+00
9.970414337545127070e-01
6.870368389341868109e+00
3.499877583650700341e+00
3.833628570336681918e+00
6.505158264676942359e+00
7.511487216876040485e-01
3.546369317746362881e+00
9.798001711706607608e+00
3.973728524475145463e+00
1.712520794069339303e+01
1.009273686876369247e+01
8.960588076136628999e+00
9.334271292772750028e-01
2.924916219663535877e+00
3.702260648378637331e+00
3.774841831492956157e+00
2.397349083598505626e+00
1.575478032097312031e+01
5.982174318362730503e+00
2.143339383473900295e+00
3.279113760217535756e+00
1.841171277119549643e+01
3.374764170803477459e+00
6.068153893595275683e+00
3.753535537922560561e+00
7.868128934613365821e+00
3.781172826314631141e+00
2.211705041291826657e+00
6.685438457336410956e+00
5.261671970908084361e+00
1.171829694091211183e+00
7.264205255442147902e+00
1.137295713393614172e+01
5.501152886626499594e+00
2.848986790257690416e+00
7.399822576749885528e+00
1.298451694707490844e+01
6.186238100291967079e+00
3.485596404040502083e+00
5.818505811871079736e+00
3.646191562372842920e+00
2.987328760979456543e+00
3.265784767213357753e+00
1.220761866198758483e+01
1.059440203799628044e+01
8.557245884378813727e+00
9.335464866069168366e+00
3.851708226961057413e+00
7.428196029913391563e+00
2.340991010612432977e+00
7.502521537593050738e+00
5.966391442090021258e+00
6.709372442727323360e+00
1.088056146856291484e+00
1.710332798358346196e+01
3.379696594673273768e+00
1.044590903087087419e+01
1.230441259299235313e+01
2.010285602770915059e+00
3.872548614112883758e+00
9.175225628785037557e+00
3.120190810842723206e+00
3.486625406610939226e+00
6.658973680063681400e+00
2.834297097418837197e+01
1.427537721449873009e+00
5.978316133624851147e+00
4.840167434565786131e+00
2.273996059932861247e+00
2.125246288431505661e+02
3.497258744254881258e+00
3.550920322277006491e+00
2.154698541708595094e+00
1.267017160956372068e+00
5.172011872602261029e+00
4.293142312662893367e+00
9.711102791003911605e+00
6.010267592009491899e+00
9.588338307400144700e+00
6.204066795804694223e+00
2.462059362290670350e+00
1.969440166800793701e+00
5.288631953064798275e+00
1.174856069158241034e+00
4.618326709598970403e+00
3.592768321871782522e+00
2.359074174707705751e+00
5.240163829410723118e+00
2.109188557649863682e+01
5.999726081762176477e+00
2.504171782546728675e+00
2.931759751558221438e+00
4.964552191917901425e+00
4.305941102135816934e+00
8.384987548545828062e+00
1.793448508136386232e+00
7.969137712467739831e-01
4.339363334043613740e+00
1.750688338055335436e+01
5.527133626743053973e+00
1.787086721818542046e+01
2.629436447406210675e+01
3.825500435699398682e+00
3.303112766962978064e+00
1.716524678450755292e+00
8.718801007605351927e+00
6.392186687527989797e+00
1.043973340884947909e+01
4.964027035970842938e+00
3.985721843943057507e+00
3.789562240714334784e+00
4.198475004172054881e+00
1.377597396226614146e+00
7.774440298641385638e+00
5.850166371059623671e+00
8.545258259633509823e+00
4.874323563799373815e+00
6.652385616304778537e+00
4.644521563789877128e+00
2.184191430391038136e+00
1.209817466263434449e+00
9.123218846533266202e+00
8.677757318671423192e+00
3.105516446823954002e+00
7.001183880996312503e+00
6.418254048992963590e+00
5.526964034129163927e+00
8.669383462865152268e+00
1.826904967971717308e+00
8.435536297946567785e+00
5.207752980104500828e+00
2.619734814423468894e+00
6.333735841743222572e+00
7.447341292548976810e+00
1.162210916492460555e+00
2.737796925640766599e+00
2.978964343992827946e+00
2.776670456586321833e+00
9.099123001093756713e+00
5.399086604521445842e+00
4.137256454583562615e+00
3.701794320170340935e+00
2.024696283688668608e+00
3.266789866208207105e+00
7.069831319342434917e+00
4.804303516935207519e+00
1.489478324227824402e+01
2.122671701666290378e+00
5.380716213336869558e+00
5.782996532192043304e+01
1.807537413814578109e+00
1.919191785344156020e+00
1.458522394904482766e+01
1.839019716234119306e+00
1.408098543618424259e+01
8.133775226306990902e+00
2.166090967529373135e+00
6.826562374118784859e+00
4.732691097200944164e+00
2.925772245941414607e+00
7.227660907767281095e+00
1.513961330648793124e+00
1.284114730271031846e+01
3.962028100361466354e+00
1.121294491265141957e+01
4.307586691287170311e+01
3.366745954157306375e+00
4.034021638506358975e+00
5.308136470932215190e+00
6.360602601333057216e+00
2.663344573642987267e+00
2.686341751760276786e+00
4.876433056861677606e+00
1.292837168732714481e+01
6.123295888336282466e+00
3.013829648267972949e+00
1.204104158494826216e+01
3.202711868736621170e+01
4.972353289387680952e+00
8.948239264764133338e+00
8.921474103788737509e+00
1.918799606120306933e+01
8.177677101602553122e+00
1.404098849274252458e+01
1.157286423956372623e+01
4.279968061280321479e+00
3.472878282596995714e+00
1.061907705993898965e+01
2.844134254638226889e+00
7.134766061979918028e+00
9.074281374965252667e+00
5.438606370383930688e+00
9.381073812750547747e-01
2.336242566731186443e+01
4.906494619197940388e+00
8.496994879354662800e+00
2.852412110645742072e+00
6.597111031017300675e+00
1.375247413629355764e+00
2.778224704516524568e+01
9.110671356300281687e-01
1.918798451323307175e+00
2.969908436714506550e+00
2.602155647400669736e+00
1.238231369942693583e+01
9.401685141578678184e+00
6.243200841440026849e+00
3.274297100531690763e+00
2.239636851739479351e+00
3.741931353279896122e+00
5.328242268887263045e+00
8.652617012829891152e+00
9.615484376226712371e+00
5.560264034511400943e+00
4.742342744535958055e+00
8.879904925621298517e+00
1.288789362675098893e+01
1.249086345781506324e+01
2.384160397500274087e+00
2.861830478241287334e+00
1.255413991846574717e+01
1.277690609745237893e+01
1.033774384786962663e+01
1.116710497553106052e+01
1.140835902326648998e+01
5.680029493708109278e+00
1.075740421543619263e+01
4.303195204234957494e+00
4.824825154667246707e+00
1.772055687058777362e+00
3.778147187186520650e+00
1.532081546792023019e+00
5.054322276532691838e+00
4.114209507148565592e+00
6.671048313015819353e+00
2.472292544050679108e+00
4.267112535951286034e+00
2.793250789572647275e+00
9.464328640285614824e+00
6.617727126271017113e+00
2.303763920350028194e+00
1.007523667060728600e+00
7.806734977167597567e-01
9.072055473424734728e+00
5.111643085826224286e+00
1.472946961551873324e+00
8.019777342778062756e-01
2.098254423830811177e+00
2.654662652981473059e+01
6.154024603261343707e+00
5.591376773090284580e+00
4.060331767111967416e+00
4.533789301739474809e+00
6.730443048023682096e+00
2.754858829295611322e+00
4.287864302458352483e+00
2.991196343839388927e+00
1.986180275929733563e+00
2.521837619977100431e+00
7.125029132623698302e+00
1.496675400444224380e+01
3.167789567436558151e+00
7.910754376874929328e+00
2.161365141674818080e+00
2.206087926220589424e+01
3.770004129464649800e+00
6.450757327672308250e+00
4.219814922231835297e+00
4.985249753207303236e+00
6.508384362041920213e+01
1.247462483366708286e+00
7.401544532134606946e+00
1.998752456965836588e+00
4.924781546523863796e+00
1.079768640952885050e+00
3.443501690102104362e+01
2.275071660345385283e+01
2.767593230344936206e+00
1.136532635961433169e+00
5.900276679936535373e+00
2.830053643200707114e+01
7.108450447272656625e+00
1.398815894805427540e+01
9.818820794419291786e+00
4.129970183988766586e+00
1.173657560321973437e+00
1.228466286108027461e+01
3.168761680251167334e+00
3.131373012961156110e+00
8.403184261942787003e+00
3.105169698975196013e+00
5.456696293802264286e+00
7.796558031275101497e-01
6.097170467615300460e+00
1.729551131536405961e+01
1.835730117164044550e+00
5.056338808088121084e+00
5.769145346202448010e+00
4.815626497935133088e+00
4.032715976833992855e+00
1.672026266334320965e+01
6.305573880382868701e+00
3.817758940265608691e-01
1.559368132163831433e+01
6.018281362003026658e+00
5.226313754229862774e+00
1.679009885590249107e+00
3.843788654793018011e+00
4.417325160746615076e+00
3.592845405161643413e+00
1.027832419193027258e+00
4.231481537370783030e+00
1.086292133153902562e+01
2.566503675856320221e+00
1.121498090158352490e+01
3.503657342726697710e+00
4.140286513982876393e+00
2.123436534127777442e+00
5.844496690684413132e+00
1.716478490264187862e+00
9.900659827346865782e+00
1.336542677749710251e+00
1.006250129736413790e+01
4.872620662409927306e+00
5.236485677866541266e+01
2.382260270482371212e+00
2.824871862081810736e+00
2.826141063190644331e+01
1.666391167802289131e+00
7.812072958591024907e+00
1.666709884511310191e+00
1.460985069308594753e+01
9.838050246502328733e+00
3.523287044371160359e+00
2.797076781153132963e+00
6.798186705007315922e+00
2.094354901012859926e+00
8.071644720538731832e+00
8.878122838158486019e+00
1.382594209212059111e+00
1.376387152568831596e+00
5.866900762187041707e+00
4.032377093740508123e+00
3.704951866782892456e+00
3.966587682040036089e+00
6.284781985667197368e+00
6.398099466924161760e+00
2.726532355018548870e+01
5.849962441117837031e+00
1.818730102900066647e+00
1.894425822627196387e+00
7.548167999374957304e+00
3.347000269474164735e+00
1.772823415914840606e+00
6.619305591802447708e+00
6.274743526713910668e+00
1.500455932942516668e+01
3.202479157605844673e+00
1.194171003753054805e+01
6.637889114848197103e+00
2.660837767078450433e+00
9.437964316104123785e-01
2.157380383901848830e+00
1.977934079591261707e+01
1.023602790607538715e+01
1.528554316105863009e+00
6.767352028159925759e+00
3.731070762593575285e+00
1.879579983776257013e+00
1.199702673229470662e+01
1.214054353487262894e+01
1.989208013200921599e+01
5.976598308766133627e+00
2.334621164001450921e+01
8.086695673246371285e+00
9.162885294384771839e+00
7.438071923786489847e+00
4.232642188532142136e+00
7.005846834129154388e+01
1.523526511750884938e+00
4.955562699281707673e+00
4.796654322314453545e+00
3.505277990129886057e+00
3.048419489932202797e+00
5.593330643488267029e+00
1.820731621168861780e+00
2.978942430826557519e+00
4.651350450352655486e+00
1.617435095798542166e+00
3.747857684551887303e+01
6.683055190986964433e+00
1.059740750266098175e+01
2.404062099837054323e+00
7.919875109021723425e+00
2.910220293343424469e+00
2.151361968691263282e+00
1.512772470513829148e+01
8.618194526413780920e+00
3.238496145070455690e+00
2.104598457808765311e+00
1.075766901033022016e+01
3.821888002404238982e+00
2.306544663908071158e+01
1.148897897470894414e+01
2.015724988937486017e+01
5.369479955747763711e+00
2.574136769784312051e+00
2.554510613590462942e+00
3.941749358609966780e+00
4.121850054365895488e+01
4.437958488058235673e+00
2.046753974943139820e+00
8.336339242932742977e+00
3.280413452635082550e+00
4.755383743585048784e+00
2.124594303451663002e+00
4.735789720259560909e+00
7.371701681815743257e+01
6.610534744125166284e+00
1.329815516543642850e+01
3.801189029443985845e+00
1.091520974162274449e+01
1.381528136844355359e+01
3.517259989624007765e+00
5.862525777706915520e+00
8.128135872069375267e+00
5.310796588738323720e+00
2.417047371087952534e+00
3.603970820251047869e+00
1.687379821652250200e+01
9.670402217883307117e+00
2.317411379180980724e+00
5.604806611674627348e+00
1.000231455802872205e+01
1.219778494228999044e+01
3.270709041715413878e+00
3.004892486211599323e+00
6.443061707038331143e-01
7.154614855627630554e+00
4.980423655547713935e+00
1.380088516050273029e+01
5.391558210451612432e+00
3.065871016779746938e+00
1.245882252250767053e+01
3.911981447077880869e+00
7.118074951107683290e+00
7.186707001990791710e+00
1.591237429680487647e+00
4.322565450304444390e+00
1.032703056714673329e+00
4.320086621144215933e+00
1.967476399204224791e+00
1.463259288620719900e+01
8.438084974086699219e+00
2.111213675714104454e+01
8.789380896974664736e+00
2.612386224038814930e+00
4.578007849958109610e+00
6.732658898350864618e+00
1.859580664828432717e+01
5.886242722070606170e+00
4.491928063698680695e+00
4.290570075933460181e+00
4.069471052704778380e+00
6.267633460830104752e+00
1.212008576739310328e+01
2.019098662864269311e+00
2.890493256971930602e+00
3.396779842277740435e+00
5.706078106812540796e+00
8.186714422359649745e+00
1.369756093503379901e+00
1.999669701868021221e+01
1.422875882340647324e+00
5.622912030960440788e+00
1.211062073678633588e+01
4.844313248628186130e+00
1.387157182321956617e+00
1.987420404724312917e+00
1.069067039286101206e+01
1.135619159269854883e+01
2.470370365619586117e+00
7.027230367886052598e+00
1.561794931408200693e+00
6.370883802304633470e+00
7.153756510715303385e+00
1.579460336893461303e+01
2.875135683669399089e+00
1.812406810413257574e+00
3.122560926136377812e+00
7.261594334877227830e+00
8.209024392514983504e+00
1.470752550671869230e+01
4.259778607188607680e+00
