2.549116988001220552e+00
2.710332996438040265e+00
5.429347884168095106e+00
3.391485612153702700e+00
4.121566151548475609e+00
1.549639865368201530e+00
1.495947569211696138e+00
2.650802263980815976e+00
3.231333523925834506e+00
5.586178685717811732e+00
4.512132842340667693e+00
3.127092672600676249e+00
6.074254802749475601e+00
2.811636867142429885e+00
3.325656554509722973e+00
6.722270399768155436e+00
4.453571560835545284e+00
9.144124008832367423e+00
3.646556810633545975e+00
3.548757403657412990e+00
3.251144492794110885e+00
4.663288552866287517e+00
6.667860905547389194e+00
1.019409095791965569e+01
6.132531652823829837e+00
7.014638224465882921e+00
3.795180050246175885e+00
5.023006100004692165e+00
5.851751591857103030e+00
2.996468942687026349e+00
3.931783413122585280e+00
3.061708932328688348e+00
4.141627762145690284e+00
2.259453084652176091e+00
4.400865879346138598e+00
4.674097545504181994e+00
4.469980438560575919e+00
2.603814835529347338e+00
1.065784522314206839e+00
5.931654910040912831e+00
2.358880720755557103e+00
5.081562122216650046e+00
4.741883465002792342e+00
1.657904030931791839e+00
4.060818730752183470e+00
1.859597733062880565e+00
4.838571419310561339e+00
1.091184738062025517e+01
4.987769399903846157e+00
1.832688715456036066e+00
3.814173964988176291e+00
2.966400173298386900e+00
1.522165946198846820e+00
9.776689688793274158e+00
1.625417291976185785e+00
1.586593692514511567e+01
3.621893370933147338e+00
6.933676959898111392e+00
6.656394078009804538e+00
3.999141104413146408e+00
3.843522626049841406e+00
4.611745663557923258e+00
1.545236822496516060e+00
1.784289314686568817e+00
4.943278588041402521e+00
5.224963094350581372e+00
3.192586023834375286e+00
2.411258918320549505e+00
1.498219952911372221e+00
9.853992071668454145e+00
1.398093095225283022e+00
2.842320189680442422e+00
4.729728891856090023e+00
1.014519735898607244e+01
6.773401592477317656e+00
1.434070135192569317e+00
3.781825673817436062e+00
3.234400572341444846e+00
3.233816525075976500e+00
1.425707007898559864e+00
9.252798501786918095e+00
2.271016776243395263e+00
3.907985142955069602e+00
4.296047855189104148e+00
3.410438344943881539e+00
7.932151941876674606e+00
2.886171549926482616e+00
2.439100762866397876e+00
4.759999746446533564e+00
5.722760777855961045e+00
1.992666952282347248e+00
6.778922219481846589e+00
4.619870218590444111e+00
2.427878998391870713e+00
5.073063642335433165e+00
4.876306771438382093e+00
5.450600817437521783e+00
6.716081671511709317e+00
5.991848938263871993e+00
7.967728997170444138e+00
7.041180721621365102e+00
8.834137491711624435e+00
7.433156420014268573e-01
1.128133659599222405e+01
9.140144227099471053e+00
1.422973247376829065e+01
6.841450740045557311e+00
9.704123184493607113e+00
1.527361966008993122e+01
3.266599044322227474e+00
4.146575580028026842e+00
2.557183294369238968e+00
5.596197674788344401e+00
5.713432215785746671e+00
3.948443463631241102e+00
1.393687096679103021e+01
5.244292838932344658e+00
1.986130901421458761e+00
5.523337416528087296e+00
2.427731285557640284e+00
1.614533174967506257e+00
3.279131299199895100e+00
7.333134758938830267e+00
4.894611188511849953e+00
2.513602976810575207e+00
9.760278293297545815e+00
4.733632186936680419e+00
3.597534896186528108e+00
1.332717322579572095e+00
1.101143347845006559e+00
4.240008842094717956e+00
4.948724099089245598e+00
2.199091810856017570e+00
6.480139863034975356e+00
2.842599563063703982e+00
1.328751042170287722e+00
7.364890642973337620e+00
4.230131247628261093e+00
2.470079870766570984e+00
2.219536408603609789e+00
3.525311594923358882e+00
4.381433459736298275e+00
1.804563505331737483e+00
6.899812677106353043e+00
6.318993541892587551e+00
8.806089690821149674e+00
1.568486248078583145e+01
7.633397418334551432e+00
1.596191213416500165e+00
6.970137008471681384e+00
6.477918809617286833e+00
4.548919700446844239e+00
8.044575358169129942e+00
2.896393990266393992e+00
1.519003794018370268e+00
4.527804997808549281e+00
7.094902173268425649e+00
3.902446717438426305e+00
1.037386010975827055e+01
2.931790686405796098e+00
4.388666691450068491e+00
6.131840598128563968e+00
6.542492479565790831e+00
9.186802124784694712e+00
3.630679282103719263e+00
4.574266329185997293e+00
4.750355231318988736e+00
5.907066036561402278e+00
2.237222344664518303e+00
1.111024071862435125e+00
5.793242131363886216e+00
2.572881166061719238e+00
1.779449963168884707e+00
2.335346674811887180e+00
1.586918944541358512e+00
5.110191911656772668e+00
3.816960124609971583e+00
4.959854830609362608e+00
1.497007391236776463e+01
3.068233622774790170e+00
6.115963325304416109e+00
4.110756753601116920e+00
5.042760091434426606e+00
4.949598642582236252e+00
5.020775438983711148e+00
6.500057201310787569e+00
2.841665552957656882e+00
3.083089032883253644e+00
5.872429315101677538e+00
8.066631577628378125e+00
2.417153402701098130e+00
3.037067276196437682e+00
4.125663354820621187e+00
1.448070231931303908e+00
7.242960685050046088e+00
4.784791335203376406e+00
1.202395219789689662e+01
2.649201801367556008e+00
3.182583841596202667e+00
3.692994321594863738e+00
2.737044137279811107e+00
7.794137991258604181e+00
4.599315651449340514e+00
1.635540303769909443e+00
2.320348443192378429e+00
3.215514411644130544e+00
2.452275700337760433e+00
3.448221435519960298e+00
4.325532057411479947e+00
8.897912368578916542e+00
5.184072563558884461e+00
4.462914634991719254e+00
2.274525308250312516e+00
6.016768064972524144e+00
7.452148114589417283e+00
3.002532368640134841e+00
1.856427255782339003e+01
6.392999746578155396e+00
6.859704795389637511e+00
3.918883369862990129e+00
4.584179581959956451e+00
1.773552441609850039e+00
2.690088155557690541e+00
4.662303941304822175e+00
5.257720222193250637e-01
4.479703015422744627e+00
1.306716089503886069e+00
7.935656315983684372e+00
3.161416005470834900e+00
2.750532090515656947e+00
2.378615474794715023e+00
6.261904344739390282e+00
3.115855738718917411e+00
3.867937300831211900e+00
6.689783337605603286e+00
5.663099564215158921e+00
2.484754812707186566e+00
6.789917211972934519e-01
4.813956093451623452e+00
1.621876193874796535e+00
1.924600356100995224e+00
4.995412202926782896e+00
5.018992368867508880e+00
5.788566551801810789e+00
2.365737635761155033e+01
1.131173857904476110e+00
1.895586484293324103e+00
1.760551797604426261e+00
1.770586892686605962e+00
1.016490459337040742e+00
7.738886162086868747e-01
5.526997978096364506e+00
1.840950771000868347e+00
1.360957053776424841e+00
6.492599572733133151e+00
7.738253672847136500e+00
4.388244898642799541e+00
2.190274976483317371e+00
4.375209496410723986e+00
7.301727203969693214e+00
6.392401655053393306e+00
3.685395065332163878e+00
1.251162464003442887e+00
3.218986408783352715e+01
1.426094815475835498e+00
3.926766364959261679e+00
4.189779216523451311e+00
8.285586877803792660e+00
2.681917983514420012e+00
1.074290152405268195e+01
2.375413268201188366e+00
2.092415199033903495e+00
5.871373852737904464e+00
3.279106169927432202e+00
5.582424964207242546e+00
3.452766589726091961e+00
3.089646393353105758e+00
3.935123325228643498e+00
4.450938847585546476e+00
2.956506387275709802e+00
1.358780854519782189e+01
2.489636081287152969e+00
1.422285944544615877e+00
3.628373523557797409e+00
4.243406777032974198e+00
5.442696829590387253e+00
2.451685552280826297e+00
2.592336959789973250e+00
4.569030584630397129e+00
6.615040460081391238e+00
2.978588267787185995e+00
4.757088163914271028e+00
6.532062740426737513e+00
4.637885903990580871e+00
8.244783756279126408e+00
2.436250301854089528e+00
5.768578031790294602e+00
3.115284442928807795e+00
4.140170657797987097e+00
7.372317165731460342e+00
1.200480783060472456e+00
5.932457494599009173e+00
7.466142393603112382e+00
2.571085249695744590e+00
4.992284757199392686e+00
1.788438543028964878e+00
3.680848286053390872e+00
6.555955901512836803e+00
4.914203580642357849e+00
2.335565361254959615e+00
3.555453012748192254e+00
1.673567256273264903e+01
2.954920658357078622e+00
2.421571015151525952e+00
1.262795720509117370e+00
4.050660313289922598e+00
5.003305435165350978e+00
3.001429992974361749e+00
8.755195053155832241e+00
1.729535559985429849e+00
4.209107480280652069e+00
6.060682581551096959e+00
3.048030077026045337e+00
5.888742363418207226e+00
5.302155512374544521e+00
2.732990708893974219e+00
8.298413042242726023e-01
8.574790535704513772e+00
1.389407962228299098e+00
5.159399640623276717e+00
3.841693314936010850e+00
3.046523355630053942e+00
4.819542633454856784e+00
3.680299897042689672e+00
4.282871488534617299e+00
6.052941363889006610e+00
1.345008598611468109e+01
2.233473750405038594e+00
6.497367460059094491e+00
2.735709622813673914e+00
1.770178254520410999e+00
7.262086142749008211e+00
2.683156098201473938e+00
2.901078146550820858e+00
5.869518661300853424e+00
3.044655867214228095e+00
1.837604448149746217e+00
3.641890134131622325e+00
7.559542052815332092e+00
1.302345176810051441e+01
2.201984096564075344e+00
7.467618152449456703e-01
2.542324958758702458e+00
3.896025085209409156e+00
5.850402456893991854e+00
1.233474092631776919e+01
1.737392734624076063e+00
5.353086813539616351e+00
1.190208982833157059e+01
1.254809513201285043e+01
7.025916730880497951e+00
6.970597598247528559e+00
5.315934370387138230e+00
4.039651664188809832e+00
3.608592557222231267e+00
2.451378929997710898e+00
1.312765128156262673e+00
2.648008387843585165e+00
6.426027445692002793e+00
8.006508945543538980e-01
2.183922546728130243e+00
3.387001037940963410e+00
5.531652274477935727e+00
5.099624575969780693e+00
4.858497900915824674e-01
2.096759413528662019e+00
1.349339451748491392e+01
8.988676693392127603e+00
2.273284790646516118e+00
3.941009600364218102e+00
5.876541323773615488e+00
2.758098561094938006e+00
2.553326125668474500e+00
3.140676754765626910e+00
4.674568826953496625e+00
2.425585733763725216e+00
4.789504183170606666e+00
2.203223490806466511e+00
2.326048055192898367e+00
3.034086151233811979e+00
1.527089042868356783e+00
7.081793201085443634e+00
4.512228383270735499e+00
3.904442443662122120e+00
3.926347866091320249e+00
1.690156085538507380e+00
9.126915557931473799e+00
4.752938493595658009e+00
2.544837774897519722e+00
2.181061270679553132e+00
4.505622303950876706e+00
2.553210720542245404e+00
5.127948418366855776e+00
3.143313334266786274e+00
4.748619888123449151e+00
6.130892883961356787e+00
5.037099377943865974e+00
6.856837672020961172e+00
1.537422751039833635e+01
5.692930990780538103e+00
9.677224387052206112e+00
1.175050513079935577e+00
2.841062051803359800e+00
1.304399174799767636e+00
2.274010414385269296e+00
3.772634344619876678e+00
5.931516421991172017e+00
1.753570316321310996e+00
2.978853528603158551e+00
2.898740199622475977e+00
4.113361373363986218e+00
2.278045222883701815e+00
9.071864980319265470e+00
2.802358343422037823e+00
2.508706928413900172e+01
2.213141673080291305e+00
8.191354810515012019e+00
2.776318580771629296e+00
3.926018235027426861e+00
3.277216275913783949e+00
3.109184531793270256e+00
3.597690168223475204e+00
3.572120368324005479e+00
6.818483196262633328e+00
8.066126942191878868e+00
6.676829416005451101e+00
4.864016977177088030e+00
1.303189670408850143e+00
5.648186028155772753e+00
5.488516349277092310e+00
9.603153914958239667e+00
3.474407861229189987e+00
3.276613339742751485e+00
2.660621930616008601e+00
3.057653287713894663e+00
1.911932864341866711e+00
2.791853837755123635e+00
2.225943581184695486e+00
6.806388088096708699e+00
2.810997955392720904e+00
1.863765320050080776e+00
2.436340178072594842e+00
4.846441280594040890e+00
4.013167177915881290e+00
4.048998368434876483e+00
6.792261597352786673e+00
9.847078958192097886e+00
4.122821056036388931e+00
3.527078076171407339e+00
9.862866313260221673e+00
2.333870860147671866e+00
4.485692381425035791e+00
5.263628481860300745e+00
5.536989740951068661e+00
4.579298150139621271e+00
3.212864412076435805e+00
3.521982678421116120e+00
3.807128191165194409e+00
3.534896352563104305e+00
1.643995257875738414e+00
1.893940346176265610e+00
4.690709719669710509e+00
2.233521332561648087e+00
6.526650497108882121e+00
1.313543889198724379e+01
2.083538853590433781e+00
7.058919301007021474e+00
2.532238143929646412e+00
3.323955378497865265e+00
5.089641361970512534e+00
4.010037628309527591e+00
3.005098328436325517e+00
5.488811091963420985e+00
6.549600645903827179e+00
3.449933784437495543e+00
2.939748485625767405e+00
5.764218414985266215e+00
2.331201931364621505e+00
7.100887573042596657e+00
6.481160727947869127e+00
6.295013487723517542e+00
5.525398213561557803e+00
6.811889429828434039e+00
4.797816567936369125e+00
6.561660053511844559e+00
4.527752591633449342e+00
5.724957154004145288e+00
4.426065199160821528e+00
8.890560323771815376e+00
1.599828208206459212e+00
