1.806026534219272861e+01
1.198700791523100273e+00
6.432156373333204336e+00
1.349344080689903080e+01
2.080168973878002703e+01
7.892049747284791472e+00
1.109679372380730200e+01
3.023395389627017149e+00
2.132611007723799190e+00
4.051595482099056511e+00
4.142981012261770957e+00
1.713692426220325515e+01
6.909287620725346635e+00
1.459852134059842710e+00
1.131077948181225779e+01
1.777831326811395130e+01
8.580163261787442153e+00
1.016773146592178989e+01
2.374286511190830673e+00
1.588901594872601963e+00
1.243011526414923118e+01
2.110351278822339793e+01
1.104571460303243846e+01
1.385863789957824821e+01
3.443605542782203344e+01
3.665840978808809325e+00
2.301577516234208254e+00
1.113323963889533808e+01
3.693042170086485498e+01
7.588323743353834194e-01
5.034667515199319432e+00
3.367665346963884421e+00
4.483791434162404776e+00
5.674728734410779296e+00
1.007514336839151348e+01
4.011904951713646916e+00
2.165445827106992382e+01
2.659887689910919661e+01
8.577166442893557896e-01
1.765627302063458970e+01
1.758997531704233808e+01
6.518690386381758017e+00
5.492600669186132656e+00
1.240237881288780430e+00
4.837367881441026896e+01
7.163678662176899969e+00
4.193520917170767248e+00
2.039829499297349713e+01
4.942582559516161922e+01
2.823730790737838614e+00
7.215684857890385828e+00
6.166606136939132732e+00
2.843469763724857380e+00
9.418097756817859434e+00
3.952638322334056209e+00
6.137109320585336647e+00
3.444052392732768908e+01
5.372915784527055649e+00
3.713696506144627651e+00
6.616312202925433539e+00
1.880031114328381037e+01
2.465441497410992966e+01
6.874521694485672185e+01
1.465220990644180787e+01
9.450534823566481890e+00
3.894323123129281305e-01
1.826464370209033206e+01
2.685838411954116101e+00
1.269327720690631089e+01
2.048904552109618749e+00
1.094734388596564578e+01
5.301449942010942884e-01
8.245649344898057009e+00
9.548226788443209045e+00
3.487645001997018657e+00
1.428173803413555021e+01
8.018619398648640484e+00
9.738868923690642276e+00
9.135587437210523021e+00
3.499397341571623965e+00
3.314059451157783087e+01
9.147986504642675598e+00
3.893743885344694622e+00
3.626517294519451440e+01
6.742671952530640000e-01
3.577167064985819422e+01
3.425104632458169363e+01
1.485236741784513548e+01
2.994275500977468862e+00
3.988011012938729838e+00
2.105738001038857377e+01
1.413453495584067854e+00
9.775554191169938179e+00
3.255482450425256502e+01
7.537521649625185560e+00
2.744469037220251906e+01
1.303910195743312350e+00
2.139853107448017511e+01
5.974313968821959087e+00
2.062418097015655594e+00
9.557589315222497106e+00
6.667181405544978290e+00
7.780268815636244284e-01
2.308891148134119575e+01
6.568796892581538316e+00
1.796126111839503992e+01
4.377623728423886007e+01
1.480139335324908068e+01
3.862507882758694944e+00
9.984024691941305818e+00
1.608031301000567348e+00
4.278488094975451794e+00
4.829203487080103052e+00
2.712358906906912726e+00
1.092178753269749514e+01
4.659804720974322079e-01
1.048105195048950300e+01
8.027021016219720195e+00
1.904500708761243644e+01
3.604202614831545137e+00
2.464066767246544387e+00
6.263118251192450359e+00
1.032929955672424072e+01
5.937984742254927006e+00
1.262690243795670852e+01
2.173702008649532225e+00
2.091016123732109655e+00
2.396170008570999599e+00
4.613816539656701821e+01
2.756580420635099227e+00
1.191935723787842960e+00
1.932441161487389891e+01
9.832579365572991392e+00
1.395921882150819648e+01
2.515312601980851603e+00
7.557328608994495767e+00
6.094802092717355180e-01
1.336539166637631659e+01
2.836504031146443339e+01
3.370654573977773794e+01
5.682650837445674341e+00
4.018547314298145068e+01
1.146646930177931623e+01
5.586619864717376061e+01
8.980810682746891871e+00
2.938556195576151442e+00
5.512890552725528970e+00
1.739426724087775655e+00
6.074558129074019597e+00
1.342088105326168090e+01
1.748251015573876543e+01
3.220622935790954156e+00
8.685687636694362368e+01
1.934390555158042035e+00
6.428084373337447310e+00
1.823319700361147433e+00
1.388055155757228576e+01
6.623151220043911991e+00
1.212500059953324438e+01
2.036875264306314648e+01
2.968669389485509402e+00
2.076850722791888515e+01
4.389007558634365758e+00
2.780085568396253848e+01
7.868829527421331349e+00
2.815997442688923158e+01
2.386864572289848052e+00
2.061484094887249796e+01
1.118364709382992705e+00
2.989452785120836342e+00
1.808919957323455563e+00
8.939945319181463290e+00
3.424951335898754667e+00
3.986253982847532740e+00
3.358403697592118320e+00
1.669308310569864773e+01
5.412280285510664868e+00
1.311100785204401875e+00
3.239790923844625414e+00
3.846350654835660077e+00
1.409612946467236583e+01
1.302573644695583788e+01
4.271843421174250643e+00
2.032818842124743952e+00
8.788688570110042564e-01
1.513738076800279053e+00
1.236323596358666288e+00
1.740723059473579681e+01
7.519939245971502650e+00
3.127638192046338972e+00
2.275896518578502707e+02
5.365517248885884527e+01
1.336532261234964913e+01
5.770423519141538726e-01
1.557826082224217501e+01
2.046493851881854198e+01
1.647690085906287738e+00
1.678307158365378626e+01
3.707759408843675164e+00
2.950314945599211480e+00
2.447095955606382844e+01
2.116822141345323427e+00
4.165577152508530112e+00
2.708133192794342392e+01
7.448864385622483653e+00
2.767796158115919614e+00
9.286989616683552384e+00
2.211972693236004162e+01
1.358309794647162505e+00
7.843562339458816979e+00
2.012244707380364872e+00
1.341915110754520590e+01
2.813342828677665164e+00
7.091388719296655374e+00
5.282864929782053309e+01
7.082433797640207196e+00
4.851290979931785152e+00
3.047110721131689015e+00
3.756144017389786427e+01
1.092722437152141879e+02
3.322749392778595023e+01
6.751066679184196673e+00
1.075799750719535197e+01
6.244773540995470995e+00
3.565891478677966298e+00
1.875854596974388500e+00
9.972741083278547691e+00
1.602861256423022667e+02
9.235151104209567308e+00
2.848230202966988145e+01
8.899427173320940909e+00
1.934499190576534744e+00
8.965873941577688910e+00
1.133894049600147014e+01
1.233137636958991923e+00
3.761759892640137881e+00
2.598332445084287290e+00
6.736631995633064918e+00
3.320935519319523355e+00
8.067595270740131497e+00
6.863945098428017388e+01
9.146977883551453914e+00
4.939296815378003025e+00
2.250179834841347315e+00
2.195435251552760292e+01
4.820878321645598419e+01
5.762727832396417504e+00
8.239619729038175633e-01
1.122267790512745611e+00
9.358852456251010921e+00
2.289040030829983419e+00
8.973769978601598973e-01
7.201304205028864480e+00
8.590775764459190000e+00
7.954206880342989727e+00
1.094138917940033906e+01
2.139146666088646231e+00
8.905164188061885255e+00
6.599286873711664114e+00
1.701937203217250527e+01
2.063614075873551101e+01
3.822583901657809147e+00
1.086125396791683073e+01
8.226637591264616134e+00
2.646033585938822696e+01
8.701756339100645832e+00
2.493253088166695886e+00
1.304012305470439337e+01
3.783365476430565977e+00
2.396389989947614296e+01
1.246629836640263633e+01
1.530059193057785016e+01
5.570577465376997495e+00
7.596581037489889887e+00
1.967467283556828406e+01
9.168709369677502607e+00
1.554571804519290446e+00
6.155621033122505636e+00
3.220196027310858966e+00
1.011050081851217897e+01
1.270282133443183525e+00
4.630262898385426240e+01
5.367677755090531377e+01
5.229366864394525471e+00
2.826656449515017044e+00
7.511489812426450641e+00
3.431202642105611655e+00
3.735486030393420087e+00
1.788948835175167229e+00
4.640146246557380061e-01
3.565509330352104378e+00
2.162382809762964442e+01
1.890925332307872253e+01
6.289844399038535094e+00
2.927397402559620332e+00
1.640192013396599702e+00
2.047614132601988768e+00
1.092379489455549901e+01
5.401045135376916662e+00
8.358770937841033088e+00
1.238801693882680333e+01
1.034484614908724076e+01
2.186943017044820436e+01
1.183217127382827272e+01
8.833690349258251473e+00
8.458556144796107290e+00
7.403422714420804240e+00
1.926443658418781624e+01
9.597144726661133163e+00
3.347395275106856527e+00
1.445661895821993337e+00
1.740300521906156250e+00
5.119941648116637545e+00
1.930206923134754859e+01
9.989088397437848599e+00
2.701007343454262966e+00
7.451243443040958425e+00
1.240015360799087807e+00
3.137863020321459917e+00
3.197345306916929086e+00
2.665804491074358396e+01
7.862425158718044038e+00
2.974495352037699547e+00
2.619898520573446632e+01
2.170672581912060650e+01
5.192002539695332430e+00
4.283228086187598649e+00
2.811769762413082319e+01
6.481736304944399230e+00
2.249278821457295763e+01
2.905128157595118665e+00
4.198091455753844237e+00
1.635655505322154823e+01
5.504580097243803749e+01
1.953532690470854316e+00
4.981092307355291737e+00
5.665483346580233892e+00
2.759139449989175930e+00
2.423871892802679007e+00
1.064406938256390944e+01
7.719671498197316239e+00
5.969534535204165770e+00
1.796177373953645073e+00
1.070148368011769158e+01
6.160941370484771085e+00
2.147737841829948646e+00
3.371008425824138843e+00
1.501773133403578653e+00
6.800394909951354094e+00
7.384775691788740382e+00
9.328825603248297682e+01
5.152013685417163202e+00
3.003433335102953627e+00
8.394721329167657231e+00
2.337929237574417840e+00
1.731755298200220494e+01
4.501049763133029735e+00
8.211331651767636686e+00
1.187476067927114132e+00
1.207530713365538233e+01
2.468460740278766608e+00
7.798851243990779558e+00
4.987150722065940123e+00
4.093974490675660860e+01
3.978253634156281304e+00
1.750537161532547570e+00
5.178756093752274836e+01
1.687012268704503937e+00
2.406337829287522112e+01
4.014302444788877544e+00
9.097669823825786040e+00
2.087207385139579330e+01
1.173767689518905044e+01
3.126702431704467156e+00
5.525015847847856598e+00
9.794959481510158383e+00
2.596578492406548921e+00
1.303474098424254990e+00
2.519876794771293405e+01
4.730839173496171668e+00
4.708333525530093766e+00
2.092795928691001706e+01
7.240223649360022762e+01
1.318345924833598914e+01
2.784194411092477672e+00
9.778781940107067472e-01
3.161990065141170092e+00
1.035926467206856438e+00
1.412409734655612592e+00
2.922533863569714185e+01
4.500327715118838512e+01
9.424583172634076078e+00
2.696175655910070468e+00
1.886381615948543367e+00
5.576174474453369889e+00
2.287139396268274183e+01
4.597845933094822257e+00
5.584489533750511825e+00
2.787511334881168779e+01
6.336144948793015708e+00
8.403365194267349736e+00
9.399985933698731699e+00
5.188673707465369489e+01
5.815831178613086294e+00
9.573312238889833736e+00
3.241222001252427543e+00
8.077788739474531354e+00
1.123685876783892468e+01
1.754455887701397598e+00
4.859128272173767193e+00
4.265280784663681857e+01
5.459288356373236617e+00
4.771692706796078376e+00
4.440729070843357995e+00
4.122356118770193589e+00
2.460971315626491407e+00
1.934462002943395875e+00
2.430985651058640507e+00
4.458464586137258934e+00
1.326329022007621106e+01
4.465390116328156189e+00
2.899677243125694659e+01
1.543025612010098468e+00
3.521565599453500894e+00
2.869445453373776544e+00
6.271755005926082482e+00
2.186579164996655056e+00
2.092180977615959225e+00
1.083134786567117303e+01
2.497190995819913439e+01
3.271951805381521439e+01
1.598005326937368853e+00
1.425772377294177495e+01
1.506515579208398847e+01
1.074997698196274420e+01
2.289094362380726277e+00
2.508562400387344127e+01
6.266662247924636553e+00
1.218160241113486641e+01
7.332405074548186796e+00
1.159838042302606453e+01
8.866347439633038618e+00
4.699368353527821007e+00
2.576831317137949107e+00
5.007865843924498961e+00
1.170261604116777709e+00
2.374968226943347105e+01
9.562650504293024767e+00
2.030532367808274330e+01
1.088507095749140419e+01
4.845758989699902042e-01
4.972308239855725454e+00
2.105275703466608306e+00
2.019174112334354732e+01
1.368315326562039758e+01
4.820799783969899721e+00
2.609916475802824465e+01
2.783987082279260061e+00
4.306065680201920820e+00
8.331522193930872788e+00
5.945888458887654338e+01
1.591893375378359954e+00
2.963244753005775944e+00
3.474962174708547735e+00
4.466334660453971650e-01
1.182777305134636592e+01
1.106711598232954508e+01
1.163073219720523532e+01
2.910969361928457744e+01
8.209186944220659754e+00
2.141346649058057139e+01
1.986058330135553263e+01
3.194464740989590990e+00
1.003148144303177425e+01
4.452447095913055541e+00
6.371082727463758033e+00
3.154770745014771283e+00
2.180074448288189082e+00
1.125916913025349508e+01
5.565491729349089312e+00
4.780129611844015081e+00
5.497417203150122944e+00
1.193206921999524184e+01
4.570228936317809243e+00
5.747716670401673333e+00
9.735790549481764700e+00
1.898911478101582517e+01
6.892437161361707254e+00
1.107718012243935846e+01
3.122032074158251014e+00
8.461568428622554450e+01
4.909870529875198564e+00
2.163011292188712353e+00
7.809387383867351318e+00
8.491959162630175584e+00
1.345472056079188583e+01
4.274980649589672943e+00
2.008617688571995075e+00
1.390780645829398487e+01
9.934883998381440762e+00
