2.433742854933975686e+00
1.109609223409622203e+01
6.685438288837874055e+00
1.001744563235069307e+01
5.205536919745430424e+00
5.093620885480373950e+00
1.333207585801380191e+01
5.602281787323891926e+00
1.286529239400745261e+01
1.598681595967771596e+00
3.614561674926163537e+00
1.834368782791394148e+00
1.522508255789893461e+00
4.840406711764956960e+00
1.013867505096988975e+00
6.733011130025967184e+00
1.614292248921612272e+00
4.690803821687699049e+00
8.313154072238985393e+00
1.177259294980456517e+01
2.417466949740650684e+00
1.072089426833387549e+01
6.453115560906679704e+00
1.517733379274561312e+00
2.615175868440354545e+00
2.689027471721708640e+00
4.439837946004128177e+00
1.871114610906639664e+00
2.426074582629987209e+00
4.441475213045881776e-01
8.160827641411987798e+00
5.079511284943769134e+00
5.234056350527554358e+00
6.338477345792738582e+00
3.971555990783740331e+00
1.029301109583876794e+01
8.619160694143138457e+00
1.056584508531623223e+00
7.992731823461848073e+00
6.706020402560173288e+00
9.226964940608811006e+00
3.480166975271999696e+00
1.178642174294390443e+00
5.938814407504868775e+00
8.035516925886884820e+00
2.315503347834680703e+00
2.709504128680439106e+00
1.295657044295313653e+01
1.093801195389418979e+01
1.087000251499476988e+01
9.231084874949042174e+00
1.920510271237952926e+00
9.327645560778968559e+00
4.198885084620950003e+00
2.319498073363484014e+00
8.572146159506567997e+00
5.502596092237732606e+00
7.451541415972934068e+00
2.832605275122290323e+00
3.354607176220444131e+00
4.695147365231967740e+00
6.167274748632687320e+00
6.736541901100007834e+00
8.234774956062342000e+00
5.534153554287481569e+00
6.070357080509213077e+00
1.350958451747840705e+01
1.390046771340267107e+01
3.892997998699800899e+00
1.403753009842773736e+01
3.150895205559038903e+00
2.893978348212468354e+00
2.480254536490315687e+00
5.268980578442640450e+00
4.018413526218659548e+00
4.274898207648884174e+00
3.445825245945547177e+00
1.244478159672607998e+00
8.373268156525854877e+00
5.511005629385972604e+00
4.620772034096762404e+00
1.864832446100183727e+00
7.032280094868744058e+00
4.968636312704163061e+00
4.911266036541959146e+00
1.660727174766135406e+00
1.405834735691543491e+00
7.549047298723481347e+00
8.628843421906424282e+00
4.473417033650576080e+00
5.501545739932372392e+00
2.655932358589048636e+00
5.250609621491768131e+00
5.362323666757548679e+00
5.451073631431085253e+00
1.066180014566536194e+01
2.764992618374267686e+00
2.444006535047491990e+00
6.607699998050505563e+00
3.492720743429620800e+00
1.109278543015848717e+00
5.257046982548452263e+00
7.315875159864651422e+00
1.146081911314590052e+01
1.845583640406183612e+00
7.902481512131751096e+00
3.159206723353516821e+00
1.805734805457732461e+00
2.250558889726003819e+00
5.408361517313892364e+00
7.928085656095309908e+00
2.597228004574179572e+00
1.780670096070246444e+01
7.189762060601431415e+00
5.620338457423452283e+00
5.381643767889944030e+00
5.327777096452799732e+00
8.451495299827985974e+00
2.126868495931872438e+00
1.422818551432942513e+01
5.914952864226261653e-01
6.315910997420275397e-01
4.319925692214819257e+00
1.397774469155006649e+01
5.187585311045665115e+00
2.686489632392315752e+00
6.859512534675928030e+00
1.505305724084636809e+00
7.291198274725855022e+00
5.953440328017640226e+00
5.631594847265733783e+00
4.226155960311725579e+00
8.632820542501656647e+00
1.723966929101148438e+01
6.927066200155054254e+00
3.955879586514187807e+00
6.064697662559718871e+00
2.989339231506793926e+00
6.698858344024762879e+00
2.090314511716497492e+01
1.699259629924507919e+01
5.052218291451669785e+00
5.054197641875934899e+00
2.802428406424509788e+01
2.619261435901174107e+00
2.067662791112782728e+00
4.518481948359819533e+00
9.705905471859960443e+00
7.285822699136471847e+00
2.300711191534445632e+01
5.613595756168252571e+00
3.798311398871360711e-01
2.013161574035774226e+00
4.977105339314341848e+00
1.219135615729969091e+00
1.678504368486772425e+00
8.675946099338033290e-01
5.778929062953443108e+00
1.293238211577805163e+00
4.493140760517140286e+00
3.602632653793505391e+00
1.163883224409550188e+01
1.733920001338693240e+01
1.129286097723386106e+01
1.446792189135610052e+01
5.597405601543147924e+00
1.149494686606011840e+01
1.375078770243100834e+01
5.086305279645523925e+00
2.170850578405624276e+01
1.827935932846089573e+00
5.021612194119504657e+00
2.258803945770579968e+00
2.986510340803837149e+00
7.619684164825539341e+00
1.694420412029294454e+01
5.442090292652892458e+00
6.313261187907650118e+00
9.380625665454671136e+00
4.140430376625141129e+00
2.079088476783751194e+00
1.725792738305053753e+00
1.009772229660854492e+01
5.399826104415936356e+00
2.417430358305618920e+00
3.682664581767657541e+00
2.891829859849606166e+00
4.316881629056380376e+01
2.723939411676770561e+00
4.371273812482754373e+00
1.022626699730800581e+01
2.012660808389671985e+01
1.158212686684828263e+01
2.120362462780216894e+00
3.463040872545626314e+00
6.437197580424597554e+00
5.510739756580441018e+00
1.160491816614769256e+01
4.200145279816623223e+00
3.095041444931693864e+00
6.858786367591136468e+00
3.400416545485588138e+00
3.287027354263550638e+00
9.657802306107028389e-01
4.994567544191014896e+00
2.521003999220979175e+00
6.037191141329627087e+00
3.865952177557687275e+00
2.764615228027460958e+00
6.799389180325797533e+00
7.623136465198449230e+00
6.955662246122432002e+00
1.221914307922135379e+01
2.162731209212638284e+00
4.927230678576123069e+00
1.373902744054636083e+00
6.673283970764781969e+00
1.191946506320930688e+01
1.228099909321997174e+01
3.586561238704788046e+00
8.996308206947141173e+00
1.247809652766135535e+00
3.996304020670355062e+00
5.020087406388459073e+00
3.100660864850621756e+00
3.778795191798651754e+00
4.751470606252635953e+00
2.468331929208160691e+00
3.450943029885277902e+00
3.308767710338696766e+00
3.756707338223982617e+00
3.037408673669087289e+00
3.216136551532392751e+00
2.350374462271595188e+00
1.801747048048472521e+01
4.319509182875049369e+00
7.963412272693881633e+00
3.050475876431297362e+00
6.126016372983952962e+00
1.572043304907764849e+01
1.068001894233647064e+01
6.015149294887760512e+00
2.896034021218466759e+00
6.511697636194714534e+00
2.440595967792568377e+00
1.645456907076208175e+00
1.743972171678539240e+01
1.517700048119750811e+01
1.097070829644261636e+01
7.802408194578966061e+00
4.066621532541199180e+00
8.141713733940806108e+00
1.174833780903555613e+01
9.749777788229396780e-01
7.428919104857631517e+00
2.486756737097612202e+01
2.070402499958686970e+00
2.009147005464686941e+00
8.879505973999870516e-01
6.712300327978264924e+00
1.276792508798486558e+01
7.226567257774860309e+00
4.898861129231101508e+00
2.124207457967495216e+00
1.069013698826925030e+01
9.763444589559041376e+00
1.702419182701775391e+00
3.444409267195837288e+00
4.314163211277709742e+00
9.225587172506060085e+00
4.198091695859166350e+01
7.857337539164662488e+00
4.118540400906706367e+00
2.369374857567640991e+00
8.384701050700289926e+00
5.905895746728583307e-01
3.763816997012110033e+00
1.156387561193559321e+01
1.174845112351605714e+01
1.846675602472750644e+00
5.577521700362928492e+00
1.666034389752333311e+01
7.803489111218201657e+00
3.271129212701681777e+00
5.090672873918409280e+00
3.165541298399406234e+00
1.594220054691049171e+01
3.272504631963992772e+00
3.900552673011941085e+00
6.912108827629424468e+00
7.700151554131942966e+00
1.601606137074947700e+00
4.099744223095599160e+00
6.575797358102488666e+00
6.420960402266004508e+00
5.154899809728892279e+00
1.227601095223618799e+01
5.532126475082491446e+00
1.358572188967491545e+00
1.882194218414204645e+00
2.752924453335968469e+00
1.365273802734201514e+00
2.388414120529455431e+01
4.772999052891282901e+00
2.681335599795757574e+01
2.374444947096325809e+00
7.455725890571942571e+00
1.443732840603993672e+01
2.104715030849833912e+00
2.938321633794282572e+00
1.172925683416160103e+00
1.293040057059700310e+01
1.396203031308884235e+01
1.195535485382324303e+01
1.351258024776782385e+01
8.995811220535015806e+00
6.958307450031612440e+00
6.674500929195719579e+00
3.381208617007953166e+00
1.211161587382210669e+01
9.485482128191051743e+00
1.119497862266928045e+00
5.420082204076264176e+00
2.339712224565636323e+00
4.118869635108360683e+00
1.288195789493622279e+01
4.400039066605287097e+00
4.868843342559140197e+00
4.067067625716898505e+00
5.501551395363565966e+00
3.549569382301426934e+00
4.707166740151897066e+00
1.954471638187923466e+00
1.279471437140390577e+01
8.189593450843323907e+00
1.058441045590915763e+01
1.591295337689805223e+01
3.915816960523013535e+00
2.118854376735671785e+00
1.022389080287403473e+01
4.304244359299331357e+00
1.241904274888798021e+01
5.757797883152758089e+00
1.271874405701695210e+01
1.333543047445901353e+00
4.678810296569550609e+00
2.052417250857766273e+00
5.144625329680632575e+00
9.168502162121351162e+00
6.843363756124949404e+00
1.000595257055326393e+01
7.209608062221263047e+00
4.476968660949336432e+00
3.472353872262505803e+00
2.048371918586393559e+00
3.197257554841250737e+00
3.219693649381301537e+00
1.591001164386267241e+01
1.269208578751256766e+01
9.069884653989376488e+00
1.197039217068882877e+01
1.065901243289243183e+00
1.306683355157531201e+00
3.260462610084101431e+00
1.078506774357006570e+01
1.783146657468903218e+00
5.673681226834478508e+00
6.742019911556739409e+00
1.597705170421410248e+00
3.783935162095017013e+00
5.002561083005849341e+00
6.985474131194151504e+00
2.456635534635130291e+00
2.049074516721225425e+00
1.662293146953454759e+00
3.611328385440530031e+00
5.877085624399479791e+00
1.289257440738885707e+00
2.019212216162080242e+00
3.638942372619029975e+00
1.879508171345309009e+00
5.078511924493702701e+00
2.247022646534093582e+01
8.438934514559386812e+00
2.400287074292838163e+00
3.101294026864828357e+00
1.282254269976903505e+00
1.501086428827317354e+00
2.317294317281118410e+01
2.774166103701360520e+00
4.442963965616540278e+00
3.263785414930175044e+00
2.921415613037215309e+00
6.995212380754812997e+00
3.524967109830997813e+00
6.862037538291545502e+00
2.910511278139160662e+00
7.028032184402292160e+00
3.251959232336284700e+00
6.763112793317027638e+00
8.948203413774045600e+00
6.801468724979171654e+00
3.655367761577508645e+00
5.102133318322891853e+00
9.847028943067433815e+00
1.584050779017408761e+00
8.483227662574841510e-01
2.019914177900067997e+01
1.792347129340369882e+00
4.367972736356358965e+00
2.523798940348416231e+00
4.805825525149661104e+00
3.105756807101929251e+00
5.758204447658312297e+00
5.150305617525430257e+00
5.912635491987475511e+00
2.052041952407762881e+00
1.688119110107327847e+00
2.766665214014143892e+00
7.881314440149989053e+00
5.708393791906306802e+00
4.682708191257935582e+00
7.102108228914554289e+00
1.595209374984151163e+00
1.501684040612422244e+01
6.260514286292091946e+00
3.323649158745983545e+00
1.108108259637626603e+01
2.718907047838917013e+00
9.278672682837291186e-01
3.267469841583440004e+00
1.558348871784385992e+01
1.872014329892568441e+00
1.912110611344027689e+01
8.081162832535479623e+00
1.896638857334671968e+01
7.502033128671818929e+00
7.228192695817017288e+00
7.416420866917811772e+00
1.344548280547114594e+01
9.746278635635592380e-01
1.550335875900742399e+00
1.585131970500785137e+01
7.650480245075166330e+00
1.491093592087667341e+00
4.886822426204447289e+00
4.788091688016820946e+00
4.016794561427779797e+00
2.427481742121413433e+00
1.757646107934873969e+00
1.403075258977919582e+01
3.346319551998427677e+00
8.352747449479709374e+00
6.829524917321144528e+00
3.741868902207369896e+00
4.079262647290926580e+00
2.219336849208860318e+00
6.341664436249110359e+00
5.956772259316342577e+00
3.407078156112131939e+00
1.329437677621016833e+00
3.236741120449554199e+00
6.658241534578171361e+00
3.010801218190426098e+01
3.134091354050866585e+00
3.212134252015593994e+00
3.913747667968182853e+00
7.189117283892766386e-01
7.032154556992501249e+00
3.552583431761627253e+01
6.460089400682365479e+00
7.831755084892887631e+00
2.426570555698016385e+00
1.798408654744435964e+01
2.364270464586146314e+00
9.646675040348961616e+00
1.697058508902397289e+00
2.826128507406898471e+00
9.467551596015971738e-01
5.862938967602987717e+00
7.105795154335426744e+00
1.643470353790388927e+01
1.703654846186460459e+00
8.659776351698340591e+00
2.240494935659226883e+01
3.760103234835022512e+00
7.107067189285440456e+00
2.390039193595625111e+00
4.066067228545701795e+00
1.041357561615670724e+00
1.016573821716331061e+01
4.964975474806249678e-01
3.242366559866115239e+01
3.215703842712949623e+00
6.433767847487740887e+00
1.815947814280683659e+01
1.625433355311840078e+00
6.491781113635362033e+00
5.036349232465311410e+00
5.272950670928874928e+00
