3.078817753375640898e+00
3.528529704207530759e+00
7.960113989285742875e+00
4.279154348527038110e+01
3.918488443140784483e+00
5.279668232486844914e+00
3.635957597355820692e+00
5.396208041702432290e+00
8.537520890895805792e+00
6.738443581443413599e+00
4.232578303531687069e+00
3.303338128740515578e-01
5.164817572438293869e-01
5.007226191045401897e+00
2.395731142705488814e+00
2.121102469900601140e+00
7.770961778999947889e+00
3.685899219670094151e+00
3.144238281885398667e+00
7.943493071636786418e+00
3.833627966328513992e+01
1.562496987267033788e+01
8.246488120245743403e+00
1.500703683375200725e+01
3.396652751884905008e+00
7.870445169349284065e+00
3.793789214138649157e+01
1.950953105484077810e+01
1.430021549182770535e+01
2.757630915571774466e+01
5.385913700852430708e+00
4.473013052471777051e+00
5.834884951638129280e+01
1.525958101479925766e+01
4.272167342517089850e+00
8.918306955792814961e+00
8.476091087485091435e+00
2.492283327308072671e+00
8.831793214337844589e+00
2.875114204196293599e+00
1.866273299177553247e+00
3.003017203538327351e+01
2.288589112947801318e+00
8.885551241032866088e+00
3.492096380401754074e-01
2.644005064718115694e+00
3.686575985784671605e+00
7.465076564601988984e+00
4.455165547799841086e+00
1.661505350310291718e+01
4.163731491090183923e+00
1.276658586056309019e+01
1.238381092649626254e+02
4.696527366640445678e+00
5.684252963505209699e+00
2.917112834542712196e+00
6.279379739386393311e+01
7.525128613446339543e+00
1.170880099075235847e+01
1.620200630893232585e+01
1.466550806229016501e+01
4.325311975664006603e+00
1.380784254635069885e+01
3.106122318053789400e+01
1.154292541171455078e+01
8.224638127067876781e+00
3.193308033473237550e+00
2.254764263606154273e+01
8.717442387532530645e+00
6.835512060750980368e+01
2.872098725919421014e+01
1.677838164201811466e+01
3.063578778575316797e+00
2.927859825104343283e+00
8.945712536076330323e+00
3.694636069352879471e+00
2.244278782950562245e+01
1.070302772650651058e+01
6.353058626253602625e-01
2.741777786977364517e+00
2.474663479296109259e+01
3.700337906200834137e+00
9.039577140166400682e+00
2.359848619934559011e+01
2.510830511990978398e+00
1.077463765443027377e+01
7.057858057806433827e+00
3.207957097408330238e+00
2.315549638152608836e+00
8.173565595156260244e+00
7.764071526556998393e+00
8.808128924287133898e+00
1.068951555923331798e+00
7.304450688984094775e+00
1.354649117785694479e+01
1.199889473776259585e+01
6.199059802868989166e+00
1.820876761130695698e+01
3.813623919965227316e+00
3.304882467492857856e+00
1.918397376522303910e+00
3.356977281823276815e+00
3.170206837169542169e+01
1.589966677260195560e+01
1.117548119688593999e+01
2.942659413738795582e+00
2.831308101536563093e+00
1.521821247048982029e+00
4.086346434786472415e+00
1.080130013328851035e+01
1.265090681062852127e+02
1.716646584895555439e+00
5.476995341364110814e+00
4.586778241754265295e+00
1.064810875593778183e+00
1.240530544098680688e+00
1.202228797863352128e+00
9.612622926917435251e+00
3.410148161789098964e+01
8.546427895022702392e-01
7.556134504555168441e+00
7.605799164047001959e+00
1.870983628330193937e+00
7.217875384891605073e+00
7.740482643192842183e+00
9.631777942884921728e+00
4.465070853687231889e+00
1.115149151265754757e+00
9.351019175612163892e+00
2.106415831834054675e+00
1.143393316267077431e+01
3.673931672160103545e+01
6.608181112868988905e+00
1.550871451961773495e+01
1.843074981674071111e+01
2.772892807924660374e+01
2.294076518694961653e+00
4.120411042221833853e+00
1.045157048587137982e+00
7.134790983745795678e+00
6.273393979545133448e+00
9.314074115967956757e+00
8.354609920565911452e+00
7.675258338035460426e+00
3.748731685661179114e+01
1.148593810613112787e+01
2.528133711372931103e+01
1.957737440853376532e+00
2.488606153783707864e+00
2.332897906494906248e+00
4.765785184384307982e+00
1.351385881339772332e+01
1.682409608979054738e+01
1.370793295573037796e+01
2.067090281599034629e+00
1.840841038771004134e+00
1.243011395989778656e+01
7.712789393698350260e+00
4.620573946082791039e+00
2.480512553079314486e+01
1.854132261278843075e+01
3.546177244520539951e+00
3.840999838983841119e+00
7.154938123253761439e+00
1.229682128182337486e+01
2.052563802914669466e+01
1.818032557607945421e+01
4.763383357866791457e+00
4.173665821656856956e+00
2.003304310758537099e+01
6.224037801983275386e+00
8.500982697127346555e+00
8.902794243505567806e+00
2.015301564616528296e+01
2.448715662872284149e+00
4.621268140348447417e+01
1.582257936111745344e+01
1.122142710270940924e+01
4.070704516168098586e+00
1.652186193292664029e+01
5.870215847659896014e+00
8.017348818311395675e+00
5.427047089356685561e+00
3.700656856022568775e+01
5.293044225496680966e+00
3.503625500872224130e+00
6.547154759819311387e+00
5.120032495773942927e+00
5.160791410804231560e+01
2.235723153683672582e+00
6.449684625623683942e-01
1.294962816284763285e+01
1.574152673684655168e+00
1.169093683208127210e+01
1.346347822903245506e+00
8.380510325252283010e+00
7.887830779771354273e-01
8.803729298108788015e+00
5.131587053311055691e+00
6.977164894130902439e+01
3.763986816178322314e+00
3.868618509579290876e+00
1.333052643210046240e+00
1.080024435479882605e+01
2.252335556253332260e+00
1.126755071479115777e+01
3.705481170690833714e+00
2.811033301283151431e+00
6.782527887609832717e+00
1.056195414821866940e+01
8.145818468970020376e+00
2.876324999033645913e+00
1.093068828445021801e+01
4.299600428499663174e+00
7.315922120907547566e-01
4.178921751087348646e+00
2.269649706612014928e+00
7.535725858311280945e+00
4.555419686106110810e-01
7.873899561447663231e+00
2.916155251039811702e+01
4.533592328433847740e+01
9.968132163153663683e+00
3.758542361030510648e+01
2.459670831384829004e+00
1.632924381047645035e+00
4.895505210154041720e+00
5.291772750375784540e+00
3.772421282182500057e+00
7.272599742412376500e+00
6.623757471002347241e-01
3.230153825632550824e+00
9.791368262827214508e+00
2.773392578962885935e+01
2.042043803421119108e+01
2.539062294404788922e+00
5.823592376766383971e+00
1.081150247054260838e+01
1.575637939421264955e+00
4.780374688691791718e+00
8.054142195649117753e+01
4.766412274305366736e+00
2.054981186884112354e+00
8.817847775414225708e+00
8.116210826295262137e+00
3.719548423015540450e+00
2.454896187724790124e+01
2.902420347920209753e+00
5.345810983934491389e+00
1.676260208188778122e+01
3.311758618575026958e+00
5.447651559566345725e+00
2.205790386285780169e+00
4.573985159230686826e+00
1.223739113717786609e+01
9.379373890548065029e-01
2.775771718516370168e+00
1.867923918476216194e+00
4.572538905814928611e+00
6.837868574331064764e+00
2.997237648714517810e+00
3.083042806083739151e+00
1.509850112160988012e+01
4.982677877660378840e+00
2.255002644806411549e+00
4.748244278120861139e+00
4.263952301406914280e+00
4.405901768911812511e+00
1.220815041231961295e+01
2.805810284743200267e+00
1.033834565119003379e+01
2.640500750355129433e+00
1.819188230182144039e+01
1.344902887007429904e+01
3.079637862525582470e+00
2.621122082347703852e+01
1.053512337880233041e+01
1.019299704981629695e+01
3.163320809637313324e+00
1.362163267431724911e+01
1.745891810203208161e+00
2.712681632548628929e+00
4.179659369586830486e+00
4.333947873244708759e+00
4.368596219884644682e+01
2.922892579287882153e+00
1.523578872761988334e+00
1.458305917999106072e+01
3.879720269459231652e+00
7.042837884877423349e+00
3.568852281901356172e+00
1.581295341508346297e+01
1.042078188957271223e+01
6.588562212928491313e+00
1.497226543581568592e+01
4.389186264266993476e+01
3.568673063851996829e+01
6.559301624313770951e+00
3.123222819200601741e+00
5.946430177120884508e+00
1.435717263852831049e+00
1.982555342244269880e+01
2.901283110604651050e+00
2.760593617680251466e+00
2.107157239506990631e+00
5.935853402319857963e+01
6.859215079972611484e+00
2.369448026853586686e+00
7.637951191397331030e+00
2.976982676152030383e+00
7.161224881212516991e+00
7.136189396702552479e+00
1.126566420927672496e+01
1.120376505571071934e+00
1.467947426778398068e+01
2.107622281405214792e+01
2.255378060157343612e+01
2.797804705876469011e+00
1.418305500985291090e+01
7.866613190880100692e-01
2.050604256035829742e+00
9.232983550059337574e+00
3.043937751376170286e+00
5.083454680066509468e+00
5.155856060089687887e+00
6.013187026726525275e+00
4.341517321492119663e+00
1.264505396549215455e+01
2.146013040784919390e+00
4.422621888343696739e+00
4.750356613811096906e+01
1.642381042790792112e+00
2.826251005347047851e+01
1.759340305907232560e+00
2.172731674736128937e+01
9.372349203233211412e+00
3.166032788876365522e+00
1.701677917260664419e+00
1.225332025132076952e+00
8.394270104118092490e+00
7.357943269253348628e-01
7.294724603739473423e+01
1.247717568885219208e+01
3.598610786295759034e+00
2.747650435931497270e+01
6.485631897326807227e+00
1.034823447945956154e+01
2.566148749001584850e+00
6.804457723310776807e+00
2.225511280663277081e+00
2.602071570553873769e+01
1.662246470290400291e+00
3.253559356229279498e+00
1.438556391471040463e+01
2.153410357335742376e+01
8.965544450489344896e+00
4.014936932575985828e+00
2.761529617216623578e+01
6.295115730443791691e+00
1.108371642812245428e+00
1.690692940549829215e+00
1.920777273296507204e+01
6.365045698787364925e-01
4.081336016599413696e+00
5.871702680943678310e+00
2.320637755857443807e+00
1.128922610980418817e+01
1.130182938030080386e+01
3.048953411794478541e+00
1.230318116208237988e+01
1.741894014879422636e+00
1.238176988140039469e+01
1.223133582297987632e+00
4.201756601188963103e+00
1.237237825657291346e+00
1.449065582886641002e+00
7.333892956806160157e+00
3.213189635035801128e+00
4.762523059826221150e+00
2.859712193660246982e+01
1.990488431690076165e+00
7.322211427534183414e+00
1.996072428131024479e+00
5.571673102837466196e+00
9.575582628142742081e+00
5.022293381295747317e+00
2.297248985356294959e+00
5.096228804215196639e+00
1.030571910073586039e+01
3.408131240766606140e+01
3.265165302550664705e+01
3.250538116911268816e+00
1.209781286944496514e+01
3.054673289151064619e+00
3.773643682873410565e+00
3.464720940285737072e+00
6.532413120245579741e+00
4.099987528875847609e+00
3.118631926065583482e+00
1.187902173956738494e+01
3.223743460734656008e+00
4.280512295597321604e+00
1.871304107099454939e+00
6.526793093003472990e+00
3.315419502645922023e+01
2.884473851570759528e+00
3.731066265370570623e+00
1.465971209513343609e+01
7.730797587369471202e+00
1.000784184986417991e+01
4.626408673166576335e+00
5.060266681181382786e+00
7.800967556231953814e+00
9.262080194240978059e+00
1.492211355773314807e+01
5.205030796230226464e+00
3.791273938856833503e+00
6.007419821922580283e+00
1.408171477815013439e+01
3.078360002791606931e+01
2.887347219206169768e+01
5.661785255705707343e+00
5.390602896921287801e+00
2.844028373040176749e+00
3.188147760453471236e+01
4.981386112862024262e+00
2.108104019731986689e+00
1.817327036287770481e+00
2.841987091691684952e+01
4.789755562769657971e+00
1.809148091160356131e+01
1.203737616389025078e+01
2.439664045245308799e+01
2.334209651412856346e+01
1.688357630117983987e+01
1.026051173892474644e+01
1.465608739780112968e+00
3.452433666773981447e+00
3.149906915344714164e+01
3.339947063649925774e+00
8.717174754548839832e-01
3.096008213481292870e+01
3.759703539257436500e+00
8.913745257075921247e-01
1.588400158215875990e+00
2.355265323502034747e+01
1.897269427335595537e+01
9.884114848453165791e+00
1.690540598194295541e+01
1.515579258452692812e+00
1.247067111344363255e+01
7.132454530172438467e+00
9.728347431001338919e+00
2.148585023962244378e+00
1.471846416007406066e+00
1.507418255860955725e+01
1.004901063397090333e+01
7.834933670002103057e+00
1.507812783296704318e+01
3.193850522643341350e+00
3.282899051633057841e+00
4.423553075558843695e+00
6.926985990112328295e+00
1.632981711392624158e+00
6.108544724596761455e+00
4.097980520644471270e+00
1.228694851751981076e+01
3.806949676624451939e+01
1.715113103448638432e+00
8.367411176763775771e+00
4.689753082370022241e+01
8.791376521054241167e+00
4.324331607244079834e+00
7.645553690927859414e+00
1.100062002105577896e+01
1.444720739590893110e+01
2.873897293265539776e+00
2.083248138989700493e+01
4.186836965138081901e+00
1.209670838536036719e+01
2.007642001184831315e+01
6.371241067616347564e+00
3.239152406237094084e+01
1.103400488071387464e+00
1.215838886605883573e+01
3.289220722138096242e+00
4.768798140429356458e+00
2.105128009830703562e+01
1.050197869433132958e+01
9.584938585575109471e+00
3.175515783546749571e+00
1.326856764689950197e+01
3.909346848688131981e+00
3.282300845903674880e+00
1.265711422263871633e+01
3.245120981250187331e+00
2.833695410253532998e+01
1.219513791441296346e+00
2.641175766106189648e+00
9.459206128848911987e+00
