3.136279881076026044e+01
1.523220103434353101e+00
1.537818320656444637e+00
9.985371078791882571e-01
1.751338559394420624e+00
1.739551168303935924e+01
1.491984152487771276e+00
2.179663033327789101e+00
1.513865366815188018e+00
3.145924992554881783e+01
2.574442249067841715e+01
9.022882358505038169e+00
7.252207729076443066e+00
2.550788643700585823e+01
4.271954066542463124e+00
1.850765952300395645e+00
5.642970079747267498e+00
1.297949156484238920e+00
1.061720773504425530e+01
2.253158516945004575e+00
1.487439926270669677e+00
3.227558153980414346e+00
9.612663981117860246e+00
3.637820161703697153e+00
4.701296370777973799e+00
4.962541821528618335e+00
5.821150425470429823e+00
4.342769294731733964e+01
1.345405311454115571e+00
2.950634564497318202e+00
1.793784791256407729e+01
1.764370171273127497e+01
4.109123720567404270e+00
9.081782011999555593e+00
1.748506598479232466e+01
3.038905738129785039e+00
1.053535154612250224e+01
1.827290127118648799e+00
6.234219530441240664e+00
9.889532843058201905e+00
1.896590451347985962e+01
4.073383113695905777e+00
6.079339125362781537e+00
3.179994673212220402e+00
9.790296894510412073e+00
4.796583299611801188e+00
4.991698212134665802e+00
7.833056295808794367e+00
7.436809528862725394e+00
5.444731844619525418e+00
2.107945912032003655e+00
1.013465738050092924e+01
6.786922718394853504e+00
3.026183432153777275e+00
1.664013542185975192e+00
6.127967513949853284e+00
2.270815193838988222e+00
4.806714816675275337e+00
1.291502229396790646e+01
5.425106512811750825e+00
6.010917390696560503e+00
9.051486632146309219e+00
1.341881100726537435e+00
7.156665992082569261e+00
8.192099156452952613e+00
2.623848779401277920e+00
1.604187151072869710e+01
5.068171220977438551e+00
3.726743679056401248e+00
2.287813026223405100e+00
1.844405111243585083e+00
2.438461034217163359e+01
1.209889628216226853e+01
3.866524679113307172e+01
2.659346707169627777e+01
2.433827527613692965e+01
5.854611125442430897e+00
6.123238993304023658e+00
5.557742266754580385e+00
3.161708777954727267e+00
2.667999110649071248e+00
2.138230877164235366e+01
2.647769990641853699e+00
4.840067610111367458e+01
1.008228380504960953e+01
6.179641409699557997e+00
3.706411049038275340e+00
7.523844620371829883e+00
2.904197937022568254e+01
5.593762072907514593e+00
2.563287444506909196e+01
3.647934063144224748e+00
6.929595983554169614e+00
8.977479991739921061e+00
3.601023359406225310e+00
9.455272792905240919e+00
1.075051461785465392e+02
3.607654949414519141e+00
1.338162591160310333e+00
2.600464547723926145e+01
1.234628823876123427e+01
3.265282336416797548e+00
9.148297319573121200e+00
1.296675333421788601e+01
6.337710323480896690e+00
2.094257864373871847e+00
3.326733821072645725e+01
5.542460875414727539e+00
5.432463823911183098e+00
5.570958109252304169e+00
3.111091928156856312e+00
3.215486342929325669e+00
4.133607771192173708e+00
2.771568256555414056e+00
1.703978401728535319e+00
4.360353244115261262e+00
8.101569115303018265e+00
1.635339662394159621e+00
1.338978883323878755e+01
1.414548702242326961e+01
1.181989783109830272e+00
1.224484439903427146e+00
6.537797090063934391e+00
3.641393891303219732e+01
2.341135881640478811e+00
7.002792527760909991e+00
8.318472880027432126e+00
6.856032268343979297e+01
1.067813762742478723e+01
4.151184094236053390e+00
3.662811300500139922e+00
8.932778275209001251e+00
1.274218576782526391e+01
2.879371404175403271e+00
4.801970987793197310e+00
5.106286367745017429e+00
3.195620097553407923e+00
8.851998648214964405e+00
7.713212219769984834e+00
3.382813013744273789e+00
7.480850604534689197e+00
7.330812076043654812e+00
1.057102229809039606e+01
1.001993447454604080e+01
2.998935206815179999e+00
1.614966884537365033e+00
6.975471178381740245e+00
2.977890693837546898e+00
1.306406607811626586e+01
4.976591879671254048e+00
2.233149714231905225e+00
2.894772633196972222e+01
1.873309744482190808e+01
1.929204296566810939e+01
2.811889947967660230e+00
2.041915363739180478e+00
5.166240822254557941e+00
2.185680159720224935e+01
1.591935185739520975e+01
2.863189196819358351e+00
1.129353548560009468e+00
1.329411628842152560e+01
2.038351554057452386e+00
1.956859294058160970e+01
1.979515907143123954e+01
3.237377621319509569e+00
4.542102059085883603e+00
8.226975092694500447e+00
6.591317163590863615e+00
1.195483683281533693e+01
1.275506209148895032e+01
3.884129812884219657e+00
2.181271781635621299e+00
3.259615867602530415e+01
6.709921156184904589e+00
1.988678440877258069e+01
3.208548183025787370e+00
1.012921970097606872e+00
4.342988608435516262e+00
5.050567479925998526e+00
1.083368365793343724e+00
5.679857484857577354e+00
1.557782025457760966e+01
2.770321637683538896e+00
4.429927203991725904e+00
1.776271752247439384e+00
1.375833844575527287e+01
6.395060323317927953e+00
6.581422463388355126e+00
2.183717189421330929e+01
9.763150131105192031e+00
8.371042166799503192e+00
2.048705758784262088e+00
2.259514073966738756e+00
4.913707905304275592e+00
1.033587918385965310e+01
5.698603232718329359e+00
3.674087628908493830e+00
1.561555535511614146e+01
9.186883689178097612e+00
7.541651182867451730e+00
1.453092491853119128e+01
3.033160788151378462e+00
1.993032244632938799e+01
1.027931752494497886e+01
1.043368557675074415e+00
4.781946517088150550e+00
4.464512724972595770e+00
1.243856668977091395e+01
1.357218860199010457e+01
1.360521500835229958e+01
2.892399279651638366e+01
3.260289494577717218e+00
1.154931967222890155e+00
2.588910662962342624e+00
3.664708488628354743e+00
3.141065079451073938e+00
4.246178437789635218e+00
9.347051124011576562e+00
1.496318570338410536e+00
5.586605732149500625e+00
2.222341814433768548e+01
1.844661637899124784e+01
8.643392451283347100e-01
8.619336174148601870e+00
9.190611905324209019e+00
7.831563308681574576e+00
2.861049245211640724e+00
5.764670741024715106e+00
1.791506356951938272e+00
9.718556251099483845e+00
1.481741007049386738e+01
9.134964809751421555e+00
6.148046215334774800e+00
8.608342572566863637e+00
2.991087012819374280e+00
2.784693196465069520e-01
3.105237681332542632e+00
3.154128415276295172e+00
8.794107443982245087e+00
2.822655568868374232e+01
1.297647363982378677e+00
3.601726108411162031e+00
5.689182104828719666e+00
1.522425017162300609e+00
2.417514283197937264e+00
2.741178484934782844e+01
1.909439429902991980e+00
8.618718154242857921e+00
7.659353449931946223e+00
6.524242351385112215e+00
6.891380874747698115e+00
1.486509394962379771e+00
5.723379113347780711e-01
4.969577443589777488e+00
6.948500543122020190e+01
3.947242083819896497e+00
4.530023568385331600e+00
3.958124277047118778e+00
7.020406096705449350e+00
1.985584815773263401e+00
8.082498483705437664e+00
4.275066123002091434e-01
2.503894640313524178e+01
1.099743996132020207e+01
1.381458174800795913e+00
1.516680460469345526e+01
1.949771100792474954e+01
2.602666032529946882e+00
7.370748822930495159e+00
3.498076711878752576e+00
9.010551565065348711e+00
1.992079441878421342e+00
9.190749147676745778e+00
4.655677986336055341e+00
1.403984526534609589e+00
5.209705105258726654e+00
3.504464870988265979e+00
1.997930302850607243e+00
6.510128588618697698e+00
6.914605712330086362e+00
7.930105618882128837e+00
2.442367790877520761e+00
2.620320129096455730e+01
1.641386617199098197e+01
1.489581216956455911e+01
2.672446867434404627e+00
4.967057283517939403e+00
2.303520866190435168e+00
4.471989937927379977e+00
1.233635335326171045e+01
3.558691490231603360e+00
9.898155715619909145e+00
8.978811347588052882e+00
2.361092307292184334e+00
2.729317005715764299e+00
8.790382570134239515e+00
4.526205161168623370e+00
6.678547408439013289e+00
1.072927965825336294e+01
9.391403132619487337e+00
3.371354354914967377e+00
1.131779299179303777e+01
4.142133589792399206e+00
9.324106096032673818e+00
2.080807364572104134e+00
1.173084971827859135e+01
2.406382536618177248e+00
9.912182576519343868e+00
1.294654123155575043e+01
6.504843548850641533e+00
9.269069454609949688e+00
1.902250450516908487e+01
1.196269111766517490e+01
2.444260812180206344e+01
5.524381374242211429e+00
6.629816640259582172e+00
2.986453222341867431e+01
1.045553637787589363e+00
1.861366099051531053e+00
5.410607178277160756e+00
3.657964586335622492e+00
3.055774027416160443e+00
4.638250232911406812e+00
1.781599578520793159e+01
2.740956936899422658e+00
2.002193715607642588e+00
1.501667127081002207e+01
3.321435397812065649e+00
1.536872918881622496e+01
2.718417954015582172e+00
6.687758697903483984e+00
8.898327683188917980e-01
8.246510952381150616e+00
6.969641632549461896e+00
1.961927088403182085e+00
6.927418334210493356e+00
2.561784507310840198e+01
2.938951220700247724e+00
2.269541534161956253e+00
7.852308514809644535e+00
2.310482942045885224e+00
1.322915392305414439e+00
2.903823722960770848e+00
1.904486873793900159e+01
3.618740237901846513e+00
1.935520420837908651e+00
2.890992500554906641e+00
2.484268615686540471e+01
1.371114958067694012e+01
2.817325082313867579e+00
1.023538471371652214e+01
7.135742831630490279e+00
8.130232506649946345e+00
1.333809682659884821e+01
4.575354170390394160e+00
4.172299295776773498e+00
4.682633601351210650e+00
1.316238022659499407e+00
1.384725309038303998e+01
2.790366195272309113e+00
2.011319672264357816e+00
6.443523357647205074e+00
4.748818282925196144e+00
2.106960544651012057e+01
2.972689317217144023e+00
9.327758547945778744e+00
7.773901523516342138e+01
2.182272501313203605e+01
5.207862801970468247e+00
2.720760642936299334e+01
2.358134151206433415e+01
7.005353725841970913e+00
4.357034626531909538e+00
6.621161040583420032e+00
1.019082892286205855e+01
3.299198198338771260e+00
1.930849922925329754e+00
2.195884592044230033e+00
5.298261508161473898e+00
3.221602971063480592e+00
1.749312040477480679e+01
2.127059161852113078e+01
3.582068720698697195e+00
1.767390054605703043e+01
2.419540890956992207e+00
3.874666193269450165e+00
8.184980324102193450e+00
6.458947007359077119e+00
5.632257511741286038e+01
1.934163247117311135e+00
1.176358018626396706e+01
2.739412507410425590e+01
1.659620137714050259e+01
1.782383186352840809e+01
5.729176134965907607e+00
4.914562684206517318e+00
1.537590141512617059e+01
2.745479782351099018e+00
2.845546179883772009e+00
6.723583822709806590e+00
1.168986959356466748e+01
2.396870393998375093e+01
6.198555124929563398e+00
2.804646471099048188e+00
6.970859090045775197e+00
9.271888064617371583e+00
6.438631812470214655e+00
8.873101199418879759e+00
3.591028001612687870e+00
1.526537314039702231e+01
3.579639981033043483e+01
3.376993751723804227e+00
2.211657397543869052e+01
9.229873528950113482e+00
1.332397006670023920e+01
2.795281433475070632e+00
3.962809097548026571e+00
1.572515621474812386e+00
6.068792843693669781e+00
2.251691959892931294e+01
4.467466561612609688e+00
4.001964603534697851e+00
9.261316128936791792e-01
1.456039278253036473e+00
3.413318297999796869e+01
3.049849315665410288e+00
5.487562588614052217e+00
5.957718480256730231e+00
4.214707954298118509e+00
1.954125750391099814e+01
3.267418232515151733e+00
1.247769872586468098e+00
2.811999496962659162e+00
3.313720253205028055e+00
1.026718131561415426e+01
5.188003178233256740e+00
1.773355379484537586e+00
4.279468543201264907e+00
1.337415635569430439e+00
2.230214379868126429e+00
1.666547988912498823e+01
7.882066121116641000e+01
2.223926195325453747e+01
6.590798291007861742e+00
1.283999918617479885e+01
2.691395830927843491e+01
4.304724210751869506e+00
1.469819108883683390e+00
3.017271447284898489e+00
1.058655537549771530e+01
4.764134118995020373e+00
2.309452560535089738e+00
2.925656216318893854e+01
5.474225037968008856e+00
1.916297180433731651e+00
2.556063042419984832e+00
2.798948773932694145e+00
4.700121250550978402e+00
3.655080603378259241e+00
5.038671080280676229e+00
1.432079423521389616e+00
2.271746153656786671e+00
4.940654723751887190e+00
7.934272644731245272e+00
3.118892895192556303e+00
1.904626143503369562e+00
8.103638389885864157e+00
2.001427418903181543e+00
1.195529064086553017e+00
5.072199198695897415e+00
8.327231031876051404e+00
5.648579774714987067e+00
4.830392574903273228e+00
6.822797103159619070e+00
5.718686633844821010e+00
5.819410373597449393e+00
2.842020906497746413e+00
1.116301710470718689e+01
4.807969329054316843e-01
3.175441459687748935e+00
9.726153734735513368e+00
2.446557800072859390e+00
7.249284809920811590e+00
1.549138291330018546e+01
6.943746699895350538e+00
8.492062815657048347e+00
3.208824175803552059e+00
2.574339889649782442e+00
2.850411001471054195e+00
6.450998600262797256e-01
1.043615407693283714e+01
5.977266391488415209e+00
9.149063853921045819e+00
8.144756281157079059e+00
2.115195475130115454e+01
7.033015354837249156e+00
1.208569664055121962e+01
1.197188107021628944e+01
2.567703584616096268e+00
