4.643132002643239886e+00
1.634378620243601787e+01
2.543720374392011507e+01
8.140609551515595399e+00
4.980093896631794692e+00
2.956267123665132335e+00
3.022558675245310411e+01
8.652051343420559704e+00
1.179485414716990377e+01
9.279212063602438221e+00
3.063230432601509623e+00
3.949966364513994854e+00
2.896529665565334977e+00
3.552215500966286577e+00
8.788978763015464324e+00
2.379618849816530268e+00
7.180300467019980815e+00
1.929429169598460803e+01
5.298775454852649780e+00
1.322012796289680558e+01
1.693317318268468341e+01
1.636953090397813781e+01
9.065790585223396647e+00
1.450360013311033036e+01
7.650313247574949571e+00
3.443787661429357438e+00
8.785188504552964517e+00
7.130978961720906284e+00
1.349121669287382641e+00
3.418541392894453423e+01
5.738954162758898470e+00
6.098137907611250519e+00
5.167769438920306158e+00
2.248939836661986824e+00
2.495047375924914324e+00
1.878929217565832488e+01
7.591929018832821008e+00
4.735416412469279024e+00
2.767859054564901111e+00
6.900766521485590665e+00
2.443378094951325963e+00
3.431221320982964951e+00
1.269574580967959676e+01
1.126065908699196427e+01
5.636883553165623617e+00
3.097081106900120506e+00
1.513423915062770853e+01
3.089347495031044666e+00
4.513688629128709096e+01
7.538925188275349853e+00
7.960338817777533826e+00
7.239333335595622421e-01
9.823765812852771617e-01
1.551002156482749506e+01
1.660632163389543692e+01
3.056344906448658083e+00
5.213584818683640876e+00
3.623381121969948993e+00
1.415026539244714421e+01
4.726533863030098814e+00
6.996552964065680058e+00
9.017004439885365485e+00
4.330245695640885017e+00
3.957226608513024324e+00
1.133249368696092318e+01
1.005632788837141867e+01
1.264758107870442849e+00
8.266308828199649739e+00
1.577107573519076134e+01
4.880123895650285704e+00
7.945545540086603964e+00
2.031123897600237704e+00
3.537541714501481493e+01
1.154781817460503790e+00
1.612402038525469550e+01
9.308177063551072550e+00
3.702404077593117737e+00
1.828551422398921389e+01
2.347580544568815153e+00
7.666617624114296703e+00
3.130858438461592730e+00
4.808654557608610602e+00
5.943239096288047918e+00
7.520478888188322664e+00
2.983444335508771417e+00
4.212695517682997881e+00
8.091977526912828012e+00
5.092815879481690011e+00
4.717041075452297783e+00
2.201536014987134138e+00
7.425834466399476419e+00
4.880128660519421402e+00
4.451489315395070534e+00
2.244565660171368648e+01
2.570351249188040921e+00
3.475823461593912533e+00
1.618864206722798471e+01
2.324068917509565235e+00
1.599397889111562998e+00
8.122709005534556326e+00
7.469163500461968752e+00
2.249075535874678788e+00
3.929251313980709259e+00
2.746156924176808189e+01
1.172399226320788834e+01
9.465834202173155631e+00
1.461410980452630293e+00
1.075135763996451210e+01
1.143948900160390281e+01
4.545086233599979764e+00
9.163644751713228231e+00
8.442158537669103291e-01
5.130175450109991431e+00
2.338613897754773685e+00
5.942599627682414010e+00
2.361256512833805221e+00
1.092852062983442352e+01
2.998352385696844280e+01
9.170228121904198115e-01
7.930020022014263148e+00
4.260657972998085796e+00
4.495427502584414015e+01
1.133888332114467801e+01
1.761072634483790811e+00
6.362311443831154989e+00
5.841755727536875220e+00
8.822833023080587367e+00
1.153791478879812615e+01
2.321631847510558799e+01
1.112681021795408220e+01
4.016729568974628961e+00
4.615196322503721582e+00
2.219070486504271411e+00
3.900308943772252679e+00
7.149230236896805479e+00
1.127846752366213146e+01
6.228529347662240312e+00
4.024890693638595529e+00
7.220502163511898219e-01
8.583741571699694539e-01
7.687753788665775190e+00
2.465832497138249479e+00
7.802986952759853878e+00
8.465147511514159007e+00
3.340243272907301719e+00
9.203212153954172692e+00
3.339748459548054882e+01
8.863640226358510787e+00
6.632895058257758159e+00
9.335786811139390906e+00
6.683023436545094675e+00
1.493232090628027198e+00
3.679194852987992093e+00
1.062365522787035843e+01
1.001720705865776218e+00
6.840432740633703546e+00
1.847979347312400833e+01
3.129814543635446000e+01
3.893633895919611732e+00
1.668894342935730135e+00
1.604700721389397122e+00
2.089936134361615405e+00
1.496372755295105605e+01
9.547355546012504135e+00
2.692809355639712354e+00
1.572203269302727691e+01
1.082435330165996668e+01
6.396586282782581456e+00
8.053766881730167748e-01
7.832599382066600668e+00
6.763223373279288353e+00
1.270233853869994878e+00
2.272624885340713607e+00
1.810720981556198694e+01
1.256878600250168709e+01
4.011735293441253347e+00
2.951405877735461480e+00
4.442712016334568581e+00
7.556172115374194753e+00
1.067467247098106364e+00
9.370071749470923805e+00
5.943684801044333277e+00
8.469439968329266932e+00
1.741626070873284915e+00
8.443861718806374483e+00
5.255044436735317070e+00
6.003083548378628231e-01
1.208767806429915836e+01
6.196360209492942062e+01
3.853443322643007374e+00
1.757104154232047133e+00
6.994307202276323743e+00
1.840762647870942459e+00
6.466443986958773094e-01
7.930657425933760329e+00
1.116137098830016683e+01
1.620298772186799141e+01
5.529671088689365632e+00
1.427515394985854780e+00
6.877016780708956389e+00
2.572056381671119496e+00
1.274652763805712397e+01
6.776039557628676491e+00
3.810200659116632416e+00
1.009750201346990650e+01
6.654491338998817618e+00
3.649423491471797121e+00
2.925705942633104684e+00
4.781772836191404252e+00
1.339572076904932807e+01
3.287996366399671633e+00
1.111117890919177320e+01
1.562877175991322920e+00
6.731274472882978976e+00
8.735561104825617207e+00
2.913502358027887151e+00
3.165437990249027944e+00
3.762326129423795962e+00
2.968491214970629510e+00
8.928979587688813169e+00
2.868334097726441989e+00
1.098260506803616998e+01
5.215304909643393216e+00
7.001329061665827247e+00
3.261736096036157218e+00
3.857362010069260272e+00
1.601958890030988680e+00
7.885718746866604567e-01
2.196271855491227853e+01
1.739049774522462144e+01
1.274022038245180433e+01
1.451175887026778888e+01
2.048647560860850536e+00
1.133706193214276681e+00
1.063151267541855027e+01
3.340972494805098503e+00
1.157019200593827346e+00
5.144445237810664651e+00
3.564088862838102223e+00
2.194930468478170749e+00
3.436529138122418203e+01
3.632562409194874942e+00
1.744354444119346326e+01
9.345409635580894658e+00
7.459600612223437288e+00
2.515703800366289489e+00
4.140544142512665005e+00
2.001755215217482231e+01
1.985193416906702524e+01
2.150752155480999406e+00
3.473122599043805714e+00
4.382152006285607371e+01
1.133205644486780095e+01
2.572938455977397343e+00
4.458241239558500268e+00
3.067993086830109295e+00
6.692168343893282412e+00
2.639916979296439425e+00
1.284680470641518024e+00
7.536913406762849377e+00
6.691637057883996320e+00
3.615213857921754315e+00
7.587270342595949124e+00
7.727872967046541142e+00
4.525547318087822646e+01
7.431610204216810622e+00
3.507190458253238496e+00
1.257304842458248118e+01
1.814784454962323546e+00
5.629626401423128534e+00
8.054533532037154941e+00
6.580484295962113706e+00
9.387946321207738976e+00
1.437607328509003324e+01
1.892800570567162888e+00
3.162700218822358078e+00
2.534734986267188006e+01
2.867004003669031853e+00
6.349592539118977363e+00
1.400482950447851493e+01
3.955170137513098982e+00
9.205607178126102852e+00
9.124819066650944777e+00
8.895823602071288860e+00
3.216742927487475256e+00
6.420218722814043488e+00
2.078232585176446268e+00
8.344166088635775580e+00
2.163234081869513936e+00
3.633113323499899128e+00
7.671534275871055186e+00
4.901671518555558826e+00
1.025430706540888259e+01
2.444289650390301105e+00
1.408505199871507463e+00
8.752996042681830957e+00
4.543061634578656971e+00
7.734646092674499762e+00
4.075057886326597156e+00
8.517944979550028384e-01
2.177463787691247266e+00
1.846382688655155091e+00
1.014641364779819810e+00
5.302365528692042140e+00
3.529522579491253254e+01
2.810415058768645391e+00
3.836001325884032642e+00
5.626317175484217614e+00
1.105680530918274762e+01
4.748352862490500037e+00
1.562820246229441068e+01
2.530249189861654369e+00
2.074086653911234368e+00
8.225087665482935506e+01
1.601228380311278343e+00
1.186878700504911954e+00
6.089248500288071853e+00
1.914682672115565198e+00
3.688906629547902938e+00
8.491237244135626527e-01
3.420363990090403483e+00
5.104405744996857841e+00
6.218907561570887310e+00
2.646163284801703952e+01
7.652788258241419728e-01
1.087758184006287365e+01
1.614169241052548642e+01
1.547610194859576183e+01
9.887439257228260558e+00
3.825095855193933581e+00
3.497046343592417728e+00
3.949509243623785082e+00
1.203392685982610288e+01
6.564256860760462331e+00
8.240150308507921295e+00
3.051942749016530954e+00
1.037515672851832882e+01
3.530046845700416824e+00
9.818245841893006087e+00
2.992135680717421664e+01
1.338592100497097981e+01
3.893222790896096797e+00
8.702158748703858748e+00
1.849345122379862483e+00
1.242563967403231473e+01
1.912604294174977682e+00
1.072102246012630289e+01
3.978388557157210847e+00
1.651988103626664595e+00
5.615362839950415719e+01
2.267748174867843858e+01
6.407085287938326879e+00
6.109254379438841198e+01
6.141812144831616749e+00
9.293791276002645318e+00
2.549709425372601856e+01
4.102510047575027130e+01
4.097802211298317232e+00
4.780241547994865670e+00
1.516164826213795225e+00
7.452611842136634301e+00
2.583606185883397632e+00
4.359502547040115417e+00
3.882417160472761974e+00
1.242836774718917958e+00
1.954087716605031666e+00
6.187731819321220961e+00
1.071030117082553978e+01
4.456256104115209560e+00
6.816389548956433009e-01
1.442614194184300702e+00
2.695011331947522404e+00
1.136137037342049716e+01
7.181276916268876320e+00
5.372802821727392875e+00
5.922882842290654537e+00
4.502154807481687726e+00
2.715754263169506633e+00
7.320980033660659636e+00
9.858728786053500670e+00
5.792071235428861709e-01
1.827445682711347885e+01
1.767108090038991941e+00
1.482770076415889537e+00
3.914876610927687572e+00
7.328909612748775615e+00
1.863395729702155279e+01
2.789308509418900961e+00
2.694070242967903095e+00
9.405323895853577199e+00
1.683096827437154497e+00
5.609261154558105922e+00
2.534205667670107687e+00
7.129218559498251118e+00
5.514117516342353476e+00
2.441714466170147979e+00
3.626958369990840758e+00
2.061691545444073181e+00
2.159663052075059930e+00
1.566381479611222183e+01
9.181407430276395942e+00
4.319591072459948222e+00
1.738439457703329794e+01
1.672225894802232826e+00
1.096752352424453569e+00
3.028150018765455531e+00
1.842515615512484217e+00
2.562828043193624783e+00
1.432494769690741521e+01
6.664140811484584148e+00
6.277017266655295913e+00
1.314548673511883203e+00
2.758960657346692713e+00
1.264335912699350750e+01
4.405329286756289875e+00
1.242018599721465932e+01
1.592831383843886561e+00
4.463550977904406025e+00
2.429131913989442282e+00
4.730615186220310520e+00
4.417130547121911555e+00
6.576713548804555387e+00
4.224712103159441234e+00
4.093737410523051956e+00
2.012048709457563334e+01
5.128197155682746811e+00
3.788847804504330785e+00
2.752336517900379587e+00
1.236930099203974898e+00
4.764770304002423629e+00
4.172539815828499421e+00
4.294273220732387486e+00
7.421924914304862675e-01
2.825734368182169831e+00
7.933687639238644174e+00
3.088328721689333811e+00
2.171789599897194378e+01
1.859182290360011036e+00
8.933338574481176408e+00
2.280308351899682950e+00
2.210612333603766544e+01
1.636557779685924086e+00
1.176344963192251569e+01
2.121072040597664810e+01
9.770034875084562032e+00
3.038491736563536438e+00
2.386751730340642919e+00
6.851042250250627852e+00
1.435470442884242637e+00
2.151748550372357904e+00
7.781389163923707386e+00
2.627956497808327629e+00
6.358172675464528467e+00
1.076606828266993965e+01
1.421307801189730213e+01
3.756758666338821051e+00
6.252780282133909573e+00
4.437958516906021167e+00
8.068240611960177944e-01
4.968782921543374087e+00
9.375909521103121813e-01
1.691159790379069605e+01
4.411521307581357298e+00
3.233774996858387318e+00
4.215360053998135292e+00
8.887861794557199602e+00
7.293595179259322769e+00
3.594400824024800212e+00
1.134851899479627413e+01
7.983777101555279643e+00
3.730701511344176602e+00
2.547789099634924170e+01
1.126237109732289454e+01
4.985452912670766068e+00
4.605297470331819021e+00
3.996848841628109383e+00
8.875456267725400084e-01
4.275558289196001560e+00
9.663637157840923919e+00
8.920301788679186217e+00
1.600552561144288788e+00
1.729843403751526765e+01
1.299116950866477715e+00
1.181108704665365750e+01
1.198112635103621493e+01
1.008558945325462197e+01
9.233692243579834980e+00
1.180641284506903332e+01
6.968111943514561091e+00
2.111065640563226875e+00
4.445827392495089292e+00
2.105180599355246152e+00
1.160460563209036522e+01
1.099206852141417778e+00
4.986726477125837498e+00
7.405601018007991421e+00
9.289567415688100738e+00
1.431357365290783079e+01
2.530499712081761388e+00
1.611793979177907232e+00
