2.417799550783782792e+01
1.426454136076573675e+01
1.735544950690087518e+01
4.285363163247189533e+01
2.620759514252229749e+01
5.516832709974571758e-01
3.143199797614011004e+01
1.563944572070776573e+01
3.726436490908831001e+00
8.932717252677835340e-01
1.267490244426348234e+01
1.325448836743117376e+01
3.900357541049805921e+00
1.103381720359015006e+01
1.834710962164963988e+01
3.086914937511802126e-01
3.989096016522323929e+00
2.228898659516732650e+01
4.365341564994486845e+01
3.795676792892585194e+00
7.222858482172354400e+01
9.254425156034830069e-01
7.272634252457510051e+00
2.474472739484261385e+00
2.640256449833000563e+00
1.422477508986087891e+01
1.666417427850477040e+01
7.221469160976078605e+00
1.145882963593042536e+00
1.453014465382409171e+01
9.455671406969426585e+01
1.901255581335683331e+01
1.163356960970503629e+01
1.243798928831484218e+01
4.405763540944330536e+00
3.284210735683933180e+00
1.963700508168228964e+01
7.046348986741460818e-01
6.350619074072790582e+00
1.306860027079697728e+00
7.729670885627910160e+00
3.567695633072150319e+00
3.468717023768287167e+00
3.905944901939484026e+01
5.252510886911734289e+00
1.343283086408362337e+01
3.483146075180147516e+00
2.901491896907814905e+01
6.058790695624379907e+01
3.871739193429582393e+00
1.129393092875862425e+00
9.370147076724384405e+00
5.103838223437045407e+00
4.147350582159347709e+01
6.895812755487582102e+00
8.075035597493775086e+00
2.614006357714917517e+00
3.477223436548242397e+00
2.083058327800044740e+00
9.651061164456290475e-01
6.297165813923299282e+01
1.641192066679559147e+01
3.354039311476626484e+00
2.879702705856536227e+01
3.043047857879033558e+01
2.612146580528038164e+00
1.293639562114368324e+01
3.941598898984366439e+00
7.448455293961695034e+00
1.120071298025930595e+01
1.682071903844195804e+00
8.477914490470773501e+00
4.418471411005601368e+00
7.247038271676552457e-01
4.343253272625734240e+01
5.172109768804302732e+00
1.369648537275545364e+00
8.269362925189327029e+01
1.002699443568431015e+01
2.169011584538795834e+00
2.606145227885261040e+00
1.821636528472684802e+01
6.396685802558965861e+01
2.780193294603703080e+01
3.686405203826611299e+00
4.319803769625323753e+00
2.196220898915423270e+00
8.428675213114202336e+01
1.940227408046730773e+00
6.353030225791608920e+00
8.777624501734981877e+00
7.058422940663710676e+01
1.298036216906792895e+01
2.020484697163783849e+01
1.534860355052556358e+01
9.344883346615480590e+00
8.538596066341929358e+00
1.759355641822363037e+00
7.868416263425470625e+00
5.512972932120734981e+01
2.178451344746985896e+01
2.580594242184519160e+00
1.707636212076418580e+00
3.822022807451069326e+01
3.134214365167573124e+00
4.995118198146772670e+01
2.660538839509140630e+01
1.404377023135448610e+01
6.466823375922926331e+00
1.420019605294489473e+01
2.867325400175364791e+01
1.758212554274563999e+01
3.519524320007344897e+01
2.901509514257945099e+01
2.232119796274105727e+00
5.016838847086902753e+00
1.956142019079119265e+01
9.037293846648630335e+00
9.366388498682136188e+00
2.391315167989831458e+00
1.746591622729309456e+00
4.718545846101315888e+00
6.773167758489840651e+00
2.639808339473720977e+01
5.918202106197581713e+01
1.248077698576766892e+01
3.502863743094578375e+00
1.451921205515593982e+01
1.727561079431142943e+01
4.356747752557080133e+00
2.671756627833124842e+00
2.160377883792247644e+01
6.223802699095757340e+00
1.366561322535116219e+01
2.096030889685333420e+01
5.624264874835083639e+00
7.240703111804464243e+00
5.203167273831224016e-01
1.524423000166240882e+01
8.481843463578430331e+00
6.624266951175411755e+00
2.891260270167990143e+00
2.210557029526799511e+01
1.056544792752158557e+01
1.684375619658241341e+00
3.522730548590396893e+01
3.519218414419225560e+00
2.479343738825740573e+01
2.101973071745539912e+01
1.800367440893136362e+01
8.192804091004807887e+00
3.369946119665172990e+00
3.689310602922263538e+00
1.237294444804656592e+02
3.810615452748181298e+01
2.625325352083350605e+00
3.954381473479912756e+01
1.006215902507368476e+00
8.303250232467972580e+01
1.506167496521490179e+00
3.063840712434969249e-01
3.232446315782297575e+00
2.462828906850615507e+00
1.153056688009503006e+01
1.899722394709912265e+01
1.782830622314876834e+01
3.459974739567467150e+00
1.995448366412230001e+01
1.140154233801409767e+01
2.609958211902823066e+01
1.085465122089686041e+01
1.135015242940571945e+01
5.699680354785289893e+00
6.028821598710885077e+00
4.426060862722002831e+00
3.078882019620882460e+01
5.406783545078442721e+00
1.153473737220675055e+01
3.581092690427221559e+00
9.896902213746143318e+00
1.123364686740202423e+01
6.600151158277968833e+00
1.319460183817326993e+01
4.965870882590852631e+00
4.193927573395152564e+01
6.569253442313768687e+01
7.050328551557042189e+00
3.389356918615776593e+00
6.585179344342085628e+00
1.873741492813095277e+01
2.479782480652116305e+01
1.286658240062109115e+01
1.583586546061693134e+01
2.268825352598473621e+00
6.183804883454925294e-01
1.559892845145540718e+00
3.264513222449436647e+00
2.372127131812859346e+01
9.558551937434913270e+00
3.836550767629148151e+00
1.354159367758666077e+00
3.126918877893731352e+00
5.584199312416603789e+01
9.548693012880923092e+00
1.764259840391780632e+00
1.549820143865640887e+01
5.463064867296166582e+00
1.330182257400005241e+01
7.866914588410246267e+00
5.518413072770322891e+00
4.599513587630093880e+00
1.117992504514785246e+01
1.465827063836959532e+01
1.389775381379017993e+01
1.029029708106211416e+01
5.879342448277286692e+00
2.232539739546286928e+00
2.656977457257950093e+00
1.867665185639966907e+01
2.282063270098836227e+01
1.773029400281188117e+01
9.397974549872884609e+00
5.986481586587240500e+00
5.753823136502897562e+00
5.666125512310967949e+00
5.382063903060745780e+00
1.021452818905074800e+01
1.478986101299912548e+01
4.156814613686809601e+00
9.278175263219186064e+00
9.436518312180378842e+00
6.173600464696241374e+01
1.762281892126823024e+01
1.883819315703329096e+02
1.051156882427256178e+01
7.245743615808499349e+00
5.178852832744620116e+01
6.454134435566468042e+00
9.748140332375918149e+00
2.674426419805363864e+01
9.059450457369337073e+00
5.542692329386228245e+00
1.588900308715773235e+01
9.326907941087209508e+01
5.646894197274671789e+00
3.443254340007116276e+00
3.311401010464034567e+00
1.289110510039769153e+01
1.181961747272671559e+00
1.305244298053064611e+01
6.967261541892988852e+00
2.895285062675838006e+01
7.431056897487884783e+00
2.076102527342071369e+01
2.472144650179098591e+01
4.296967497247559997e+00
5.899554729641396378e+00
7.960414426048829206e+00
6.736276262917357371e+00
2.005411554759125536e+01
4.947986692022237953e+00
4.971458573629638167e+00
4.947347823687232027e-01
4.258192421735454425e-01
1.608351465656490475e+01
1.064971432879461055e+01
1.203722718100594058e+01
2.899250612978071473e+01
6.198203865293760373e+01
8.847325798335263869e+01
1.021351766943779040e+02
7.779782978619810274e-01
2.238339155001363157e+00
4.304108011772396658e+00
8.940504034796565858e-01
5.874313414752810303e+01
2.091451214847227646e+01
7.537861184923038138e+00
6.917515778514753322e+01
1.897344004341065427e+00
1.317419437102794433e+01
1.023972893216415869e+01
1.544065545141076079e+01
7.299351096531796479e+00
1.257300760130692829e+01
9.519250446014613232e+00
1.389233730314133375e+01
2.415283503783886587e+01
7.346639106045098799e+01
9.797405748291579952e-01
2.091260844864148982e+00
9.716916917737734138e+00
1.062327202107309709e+01
3.595053328052402186e+00
1.588245215748085304e+00
1.947110709584596533e+00
1.003596181206272320e+01
7.066794472193181242e+00
1.323097268864306919e+01
1.305009921028768449e+00
1.238595006682187893e+01
9.926312224787190530e+01
3.875599478350771676e+00
1.311122311370712001e+00
1.031425526504853973e+00
1.033166947646724232e+01
3.944187814606492815e+00
1.894119823853377405e+00
2.076760949149569058e+01
4.025439655441911668e+01
6.870751074363870003e+00
4.695463224394560875e+00
5.718290826834169671e+00
3.461329544372247824e+00
4.363751828895254259e-01
9.118724670397291732e+00
5.728252548175613024e-01
1.117796107832572083e+01
4.579752858187782216e+00
2.046797204522063041e+00
1.518365201743342539e+02
1.621752964653555118e+00
1.671049906718262434e+01
1.483039837640102299e+01
1.750255627966648930e+01
8.988059553892323805e+00
1.667178503705620329e+01
8.762276985218611003e+01
4.929324830078960495e+00
7.020054905196244022e+01
2.382542015391694079e+01
4.101535037926177552e+01
9.927145519221493686e+00
1.076981624448504249e+01
2.510193605522272886e+00
6.327528530673133034e+00
1.837567760229825353e+01
2.996042864715174669e+00
3.164352403284800275e+01
3.604783165992359706e+00
2.021503594486293309e+01
6.659785787378164068e-01
6.274786483226735712e+00
2.270824737523150727e+00
9.352541929276119603e+00
5.221018316221264222e+00
2.413677139063248767e+00
5.071341773759558436e+01
1.208571974674335747e+00
6.750033352021985955e+00
8.678342114245957362e+00
1.171962819950148615e+00
1.184190632641105445e+01
1.125867075212277157e+01
1.798052956352875764e+00
4.229364741391774984e+00
1.411510472915293768e+01
2.042676921103620202e+00
7.629940077442793900e+00
1.305892415598526091e+00
3.940090181521572088e+00
6.065008146356569085e+01
2.670782366073692238e+00
1.182237291114318793e+02
1.657509869239904887e+01
6.526709495881922507e+00
3.969496327925568391e+00
1.041997954756750921e+01
4.183178206804927868e+01
1.919284490091303397e+01
2.217836826103239218e+02
2.073036146425441473e+01
2.045413265274362402e+01
6.164965189688328451e+01
1.058787498097571955e+01
9.799220006844532316e-01
1.537599715305028703e+01
2.254364645072552520e+01
8.642827843814920641e+00
2.555149654715789254e+00
1.336024256767979868e+00
3.223790221633282993e+00
1.432828364380941855e+00
3.474221807069848289e+00
1.107022916084459929e+01
9.071262078109651128e+00
8.517499463961309303e+00
2.336245965328543051e+01
9.691017285363312084e+00
6.191633816699634707e+01
2.657788665878466627e+00
2.943390291312327278e+01
2.211237920773206689e+00
7.732326737638599568e+00
7.676685435109921407e+00
2.270130547735353943e+01
2.292119843354003805e+01
4.066911820277257839e+00
2.368782840280130131e+01
6.099960645085957367e+00
2.610344652219486150e+01
5.302321803422725743e+00
1.359024808022198094e+01
2.806893098571535461e+00
5.510785281849248918e+01
4.167601845854690623e+01
2.344796276586701822e+02
6.562424625945715295e-01
4.518993556024015312e+00
5.762030225124492588e+00
1.476354278002595555e+00
2.149080362929938204e+00
1.394594262309056809e+00
5.355694107041314567e+01
1.950726159145526717e+00
1.991422002192375640e+00
1.202396648218676489e+01
8.302979580001476734e+00
6.149642677303327254e+00
4.049192875963238514e+00
1.312987649321198447e+01
7.324211452894354046e+00
8.158973138803954583e+00
3.067785507320536453e+00
4.852349445034000297e+01
6.023635946887059944e+00
6.280395719705524016e+00
1.527935067282192705e+01
6.938834894465591319e+00
6.323283048549034646e+01
8.458716849309707797e+00
2.030338919158158451e+00
9.027682532895010326e+00
9.559703929195769723e-01
6.032906488698688463e+01
6.096596203663486868e+00
5.771049429034611933e+00
8.444923885899807914e+00
1.744483461896409437e+01
4.758508090728891027e+00
1.159560891831562657e+01
7.225107569079064262e+00
1.352107943739016527e+01
2.960757120057784064e+01
4.513776148289596613e+00
8.487818683513312479e+00
5.045701237734327549e+00
5.156626277233310240e+00
2.157030829598219412e+01
3.008396400518014602e+00
5.950499545140687907e+00
5.444224445823989678e-01
2.573188595849790428e+00
6.633041259140080026e-01
2.357218080705863983e+01
5.568125324036856227e+00
7.175436201165756245e+01
4.528968352861860502e+00
2.543676856366089645e+00
3.388380070233571573e+00
2.554124042708815434e+00
3.771584027580482612e+00
4.750750596914032009e+00
3.501236408109618115e+00
4.780734736936430096e+01
3.783013891065098733e+01
1.002984907938307835e+01
9.296736252184423677e+00
4.684000975042903470e+00
4.612001884932399598e+00
5.612803953357976994e+00
3.419494021880755952e+01
2.002420484511101506e+01
3.558023105155195154e+00
5.744320162207027458e+00
5.408057415043337812e+01
1.711674504175408451e+00
1.659917955362096365e+01
2.276203379700084906e+00
1.189873969467825532e+01
7.411830662943589942e+00
1.509762978720454996e+01
5.827603380585064663e+00
2.921889973399137919e+00
1.111461211140134964e+01
4.963604112278468250e+01
6.278002137364038227e+00
4.048439320194177959e+00
3.578348380648058935e+00
9.820808599361046731e+01
4.429194643738960480e+01
1.490395448121092059e+01
9.017330512854401903e+00
5.448476402584628175e+00
1.105507341435804314e+01
3.494070977630653108e+00
3.474557800960800247e+00
2.729483351983579276e+00
4.253608731570776769e+01
4.619168069015609746e+01
