2.033244138409710189e+00
8.442363182881077677e+00
4.217324240953257863e+00
4.679734897549122863e+00
1.501925743282482095e+01
2.571646048836683907e+00
4.323519561694456392e+00
4.081171939210829436e+00
2.304595085444384850e+00
1.186958978760204841e+00
1.717406138088378720e+00
6.124634445874139743e+00
2.824421832453796632e+00
2.549747994682474150e+00
6.224035150282309026e+00
1.499272096279518740e+00
2.927642287298522383e+00
1.821012006249685289e+00
2.524762035498585355e+00
3.385374112870803920e+00
2.445598534173119010e+00
2.641875000062892109e+00
4.724762869064862869e+00
4.793841738684798237e+00
4.025031019831486034e+00
4.295071725358546644e+00
7.451681214872206027e+00
1.972443092806499321e+00
2.461829703363683564e+00
6.328615653958818754e+00
2.956765053781336583e+00
1.929375718689620989e+00
5.162389428320708795e+00
3.210649275257580371e+00
6.630423591425473440e+00
1.665737288555027451e+00
5.909286303565716381e+00
1.232458595203549612e+00
2.165704803283921009e+00
1.881286736317171027e+00
1.993173060074184821e+00
2.846615153302739287e+00
7.022596116761524954e+00
3.568456901445028695e+00
3.704104563135054207e+00
2.397223211951447386e+00
1.503103121361531125e+00
2.464610979924438450e+00
3.453540119567844791e+00
2.341207196183685113e+00
1.822626063765252491e+00
2.033829463944962335e+00
5.994249458922502605e-01
4.173817333933133256e+00
4.609533582360455739e+00
2.994210130158036165e+00
2.835532518895922394e+00
2.552190913576679154e+00
2.266567950462276215e+00
4.032539067281029510e+00
5.320429254399649643e+00
1.983074023051710766e+00
3.402335492673948636e+00
2.107134624781784815e+00
4.304701001697679885e+00
4.585100022520553154e+00
7.174098871584264181e+00
3.582191528955229742e+00
2.728806249150582897e+00
1.784712916264837634e+00
2.943595331289640793e+00
3.828345688987105699e+00
1.746095572447943889e+00
2.454957151217529887e+00
4.501518642459075181e+00
3.077788955638014912e+00
2.253488824668511192e+00
1.228118542840094474e+00
2.919107321875059835e+00
7.778301909075372222e+00
3.522862860221127601e+00
7.646698275512136433e+00
3.572095059264863259e+00
2.750462268829025891e+00
2.422238962449038802e+00
3.703239812616055726e+00
4.692277227373548243e+00
7.031207844479218316e+00
7.348453956593704595e-01
3.382058838554457658e+00
5.058466398126277852e+00
1.710864021286824466e+00
4.575569578025159956e+00
5.456964459253673461e+00
4.989365220808854140e+00
6.123120330032270964e+00
3.208998569923604549e+00
3.115524374105351768e+00
6.836862210626103220e+00
2.294578783735186533e+00
2.688010074399839855e+00
5.036530526847142752e+00
4.363062069049721714e+00
3.062956652246105804e+00
2.717823141695395073e+00
5.889118189539820136e+00
3.428525441887946279e+00
3.037339510376460439e+00
1.997508055773382640e+00
3.318528716243643206e+00
4.688449823928545257e+00
6.050525795412220909e+00
2.139358888717443286e+00
2.343006986412171866e+00
2.620821675683196794e+00
2.142626355693008300e+00
2.995640908658752544e+00
1.291916687981838452e+00
2.714733022787530814e+00
2.767437681348147382e+00
1.983232978010127656e+00
4.336919459714648539e+00
3.547895618226202696e+00
2.549326496762819083e+00
5.209956880417010439e+00
3.022381833562364228e+00
4.633562038136176398e+00
5.653277877757142633e+00
1.842418173706860562e+00
1.069454680262754032e+01
2.610552596191172192e+00
9.674569372233243314e+00
2.325229184214637979e+00
4.627676921765349505e+00
2.890221924395289577e+00
3.542441238850760676e+00
1.036517163401382646e+01
7.093488215879439451e+00
7.699688119200764902e+00
2.628459734730907549e+00
1.158747898196004211e+00
3.315537998055055446e+00
3.397175969374081728e+00
2.871310181827931629e+00
5.848983305739237970e+00
6.262667676730151456e-01
1.313192408018131419e+00
2.257511423933964423e+00
8.431152709579471605e+00
2.666026332199428861e+00
1.675408192530420948e+00
1.369784207987744917e+00
3.436984197886629122e+00
3.221016277271353978e+00
3.182796394047725741e+00
3.603183418997748966e+00
1.832903267365697753e+00
3.775862119748451207e+00
2.027298127071889056e+00
4.148925642666556612e+00
8.249304334284797591e+00
1.201966391751208896e+00
4.687074429286103516e+00
5.952438273675882741e+00
2.590999382450322130e+00
3.711373134640127081e+00
7.054230246033228013e+00
2.143805966366215454e+00
3.749233630825385077e+00
2.599110078819507397e+00
2.359453476936137051e+00
7.985382547599980896e+00
2.673916406437907956e+00
5.083276961401992367e+00
4.390059974002123333e+00
3.588254177726294181e+00
2.395683876984243454e+00
2.187856186801790503e+00
1.811665050288219003e+00
5.451002905153671918e+00
4.041952626531712944e+00
1.627849399884265358e+00
6.610800267041108569e+00
8.681789113665510982e+00
3.837550432164428038e+00
4.025773585806679655e+00
9.006898625918481116e+00
3.782090395863596299e+00
8.347887321833086238e-01
4.656590461520763391e+00
1.361296307399848526e+00
1.606666422651946480e+00
3.645970427482241316e+00
1.371930931834342893e+00
3.477112231251505925e+00
2.423644770885439392e+00
2.200893731716233592e+00
1.322711280349480045e+00
9.936186205902327373e+00
2.973117231508169755e+00
1.240034199048339003e+00
9.084117900329598427e+00
4.455172489284205284e+00
7.396873150657686580e+00
9.883504074025259989e-01
5.552147365135306600e+00
4.527310661271434000e+00
4.899650233657476761e+00
5.088905720882549666e+00
2.867746308984575609e+00
2.400570944193894718e+00
3.328328172538620233e+00
4.065777802293229826e+00
5.551961509484920398e+00
1.783736576533633933e+00
4.330725893785710490e+00
1.094364530827964366e+00
5.426413981798508424e+00
2.990404131704425428e+00
4.134541930342659377e+00
1.264358546069934919e+00
2.412497574680623647e+00
4.814935142542948299e+00
3.963207767292855621e+00
4.539849116868875711e+00
4.842753908704741761e+00
2.467759632236578682e+00
3.289220636329373892e+00
1.774536305433813466e+00
2.103829397513912181e+00
3.090857248119380341e+00
2.307251923608891087e+00
5.412243231804823473e+00
3.286133586204265544e+00
1.774412735353410042e+00
7.128078149324222679e+00
1.676252224169152205e+00
1.485852245482807588e+00
3.018551287763759361e-01
1.012698163223368653e+01
2.840120578698164255e+00
1.401628746694415284e+00
5.430843796410220747e+00
4.004231300757841616e+00
3.789103439575425725e+00
2.418724567474540788e+00
2.214465716856349076e+00
1.664674819457813815e+00
2.067056593802598208e+00
6.012545485494833031e+00
3.588077070127710044e+00
1.794365429844220428e+00
6.888439120933084858e+00
4.573535052376580090e+00
3.401282120152139932e+00
2.828344042208948306e+00
3.559789217897504798e+00
4.010399718019680648e+00
4.037547086571878552e+00
2.724242753830572017e+00
2.597116536902662531e+00
5.003491914023507903e+00
1.931567374334782983e+00
3.144679995274446416e+00
1.989837022269302258e+00
7.139525781264912219e+00
2.734629144725214456e+00
2.393156442896611225e+00
2.149272539020028017e+00
5.443636317621487031e+00
3.912383712639396549e+00
7.073814410204501968e+00
3.972716421754028726e+00
2.638967141743022715e+00
2.565882508795464645e+00
2.703672606876643236e+00
3.500729978715888535e+00
2.510491614453418396e+00
3.986021374956136398e+00
2.852622818601885601e+00
3.936138116187732905e+00
1.369063998638767377e+00
3.961697457533288169e+00
3.238666046270099574e+00
2.593511656208904892e+00
3.255999149500866885e+00
5.610424895033522930e+00
7.077582043567053560e+00
4.342464815574397896e+00
4.516970617954974010e+00
1.120608991932332099e+00
3.283538306512005178e+00
2.335171663660728480e+00
1.454936624424413516e+00
8.015858381955798251e+00
3.877037054820261730e+00
3.551215235150647409e+00
2.281636784784707661e+00
2.317185341296716494e+00
1.376713829297030456e+00
6.312615854826946205e+00
3.581668731017731755e+00
4.012222603584181257e+00
1.142788921243156786e+00
1.104546255083446837e+00
1.474965392857111368e+01
1.531893698243804058e+00
2.248786099338133670e+00
2.258952990405605821e+00
5.006525031219156041e+00
1.746450698271519775e+00
1.383460338754912256e+00
2.434833122443394338e+00
2.301708651795577154e+00
6.943349543108507049e+00
2.376931437437466599e+00
2.230771664086867112e+00
7.440222083365977568e+00
2.834377578931793984e+00
9.505929764409696503e+00
3.591652222579591491e+00
1.760273415230701577e+00
1.099298434110569822e+00
2.419411278121788023e+00
7.745757761140853681e+00
4.377056978634704443e+00
1.527413627975310551e+00
4.650048315767916662e+00
3.276494739986922422e+00
5.560949593279327807e+00
2.276236193997902557e+00
2.894219426386289484e+00
5.356940414657130667e+00
3.530279500275389282e+00
1.289888690071719912e+00
2.993969030878679938e+00
3.843803073298996953e+00
4.398878059619523384e+00
2.845461571116886468e+00
1.147714003136218253e+01
7.040839725404026694e+00
2.816566977910103020e+00
3.697726423631579440e+00
2.396946890238781602e+00
2.209800258005012008e+00
4.993451591305928972e+00
4.161312226619537924e+00
1.617315988009502270e+00
2.973585275926791560e+00
4.055323996414799126e+00
4.501677588836930255e+00
3.872959962526274946e+00
1.807052054793858442e+00
2.714030125281537309e+00
3.237606946778412986e+00
1.834592358850935634e+00
7.274097147491809245e+00
3.146661164635103702e+00
1.870696021070767934e+00
3.613960636743944299e+00
5.678284444660221197e+00
4.260115650294096667e+00
2.405733096205413091e+00
3.998149388891366840e+00
5.447430764202180420e+00
7.366209278870107013e+00
4.904987080880726324e+00
5.092300270237364757e+00
6.702189595369345554e+00
3.827822661672729776e+00
4.332176135858276211e+00
6.848007080762664955e+00
1.661027759693493699e+00
1.760797268130957827e+00
1.696580277019032357e+00
2.106219313917780944e+00
5.891633310996763129e+00
1.331972412428318542e+00
2.167705063542696653e+00
1.808696544386357186e+00
2.635070831367136712e+00
7.117851244690993617e+00
3.502339781156724285e+00
2.128881249558410182e+00
2.522803261209531911e+00
1.280759863461426784e+00
3.100341141682902091e+00
6.453729699053902813e+00
4.757807397372953773e+00
3.603409924847806423e+00
2.490833421215677301e+00
3.343615859851738925e+00
1.131432092165229220e+00
3.697121776625569733e+00
4.389917738004506909e+00
3.798506861469772122e+00
5.946991218272716040e+00
1.856996787359992496e+01
4.185352413061604437e+00
4.740978729067247599e+00
2.826064163354421233e+00
3.525723362196967692e+00
2.868000637606780145e+00
3.184793435236295878e+00
7.029575428001885840e+00
1.106301331735624061e+00
2.758986533792375795e+00
2.783737227256533053e+00
5.925651197914973523e+00
7.848796877669928840e+00
1.296580030770469127e+00
1.056726416952345149e+00
1.479630320215776340e+00
3.624669504655750885e+00
1.592618885101599435e+00
9.449945770479283524e+00
2.041936255481802576e+00
3.295436679192610629e+00
2.661257850668438341e+00
2.692065019991111807e+00
1.767909150638073523e+00
4.618762116569707921e+00
4.679937727153250293e+00
2.484869151798789755e+00
2.043387740889162529e+00
5.504528082077607465e+00
5.969592211998179465e+00
9.833118261858635023e+00
1.714927707236747478e+00
3.733106063607479097e+00
3.124102961911967569e+00
8.625166162736812581e+00
2.291283406998768868e+00
1.512827734625842746e+00
1.804423878202759290e+00
3.765599721576683212e+00
4.897249432565645044e+00
1.978294884110909813e+00
5.981443356124798605e+00
3.833310199609011093e+00
1.940405297118131145e+00
9.388546536164404932e-01
3.075669952656626460e+00
2.753365272001306430e+00
2.971221722935903919e+00
1.338919741188703716e+00
3.379872802194085590e+00
2.397473570614437666e+00
5.538453079427934078e+00
3.975639091702790839e+00
3.046560868248822107e+00
5.796378870401719396e+00
3.933722479588460441e+00
9.520732820572742838e+00
8.067890166537440066e+00
3.817624527213188124e+00
1.686846357029615939e+00
2.631323825317450460e+00
3.420133297352918600e+00
9.413122237507588475e-01
1.817475157346795989e+00
3.935473169642787816e+00
5.330717592904950841e+00
1.563036677996227031e+00
8.267445065718669994e+00
4.931383394994093727e+00
2.813062411769686744e+00
4.340801655379602941e+00
4.254725168305439453e+00
1.848005751772721528e+00
7.165689205865435341e+00
6.927694566289236633e+00
3.267476732852178767e+00
2.638691042961121447e+00
5.846721168307277949e+00
6.524030058646797414e+00
2.399186178762455768e+00
4.139296958333060772e+00
2.777651741338894809e+00
2.799937759157381301e+00
6.672902472295030307e+00
3.275739950583201221e+00
3.537783624941736704e+00
3.668502447422067991e+00
3.664613665206255533e+00
5.969129502213252891e+00
5.507369797225567964e+00
1.202307398268533944e+00
3.396271405336619864e+00
2.647056149262271951e+00
2.929809076437614124e+00
3.739442941943885046e+00
1.457326220148563722e+00
1.750333742918227076e+00
3.772382487864823553e+00
3.300069473953985533e+00
2.283422931798942290e+00
9.437804450414213342e-01
2.457926208051581796e+00
1.921415793917108372e+00
