1.985447818296723899e+00
1.847752889508835761e+00
2.137337974304514443e+00
3.087046418941694181e+00
1.634303720503604174e+00
2.028545833604812554e+00
1.529337609339303183e+00
2.511972506962950380e+00
1.916652114504661331e+00
1.806906644085563229e+00
1.243304484843496871e+00
1.533493730888899398e+00
1.859650590303329576e+00
2.006730043988209644e+00
1.847817680112442629e+00
2.094959667313817331e+00
2.756257845491840719e+00
1.765992094954875524e+00
2.797689102264981464e+00
2.483682955214687293e+00
2.123249280592854227e+00
2.596044049702751266e+00
2.050336535035239383e+00
1.445846739093903821e+00
2.389137499533775522e+00
1.961783799546420237e+00
2.259337741145587941e+00
2.494860067932785253e+00
2.206730909118552297e+00
2.554286357706651245e+00
1.505603433985868156e+00
1.494125531197432410e+00
1.931505699242663798e+00
2.039118987463365507e+00
1.884310085622249886e+00
1.783165840484497666e+00
1.196334493585885284e+00
2.668078390612417028e+00
1.905288784989527029e+00
1.690859408972770650e+00
1.572242512660399383e+00
1.395448844092824547e+00
1.995658450766216285e+00
1.972869664161031267e+00
2.343637523544592760e+00
1.770691202440190182e+00
2.001467177140714870e+00
2.782676249522332057e+00
1.464291432554148953e+00
1.369329386813821881e+00
2.001890179891786303e+00
1.637582741600254188e+00
1.923549737100093360e+00
2.243247098853235144e+00
2.039187162462535952e+00
2.198244038822700475e+00
2.087846228208912969e+00
1.986518700008884197e+00
1.396546698605265924e+00
1.730709686155506244e+00
2.626821741392079801e+00
1.601138926337031698e+00
1.919638993069049615e+00
2.345828649592672122e+00
1.676302015456106353e+00
2.010743979294804529e+00
1.310193357234215483e+00
1.355736590747936399e+00
2.392852456133530481e+00
1.420517654851692457e+00
2.071821478398743199e+00
1.774237929662333180e+00
3.523367183485779819e+00
2.115255402477422386e+00
1.478264688883421440e+00
1.923668745916715217e+00
1.781736577680067546e+00
1.735361034848046158e+00
2.193456144561507060e+00
2.928396623396156251e+00
2.670864504397084005e+00
1.538333629765398891e+00
1.430516963817726639e+00
2.026171011752552431e+00
1.704835431403284307e+00
1.291797404727167864e+00
1.944274924465543730e+00
2.068294891546942793e+00
1.250722123821366827e+00
2.261205981469895931e+00
1.659661870618406088e+00
2.099836592547638325e+00
1.918347160564580101e+00
1.673664727663381147e+00
1.442694325977429415e+00
1.728117445472170832e+00
1.822581045226750573e+00
1.894821659672670355e+00
1.809960889093671144e+00
1.575680174829318325e+00
1.640458375975007543e+00
2.181528759051893473e+00
2.220833266587495913e+00
1.175907197152093797e+00
2.203078192525833590e+00
1.621694736313333385e+00
2.238296162183431193e+00
1.908974702909664423e+00
2.473390838677896220e+00
1.995665939391569887e+00
2.129734524939967510e+00
2.270861164455304504e+00
1.865684338644985507e+00
1.827538941879909062e+00
2.725459750840718343e+00
2.245252286420295285e+00
1.657260711425231570e+00
2.618280096076280206e+00
1.714060808322687368e+00
2.840352685983916103e+00
1.810196871973619448e+00
1.746323052777670970e+00
1.777818437405396690e+00
2.159957412541368971e+00
1.900685653491046345e+00
1.837383770000222905e+00
1.914517582821176900e+00
2.007622192680987183e+00
2.481622039236478283e+00
1.288043165057826567e+00
2.211102095620044228e+00
1.575289286520482612e+00
1.886781718312480427e+00
2.062204984553059450e+00
3.495020922254378437e+00
1.784519126546646017e+00
1.844262163444580604e+00
1.883757067524268969e+00
1.325321850669084256e+00
1.798212720736292125e+00
2.230395497087027223e+00
1.915033016508757457e+00
1.520840403414336794e+00
2.901251773126724220e+00
1.502886798872138607e+00
2.039369664748500455e+00
2.131552096146800412e+00
2.034830904168905885e+00
2.314474733776014759e+00
2.416138154565577345e+00
1.867695740551348127e+00
2.910982588298003382e+00
1.597703730652548781e+00
1.674926143932699674e+00
1.693421322249436534e+00
2.007441067797688827e+00
1.388856891218074319e+00
1.730758368445297402e+00
2.772350303528908988e+00
2.345207087548450087e+00
2.113027371408354060e+00
1.528473948854552678e+00
2.649851291748620774e+00
1.659538910647612164e+00
2.463020395504107007e+00
1.301363409542887872e+00
1.669217622065889417e+00
1.805524727658608386e+00
2.441045372251943402e+00
1.495880195184243977e+00
2.470819549758254130e+00
2.287659342440805155e+00
1.324532210605687155e+00
2.118223412089858204e+00
2.466755894988397646e+00
2.961012495107139042e+00
1.492592131413890133e+00
1.738468528614405262e+00
1.673380743083170197e+00
1.463369204326036455e+00
1.769789864056458439e+00
1.271733912801450872e+00
3.337655129872870052e+00
1.613756031659307144e+00
1.979505410998710468e+00
2.025317170131484268e+00
2.636600478431780914e+00
3.010258944937453940e+00
2.345918118651173945e+00
2.046637940864001859e+00
1.903905694118317671e+00
2.305582109249026068e+00
2.111160535707226060e+00
2.299107150698823876e+00
1.851467086080240909e+00
2.312429753798113996e+00
2.600238816172987022e+00
1.663296472537673099e+00
2.414165982069071514e+00
1.989076801485192059e+00
2.210052794383940089e+00
1.995515226973382461e+00
2.000187515486073320e+00
2.028144240561108980e+00
1.958157445524670859e+00
1.435732315472050491e+00
2.453357949014757899e+00
2.750818177434434908e+00
1.716494871785893661e+00
1.654150427857389971e+00
2.106318293462904556e+00
1.972249983524763550e+00
1.410562201156660977e+00
2.317467832984850595e+00
1.819398802327497844e+00
1.506600266335082150e+00
2.551943319770081153e+00
1.725213560271573687e+00
2.434907730392938063e+00
2.493030804098783637e+00
1.949411608599245449e+00
3.043910056088416916e+00
2.383577076784081150e+00
1.783430710447585055e+00
2.219203192335242214e+00
2.113591725415000511e+00
2.400592131562862885e+00
2.162522806677511067e+00
1.322318756580018517e+00
2.345983951887783636e+00
1.923266851827277080e+00
2.141420129387634930e+00
1.839700078334853606e+00
1.620169517008458460e+00
1.981595950302011522e+00
1.946897987872091784e+00
1.638947150178846401e+00
2.436589150645180890e+00
1.794949509294377021e+00
1.297864979046129630e+00
1.865622709022715320e+00
1.355402499941868122e+00
1.698705998913148996e+00
1.764109253705218983e+00
1.707234634182417388e+00
1.990002106447246399e+00
1.423134527289685591e+00
2.946447730922557184e+00
2.494224688760632525e+00
1.754071164322840604e+00
2.738051635194099109e+00
1.461363970695546355e+00
1.951026213565286493e+00
1.648332947475633414e+00
2.159784435398022673e+00
2.324993271510119364e+00
2.093048264165803474e+00
1.887428257572447476e+00
1.731876970142320893e+00
1.633746958648598646e+00
1.412845467415639433e+00
2.106720656700893368e+00
1.677845988624378615e+00
1.932113260244436859e+00
2.140448557102042404e+00
1.773506148698325680e+00
2.021342109469319137e+00
1.820658536437718356e+00
2.359389127929119478e+00
2.520286828903899767e+00
2.505051872472532803e+00
1.761560326338184712e+00
2.388918150064722745e+00
1.311429918905203440e+00
2.148001056876080561e+00
2.312192673264134690e+00
2.680513129393252036e+00
1.842859018027734441e+00
1.352963194760448795e+00
1.598861790699643404e+00
2.246216671023643752e+00
1.577270304787057986e+00
1.390400733071147421e+00
2.206879866552959424e+00
2.155325925651578878e+00
2.290802622480819117e+00
1.763987274101135316e+00
1.939675391945864913e+00
1.946165207491084459e+00
1.650719785956070940e+00
1.302925128070955285e+00
1.777655491733573845e+00
2.616427348937641284e+00
2.307092228601186346e+00
2.144148033814876619e+00
1.398189851218142099e+00
1.988749930768955121e+00
2.302621159449736332e+00
2.193133657698197236e+00
1.375749084906908726e+00
1.544190503892383992e+00
2.593455792003884763e+00
1.791672245033667954e+00
1.763463157637801926e+00
2.577170171848460090e+00
1.885790003124671932e+00
1.424162819154088044e+00
1.877689853873227177e+00
2.259197469225210586e+00
2.042358737567336657e+00
2.195337503257791312e+00
2.485183176269542660e+00
1.454060836465638884e+00
1.984840599835112407e+00
2.003556392533692776e+00
1.070461763507979391e+00
2.130844490041381434e+00
2.063142529628301691e+00
1.902886197204051388e+00
1.929407913090089632e+00
2.237447464400376340e+00
2.273638764035321280e+00
1.828566695675885700e+00
2.143451053438872655e+00
9.663794962216082363e-01
1.776240291391399495e+00
1.575406203507759839e+00
1.911103178382642209e+00
1.543070617180575033e+00
2.108326332644484769e+00
1.564634962902400117e+00
2.176820484356602581e+00
2.279864121008678524e+00
1.912674461622958066e+00
2.163041739025503229e+00
2.132354497158194029e+00
2.399870950296411731e+00
2.745783549940258528e+00
2.521849521722538068e+00
2.459320074153115154e+00
1.956631912485916613e+00
1.442608687893749631e+00
1.881267107306921149e+00
2.862866248787583778e+00
2.356144786476598973e+00
2.276106475433015586e+00
1.815599252154279197e+00
1.672711841518081055e+00
1.701432349302290925e+00
3.023276152845074005e+00
1.543484467284587547e+00
1.681612569074244501e+00
2.176108043093469391e+00
2.766191701058814179e+00
1.832685830889039247e+00
2.379814686495238085e+00
1.659922869571423876e+00
1.452611764983281262e+00
1.636261808489606784e+00
1.472051689929669394e+00
2.691149835657464351e+00
2.539597941837194117e+00
2.288633145989089179e+00
2.113439542155131967e+00
1.632628394162913388e+00
1.898096729102953795e+00
1.755889067374881707e+00
1.460833437833645165e+00
2.411451211463847777e+00
2.051077835946127692e+00
1.443439296159137131e+00
1.749705190483346495e+00
1.950162174430376316e+00
1.451540716614670323e+00
2.261716814149468124e+00
2.455415411760703215e+00
1.973459045101147336e+00
2.505689684654385019e+00
1.418681744006845324e+00
1.315307557185131371e+00
1.688560390061427441e+00
3.352829756316791698e+00
2.390165312160543731e+00
1.770315018427527143e+00
2.472361850023449659e+00
1.689497591340777705e+00
1.925893635901470446e+00
1.965069843337353461e+00
1.966522878389068030e+00
1.816836822298148135e+00
3.264351088569908743e+00
1.902398154738451863e+00
1.860000719708691408e+00
2.243216121802216634e+00
1.921176083469088747e+00
2.890487436647395381e+00
1.949826546629221280e+00
1.973491135684878550e+00
2.040751535842829867e+00
1.852484910336178903e+00
1.793636000028942634e+00
2.152350471358266848e+00
2.749194513059287637e+00
1.464410816160150564e+00
1.566859232560580129e+00
1.850203470217632429e+00
1.548185648101355838e+00
1.483716052731149260e+00
1.532905766967665562e+00
1.370068277005689783e+00
1.718268408772496425e+00
1.943287396769830311e+00
2.023180830869176106e+00
2.152691719331024878e+00
1.571935074408093325e+00
1.760801677637299223e+00
1.474533603904916168e+00
3.173601397132349788e+00
2.179463457296281881e+00
1.861388171486692000e+00
1.619199475805295441e+00
1.415220037160423772e+00
1.893133186874216056e+00
2.108234484423409327e+00
2.055790151976386149e+00
1.940003647158138111e+00
2.123815086275752773e+00
2.184755972198229923e+00
2.464299332268303999e+00
2.042530858635457580e+00
1.993058575165508994e+00
3.145527154987465046e+00
1.819390705866588354e+00
1.370914896845080833e+00
2.264383883907064909e+00
1.858203335402254464e+00
1.317584659338757458e+00
1.973121723268382421e+00
1.734134755725773136e+00
1.026977760258178884e+00
1.488801253455907414e+00
2.761243878630068149e+00
2.217962694189991701e+00
2.563886009170567526e+00
1.983244522603256454e+00
1.717675099544777151e+00
1.524684606980979629e+00
2.065834777645386477e+00
1.960578934202845236e+00
1.599156443484949230e+00
2.067573502146017983e+00
3.538487629084596797e+00
1.780730276274960833e+00
2.062079728990590777e+00
1.485593850217021394e+00
1.899727847820816384e+00
2.236687880799097083e+00
1.940053865686977241e+00
1.864684621546282672e+00
1.812358420929717662e+00
1.906064640379939723e+00
1.989121716944851848e+00
1.826578189915447625e+00
2.150544595750258026e+00
2.281967937809321167e+00
1.821600206426631230e+00
1.334104945542160969e+00
1.535478623861598724e+00
1.107800022648055327e+00
2.265196950792625064e+00
2.237635604276125623e+00
1.323457161596161225e+00
1.650924910808389878e+00
2.086186164824362255e+00
1.238337672379354659e+00
2.208119504088026375e+00
2.207484155802029058e+00
2.238128132358089051e+00
2.457478000101368298e+00
1.492782998358967106e+00
3.117627385369150517e+00
1.126428967806275994e+00
1.173840185480175435e+00
1.679510539934991220e+00
1.614372772865062089e+00
1.851257312032759561e+00
1.792635768199881019e+00
2.411065537625452393e+00
1.581863123170726748e+00
2.129182331189970689e+00
1.751580984136966723e+00
1.499360042009997285e+00
1.561103187763598132e+00
2.720827224683952661e+00
1.841490254438925778e+00
3.219718698798408774e+00
2.250842039732411148e+00
1.572811301388133298e+00
1.503598495275341396e+00
1.597598445355681074e+00
1.594942605639298128e+00
1.605270579086994331e+00
1.750547617040528969e+00
1.227618697704512041e+00
1.776404743293084509e+00
1.970164117629640277e+00
2.754056705876552158e+00
1.834760998847508873e+00
2.085687796777083047e+00
1.934223029023459661e+00
2.653969286146883544e+00
2.287749785302366945e+00
1.824820740835765287e+00
1.474218689383211212e+00
1.579303893672879600e+00
1.877018660796606175e+00
2.338219270582984066e+00
1.577475853731147293e+00
1.692724012264949618e+00
2.124369399388818636e+00
1.680975339812296410e+00
2.209093325687819132e+00
2.107836075673404252e+00
1.529306460607780194e+00
2.345587974579814716e+00
1.784819143878688896e+00
1.521619816627993060e+00
1.857131121158649423e+00
2.317553849472393512e+00
1.867741021076876340e+00
1.840711069711986836e+00
2.357692769816128298e+00
1.491826713417832684e+00
2.075023255043829895e+00
2.096806947445790215e+00
1.379484148387938092e+00
1.523430629375951639e+00
2.208689228525726911e+00
1.549712487610035438e+00
2.283403572008487981e+00
1.255088213341837289e+00
1.282551347332761438e+00
1.658932994192739763e+00
1.517197546813842557e+00
1.663104692993326861e+00
2.101073578679055753e+00
1.628910681155385065e+00
2.163099923935306812e+00
1.444422204997370507e+00
2.355401532752602112e+00
1.040942102687580251e+00
1.712329642684520481e+00
1.765678555119723825e+00
1.102898425956475359e+00
2.148370432773202499e+00
2.290960134488881028e+00
1.750246648176860154e+00
2.072300090449700871e+00
1.431608265082257025e+00
2.629546470309211514e+00
1.593133056396989877e+00
2.295176050913372290e+00
3.111051844944388023e+00
3.543066143520550604e+00
1.259859388358862020e+00
1.946311497026234072e+00
1.671037494637339194e+00
1.687659759969178719e+00
1.695499790455016420e+00
1.658880579396400989e+00
2.978240475877992566e+00
1.481331591214845034e+00
1.805460546460763149e+00
1.664503347722902094e+00
1.329298861751109229e+00
2.023885521295101242e+00
1.831881009367149371e+00
2.000242660274489825e+00
1.369764599748529488e+00
2.482929409559671008e+00
2.387287257381142780e+00
1.331004931926726753e+00
1.819469508847388894e+00
2.518032819655348309e+00
8.907629039518587533e-01
2.987731643696165840e+00
2.409001860468441780e+00
1.395865443385029714e+00
2.007314629173051035e+00
2.199223275079378315e+00
2.123204268497166591e+00
2.107584010443725120e+00
1.863337629699882703e+00
2.407225369994840491e+00
2.393447697112898176e+00
1.479366333530395927e+00
1.710998027474848193e+00
2.470603556491119956e+00
2.210781321936903243e+00
2.919150503911287942e+00
1.664022205791968467e+00
1.756415334774920289e+00
1.296147834155548129e+00
2.016882413690173959e+00
2.420963831229978158e+00
2.112000313260991469e+00
2.267521432371362167e+00
2.921414694572045612e+00
1.458944904491136896e+00
1.610067996642596588e+00
2.707114856973258821e+00
2.119213771577238781e+00
2.184359527133236778e+00
2.079671962249633133e+00
1.729004716657531748e+00
1.682970962727236230e+00
1.855475809667468612e+00
2.745573248952712042e+00
1.516991476228410241e+00
2.736749293447521492e+00
1.514461180481431413e+00
1.206789359635553671e+00
2.225549562630011913e+00
1.673794780882368105e+00
3.574150507232724205e+00
2.168725987754185347e+00
1.600460477051715680e+00
1.653191017004789654e+00
1.993266400159550811e+00
2.496467246017624042e+00
1.979435480972125516e+00
2.705111540952116478e+00
1.668029671726983576e+00
2.177551089772959969e+00
2.577042216180238654e+00
2.632235877233787491e+00
1.592349423013584619e+00
2.114895569626009220e+00
1.962106915180618305e+00
1.981658484246521690e+00
2.247617346631661128e+00
1.786928804178774755e+00
2.301230714464741922e+00
1.161794484379662373e+00
3.101140584181590221e+00
2.454001382015179811e+00
2.092243413169079247e+00
2.461220091047345182e+00
1.569027085630317009e+00
1.733563390108876501e+00
1.197638461527639420e+00
1.825959811758227191e+00
1.492523699374724400e+00
2.001645692626716322e+00
2.400622011621637242e+00
1.620341845162719396e+00
1.977354763856522313e+00
2.197505750371647970e+00
1.925195552060982473e+00
2.139859642579345689e+00
2.973418708003889410e+00
2.660754931916389232e+00
2.559349103962971217e+00
2.230395838346278747e+00
1.876868009499232048e+00
1.989994545763031031e+00
1.654661490662249212e+00
2.042948769862737990e+00
1.900304905058193938e+00
1.675416029926413808e+00
2.377248680610667630e+00
1.357819359964186345e+00
1.537187939590941799e+00
1.434101105782194630e+00
1.479228965556905750e+00
1.909798724619738763e+00
2.189738682125648150e+00
2.059008512370611221e+00
2.312878123051456125e+00
1.599286610935407804e+00
2.383275570506626195e+00
1.094871946348100478e+00
2.894781575963694564e+00
1.957014602481345955e+00
1.588219263041579454e+00
1.591175319769456253e+00
2.901456471590918351e+00
1.677366058208828559e+00
1.796890701165962057e+00
1.147639645625334159e+00
1.722733207718806892e+00
1.581584768023684973e+00
1.980167041460708433e+00
1.923574688082489548e+00
1.812738977155278652e+00
2.390800071549928685e+00
2.091215915617641752e+00
1.422835971136089173e+00
1.457120597320407995e+00
2.413812952637514275e+00
2.312600662616555613e+00
1.662037418243179188e+00
2.008338907977052390e+00
2.239551207809733491e+00
1.562372997970947974e+00
2.033444692824527333e+00
2.586819685733247276e+00
1.731139305715357901e+00
2.338200617023456385e+00
2.168098019081430294e+00
1.331974749715380879e+00
1.947322936283137240e+00
1.654717977089653180e+00
3.160180385652747503e+00
1.673204189441256817e+00
2.037136327606782427e+00
3.173857781954644963e+00
2.048497093513582890e+00
1.986895159039717695e+00
2.073086366806464298e+00
1.486526989418811562e+00
1.226329121934549571e+00
1.998053844906789500e+00
2.292012569049541426e+00
2.167357719221812751e+00
1.761517908438269053e+00
2.142763417845789498e+00
2.500387118016706989e+00
2.199999943648995870e+00
1.728588685015522541e+00
1.688641446488542197e+00
1.738273215274555694e+00
2.256378270671095532e+00
2.459127501119696468e+00
2.350130792768980736e+00
1.863140718435667420e+00
2.356835510145001145e+00
1.991655393280453934e+00
2.692002689322790410e+00
2.553850209378567548e+00
2.392918730814879602e+00
1.972034659617225572e+00
1.910435768525646560e+00
2.405119785953852674e+00
2.482258243891435345e+00
2.257029732230233510e+00
2.748604892037657788e+00
1.316467422215907179e+00
2.711182333425414814e+00
2.670533010192583490e+00
1.885438575804718964e+00
1.962742173146462932e+00
1.637799849418712483e+00
1.469639484034936938e+00
1.717850263478054806e+00
1.881092788181429887e+00
2.503241698189177189e+00
1.816560160968190285e+00
2.294232015596297192e+00
1.521573745174229719e+00
3.613102272070203291e+00
2.365877683004578902e+00
2.837122079099874128e+00
1.753030805023724659e+00
2.410780790843943144e+00
1.872590950124586096e+00
2.504234801399612742e+00
1.699180305558242621e+00
2.090890509454332413e+00
2.078387144154203447e+00
1.132263445441687555e+00
2.209865025507988801e+00
1.453957546378515264e+00
1.868339038104412042e+00
2.388159505271200356e+00
2.820735708591442403e+00
2.304413230365832899e+00
1.970805767523446717e+00
1.473925660990269559e+00
1.879757362005220367e+00
2.543763689067496614e+00
2.154068421605929817e+00
1.675774776151225609e+00
2.398596916901246878e+00
1.871392379027878361e+00
1.385794387367528691e+00
2.117515738169120976e+00
1.884572469743086121e+00
1.834463076979371499e+00
1.287647307832302079e+00
1.959605276862079748e+00
1.552687081685501846e+00
1.582216770210461254e+00
1.372402195741796005e+00
1.319631606134368251e+00
2.336907610671369095e+00
2.068277509241966072e+00
1.909397355590500389e+00
1.394895111016810407e+00
1.510453342041677915e+00
1.822418333705090765e+00
1.555270612606528990e+00
2.035589885292999224e+00
3.871251689574757293e+00
1.698630942605444005e+00
2.219947280763066466e+00
2.605195332472222347e+00
1.205437080304103903e+00
1.927083950581885752e+00
2.229196812272488337e+00
2.645720824506676561e+00
2.681141013865754985e+00
1.667076698772940402e+00
2.963405264700830877e+00
2.264409919938827453e+00
1.305214178252989354e+00
2.766780803243387599e+00
2.209576324143839532e+00
3.241692389554772014e+00
1.796645740047980278e+00
2.016796530036598867e+00
1.989592360371067237e+00
2.008383081066034581e+00
2.471913805238748374e+00
2.046516507150394570e+00
2.450606982741138751e+00
2.338484712400390464e+00
2.162031727775028944e+00
1.408300564632965601e+00
2.844610622654093923e+00
2.017834405543715182e+00
1.404253106629077985e+00
2.257266776470984837e+00
1.952126518726325255e+00
1.652467067970235792e+00
1.233624067616072795e+00
1.000798690378029043e+00
1.950167899657697435e+00
2.415898340766871044e+00
2.741348713792301162e+00
2.107254378787259075e+00
1.567708144161100492e+00
1.094917881554517747e+00
1.446258150137284870e+00
1.898603208406157705e+00
2.228785364615775588e+00
1.269310930108477509e+00
1.426149959682332380e+00
1.650001433312204169e+00
1.841724168195435274e+00
1.661088940817355031e+00
3.300505926127224043e+00
2.341821720555049335e+00
2.151375205097016075e+00
1.502112239281943262e+00
2.295107887149080650e+00
1.363809067823146703e+00
2.651652955564834713e+00
1.334434541025083965e+00
2.423737467419035507e+00
2.254320529289998820e+00
1.715286430541134388e+00
2.073102893437583027e+00
1.575548844357419709e+00
1.781089763083111288e+00
1.854532718456940232e+00
1.698687676888116949e+00
2.092632297142238862e+00
1.828179853961758417e+00
1.460437348864825680e+00
1.953527833609931097e+00
1.600515915169186343e+00
2.420930807221504555e+00
1.877288828985860025e+00
1.397230536030116266e+00
1.546950906172521734e+00
2.811743953235750659e+00
2.410643602751502801e+00
3.357972416795659054e+00
1.313723677828633418e+00
2.627007860093105052e+00
1.796815159490275260e+00
1.807529089459555038e+00
2.470990742355364311e+00
1.367864927356424065e+00
1.603028919204191105e+00
1.966660855153198550e+00
1.839037418910466348e+00
1.647948713733000670e+00
2.835770094203789338e+00
1.306938593516859148e+00
1.520028271824967581e+00
2.506448744710183085e+00
2.172719356807986113e+00
2.435656881749733937e+00
2.727846697717113411e+00
1.801867736570183842e+00
3.321864174105566114e+00
2.607291545944058875e+00
2.086607488680858324e+00
1.739338736073875458e+00
1.974875766578892522e+00
1.493160989238851544e+00
2.274986609620584410e+00
1.004484085233677826e+00
1.590297249386205092e+00
1.877739707724801921e+00
1.515389561094484305e+00
1.836451598190416146e+00
2.406385407136390153e+00
1.845955129169656317e+00
2.261281172200514611e+00
1.787129763661575277e+00
1.781778744458706765e+00
1.341859321265007399e+00
2.172767567652926779e+00
2.830835487489450131e+00
2.258470409495684450e+00
1.625955842642567761e+00
1.938674200601125719e+00
1.637262717623611863e+00
1.662404455860807095e+00
1.809036079347675186e+00
2.813185617808323435e+00
1.492365804011529073e+00
2.024515542190733708e+00
2.706289383623859734e+00
1.979521157000276421e+00
1.999754280292092012e+00
2.079704097729551560e+00
2.451977328852938953e+00
1.892763086334960487e+00
2.470347981745267152e+00
2.039348298743827836e+00
2.104307137971513697e+00
2.270845782565793058e+00
2.351963896662003783e+00
2.712509635864449375e+00
2.112225358835077671e+00
2.024779423853938720e+00
1.417269959703723492e+00
2.066063754579549272e+00
1.623139199973566482e+00
2.071855026945471412e+00
1.179646464208075951e+00
2.081535462312985363e+00
1.134957231820912682e+00
2.126586731292517296e+00
1.732382170745017103e+00
1.120557755614315587e+00
2.491168461863842332e+00
2.539713576072204493e+00
1.554933504200851635e+00
1.677248630596760437e+00
1.923689726451064397e+00
1.759677684358160299e+00
2.588198798095402431e+00
1.395568564485728302e+00
1.498056312109669941e+00
2.474043334808645689e+00
1.696670733081652838e+00
1.734133438030704966e+00
2.160782653312814716e+00
1.402388956693423117e+00
1.839669175746440954e+00
1.802774313597916178e+00
2.188113167900466838e+00
1.781575096386895263e+00
3.191855036685464775e+00
2.458761573485417351e+00
1.182624207333933697e+00
2.219953142761820875e+00
2.515261962441234012e+00
3.304005719159045285e+00
2.166830281874698283e+00
1.776152198884398237e+00
2.396135786516790045e+00
1.589816748128041191e+00
2.086835913359104122e+00
2.002812516327615366e+00
2.083765607123538199e+00
2.260429332985302242e+00
1.116886511069656418e+00
1.413219098580358768e+00
1.497456093529966559e+00
2.845332184434456568e+00
1.467296021871029810e+00
1.868636448174092024e+00
3.040346856123300245e+00
2.262444754460031682e+00
2.277927841305054990e+00
1.652634660093026620e+00
1.375512370762170145e+00
2.791259141531347687e+00
1.056508035572630400e+00
2.312470024953106051e+00
1.938417566816384108e+00
2.468717105308696702e+00
1.642686360978334648e+00
1.658356741327631223e+00
