1.045944465622757669e+01
1.662349454826652106e+01
3.451407173845859044e-01
2.340288627931394139e+00
9.909130985670927316e+00
1.719468410084976995e+01
1.012642248699458847e+00
1.900122286514676517e+01
2.732864260176277149e+00
7.034034995394678802e+00
2.795756231529532787e+00
8.384206497127472346e+00
6.651835100536627188e+00
8.604398578291137412e+00
2.858036880337576857e+00
6.022980303447370787e+00
1.455161829450143607e+01
7.222944861035015540e-01
1.896876757460302043e+00
8.807647818248781846e+00
1.783698866276135497e+00
2.523608365913764917e+00
3.067331473226222460e+00
1.461564791179552358e+01
2.309905516346402621e+01
1.076531698431666406e+01
2.267256569004894029e+00
3.036426150245087108e+00
7.599312489385589231e+00
1.105231443680158065e+01
2.239674494590595533e+00
9.632471281062141344e+00
9.234788917490153182e+00
5.263281259782684884e+01
3.239246356082394129e+01
1.379304717320766649e+01
1.188252812903288103e+01
5.651824288698929166e+00
1.903292416463277847e+00
1.252552930921552177e+00
5.555676008939697930e+00
4.049137890239532744e+00
3.648382891195851130e+00
6.301388153221731514e+00
1.398721384655937872e+00
7.527133697539992063e+00
8.834403583504810697e+00
1.719367768020384801e+01
6.392173384182550100e-01
1.613337765304804661e+00
3.851756353579804504e+00
4.186686202881517715e+00
3.565749777830331091e+00
2.091720362999319072e+00
6.023730722561302819e+00
4.993573948249328431e+00
5.035326235237033821e+00
2.088686876997318365e+00
2.409802924200632024e+00
6.405699946088031282e+00
4.709653603433387126e+00
5.340740698205452830e+00
3.910491761357301144e+00
1.918108230304917505e+00
5.757197694740197491e+00
4.143878168224851777e+00
6.417137865013541109e+00
3.691233967614181211e+00
1.596300899900092274e+00
1.027437348958344598e+00
2.535380976623577709e+01
1.810548339623276881e+00
5.325143740357375144e+00
6.618228630929357870e+00
2.404855467321020512e+00
7.452857281651098731e+00
5.605485971952974467e+01
2.414270956870053109e+00
2.082176564807891594e+00
9.492012148564442642e-01
4.075160998460563455e+00
4.065833756380341057e+00
1.697820364455456144e+00
1.450734170808060775e+01
2.641446803635140395e+00
4.453467218998595989e+00
5.619319146275040255e-01
9.408407214253166728e+00
5.758214635503968282e+00
2.308547437723520002e+00
1.381419036803974798e+01
2.552347712794626577e+00
1.522917985394035156e+01
3.044682338731114868e+01
3.329744033182363783e+00
2.077595792969625421e+01
6.398608122160928779e+00
2.079669517087690167e+01
1.651557044074712621e+01
5.019473086270271889e-01
1.089591686545394289e+00
3.136545569680294410e+00
7.987678217360540955e-01
2.061450177146578522e+00
2.774059873478499361e-01
2.258111807265568594e+00
2.645666345750345538e+00
6.152896604532086755e+00
2.745759638683424875e+00
1.494060707825937939e+01
6.653924780471788480e+00
3.013837645300520673e+00
1.233943922999338305e+01
1.032932460090010451e+01
6.554737309816872859e+00
5.179405862944131300e+00
1.274593035313752010e+00
7.032080515634111073e+00
4.722557213316978419e+00
9.079073345895817937e+00
1.097219576932930263e+00
2.844696265846571315e+00
7.447048660195280112e-01
1.150407814506396065e+01
3.796868367827122004e+00
8.810916681886705959e+00
1.265671784540804534e+00
2.070247366610207251e+01
5.500847628095667297e+00
2.447540733134298208e+00
4.716502266022599699e+00
8.397788885413071114e+00
1.625461547005371710e+00
8.365626145278238113e+00
9.286084854882872275e-01
4.907824628600356398e+00
2.913995207877440041e+00
1.781555589239812942e+00
1.909123366255363496e+00
3.463826582906389451e+00
5.967287931522197830e+00
7.188171563413158438e+00
2.676529902750714562e+00
1.583843598378179429e+01
1.317714854158534177e+00
3.755414157731553182e+00
7.494460510701648204e+00
1.084729271725004329e+00
5.245524645015954945e+00
1.469028062604016860e+01
3.117975913801352306e+00
5.764892007012544006e+00
1.345410828933882641e+01
3.604512170676475336e+00
1.009499176665835307e+01
9.441208351260426124e-01
2.381862856329571798e+01
9.219613825806854734e+00
1.716105418286470119e+00
1.172042346099443577e+00
8.649613836677565004e+00
1.517625853143782599e+01
1.210846879820894451e+01
1.189717848471282480e+00
9.414021488999060328e-01
3.620111637841304297e+00
4.913351961915885191e+00
7.881033264132257798e+00
2.582153230406104782e+00
1.829826804220123559e+00
8.418284472534695029e-01
5.840265580036299031e-01
3.325209231824509448e+00
4.306098985614350561e+00
7.454348739016392500e+00
5.794163288552254265e+00
2.213435133901361240e+01
1.883880435840794787e+00
1.746020715249750666e+01
8.803185502292519615e+00
4.378424566059913481e+00
1.707948140535159975e+00
1.737874896378016487e+01
3.005175269738768140e+00
1.595509524001712442e+01
1.876346138059398427e+00
1.688710817976658518e+01
3.188158167363597251e+00
7.746834067497990084e+00
3.472472328776218031e+00
9.132384250258514413e+00
6.901098130870011005e+00
3.698254156602734266e+00
4.455456881091974353e+00
4.950981167869469957e+00
9.466546322832906091e-01
4.923502736253354328e+00
1.966446766524842849e+00
1.139740952692993403e+01
1.323288062506066343e+00
1.059453419417506836e+01
5.014272924625547745e+00
4.576740487658561563e+00
9.684525793975378605e+00
6.212431634422543425e+00
4.168782812951814520e+00
1.090800354255389770e+01
1.013078424006656419e+01
6.420064711476370922e-01
2.322474968802135109e+00
1.506455019892492686e+01
7.355626495604492554e+00
4.190728081257722337e+00
8.186222509791662105e+00
2.674516660015450409e+00
3.815613917648017495e-01
2.605534399672396528e+00
5.903778299233939819e+00
9.014223404775726367e-01
1.204721762937504437e+01
1.207756692767046447e+00
2.018205853737326194e+00
2.586741509595644306e+00
3.159953762809282640e+00
4.563641247916209842e+00
5.573234722602350644e+00
1.551451233359306414e+01
9.017699871213709528e+00
2.355255624165995876e+00
5.207095069237391627e+00
6.963713623976994782e+00
1.668282868888066872e+01
1.027648932897735889e+01
2.445080626128692103e+01
3.351537845406169058e+00
1.279186770355692815e+01
2.460451584297890193e+01
5.732626263570925751e+00
3.893419252242327211e+00
3.665148021369540654e+00
1.813057110339810407e+01
5.349651829945846870e+00
3.855730165570717904e+00
1.886875010711406953e+00
2.234754437145797024e+00
1.605680762888372692e+00
2.422416258627256624e+00
9.940917355420507917e+00
5.224533469654422113e+00
1.170100754898612472e+01
2.657516589893342385e+00
4.193612157774012417e+00
2.289846325238944047e+00
3.079381013622923824e+00
1.248906950711876540e+01
3.971280224341525944e+00
4.531986726049613168e+00
1.486471843414370397e+01
2.681821460173134941e+00
3.109631132158324007e+01
1.850098342013749120e+00
4.135519126024806980e+00
7.226614301734782586e+00
5.251825883378856474e+00
1.005227486821541660e+01
1.831911984450098618e+00
1.044537019937593492e+01
4.490049793662361788e-01
1.762714350528777629e+01
1.208985188753504758e+01
2.723290028336329271e+00
4.005686447145362372e+00
2.256944548428633013e+00
2.426740326593559427e+00
9.130152403885089640e+00
6.785100003906540778e+00
2.157044724061290708e+01
4.157096545595997839e+00
2.771550297648532446e+00
1.159089268260848726e+01
8.574038881205538587e+00
5.673442455501237491e-01
4.094705179125515571e+00
2.367541981787627314e+00
4.654631926345819792e+00
1.307978248963181489e+00
1.170427657963972301e+00
2.062629000138857549e+01
6.150075346981631164e+00
3.354098152882561301e+00
1.097797937266002322e+01
7.624901776507229556e+00
2.272236539863749183e+00
4.217009904418893562e+00
7.744548751620856653e-01
1.300592036924052675e+00
1.891873655787809527e+00
2.497480455210792094e+00
1.107851378101229578e+01
1.666001055450134993e+00
4.110928733525208933e+00
1.734774508285956252e+00
2.404042727953268788e+00
2.063987755733463214e-01
3.750747845795658897e+00
5.927791076051638797e+00
1.172895627194992185e+00
6.430306176999359025e+00
2.465251452625126127e+00
3.573049848180081534e-01
1.821274402950832894e+01
1.353822515306470997e+01
3.351295361635589387e+00
3.486443534832112778e+00
1.204711065019953509e+00
3.526332191825336526e+00
2.042875240244197865e+00
7.856918022222250997e+00
4.158948093081948905e+00
3.258857682840263781e+00
1.209237122488982186e+00
3.505150143901031967e+00
2.630036801094638577e+01
1.279475502470479586e+00
2.285503591642929599e+00
1.327891768665573657e+01
2.933952135357285496e+00
4.132294313658923635e+00
3.516680424328686883e+00
7.107915990204103807e+00
2.648820180120737167e+00
3.812781970858002190e+00
9.848210907514491907e+00
2.674887869782438088e+00
1.067716535256242771e+00
6.703653284339157636e+00
6.128992879580609454e+00
2.383103657719970236e+00
2.526757375119255133e+00
7.184338243030326865e+00
4.225670686797242226e+00
5.328845156304866215e+00
8.218363695052273155e-01
1.725801698958890462e+00
1.084372645039228589e+00
3.515482073109375705e+01
1.844716755743248227e+00
1.148184005130405794e+01
1.215215903155326016e+00
6.920371682047487205e+00
7.036179659312099766e+00
7.732114789703810942e+00
2.427256902962794616e+00
1.131039626320029301e+00
6.784872714291886098e+00
1.050367231618664476e+01
8.803016341550916835e+00
1.052955084955616272e+01
5.214889929850529349e+00
1.191727291609687356e+01
3.760014300649880514e+00
7.255996546383909340e+00
3.427670653855057759e-01
2.180498297604128999e-01
1.143781595533284623e+01
2.931112285932972483e+01
1.100548892291111258e+01
2.466390049189718603e+00
8.146603990100148351e+00
1.298412213827129058e+01
4.812480398076793620e+00
1.202125149780585645e+01
1.919769267126912382e+01
3.305756049150797793e+00
3.908259731945948001e+00
3.134320292244800754e+01
1.860628155543483153e+00
1.050074660190867704e+00
4.126784256073788626e+00
2.051385980493396044e+00
1.274205977179961025e+01
6.411159638587273335e+00
1.510250927597801551e+00
1.027760356546685472e+01
1.300246680210361738e+01
3.885296338058749743e+00
8.255774844962925130e+00
3.149231427103936110e+00
5.941178675388019137e+00
4.858639252940493591e+00
1.460209886641129984e+01
7.509716505616868432e+00
4.798734593501025714e+00
3.934422831466157788e+00
1.379703000662030332e+00
2.935098506420588560e+00
5.164977178282956771e+00
1.260807687956836887e+01
7.461575792385874095e+00
3.817166894867417781e+00
1.301911700313828968e+00
1.766803302386034780e+00
6.392104387841827107e-01
1.152703975788151425e+01
5.413045170546742363e-02
2.385539109629694288e+00
1.855104924744228390e+00
1.237205349297691015e+01
3.342499852156667828e+01
3.928668536984520010e+00
5.862149813601425841e+00
2.496958703875646002e+00
4.308477007771208678e-01
8.055178877309083774e+00
5.544712122187632097e+00
3.096163081221471103e+00
1.544786115245015745e+00
6.170705064874472789e+00
6.436583187160590525e-01
1.034134852814239380e+01
2.408526316323992056e+00
6.046201943828192427e+00
1.954570312066526316e+00
4.990082467845622816e+00
4.106200955783102735e+00
2.072670333673568521e+01
2.155099416799102698e+02
1.159234752314526329e+00
1.037301628561841937e+00
3.770483246388133924e+00
2.682492465720133890e+00
6.435773464618481654e+00
2.315557229889898760e+00
6.465793126046611050e+00
1.203040224263002322e+01
7.773473454411189421e-01
2.528294972789652206e+01
2.930648373510077231e+00
3.585876507940321645e+00
3.753950089194489359e-01
3.964761138971775178e+00
3.165600591432350175e+00
2.006001643554953251e+00
4.850362586890945238e+00
2.663577522968979494e+01
5.739127737642105487e+00
3.797060598079806670e+00
2.614214316946318561e+01
4.433754520245983599e+00
3.190684351051343182e+00
5.446324855751122129e+01
4.466221861931611414e+00
3.409812791345403493e+00
4.961901873857202716e+00
1.852490867530675089e+01
5.351432380399572253e+00
6.348776796183095428e+00
1.440860681969039936e+00
1.286395126488561402e+01
1.888321531295892974e+00
3.773752675174534055e+00
3.915188607977064805e+00
7.801268718541779501e-01
1.301470530794086322e+01
4.534872039109008601e-01
3.885884926246271576e+00
2.512129242581493838e+00
8.943400265779999359e+00
7.763009836268676800e+00
4.452318202112205192e+00
1.118997800745813676e+00
4.171230844537353377e+00
3.068864366529277632e+01
4.003516569555778837e+00
1.023330421668697454e+01
2.480752519062049632e+00
3.724269469876166738e+01
3.181488344482568564e+00
1.209365488923740850e+00
2.034434664742244880e+00
1.934613476954172073e+00
2.324626413759491417e+00
5.935270407988238794e+00
6.085027740053139400e-01
1.885707931424666750e+00
2.068339196877081232e+00
5.685667949723778314e-01
6.470969262063983152e+00
2.549902280492992190e+01
1.665729005473478797e+00
4.830503130092545505e-01
1.137292390930267016e+00
1.167329462576645049e+00
9.112129502531862713e+00
1.467891820837313288e+00
7.246885164906774257e+00
4.683807164492265862e+00
2.582901276711649885e+01
3.477378275843519440e+00
8.244110438106057259e+00
5.127175125307481096e+00
4.017876930692886539e+00
2.009256528770179351e+00
6.445976911634313522e-01
2.262094081719780903e+01
3.687657369851410571e+00
2.495116889471135835e+01
6.109790469457642814e+00
1.555098540527508355e+01
1.046556885014961136e+00
2.802982600955742143e+00
8.995551938850386620e+00
9.856607988308709878e+00
7.325444685323975191e-01
5.588043476195394099e+00
4.372406177525182791e+00
2.401532088140587717e+00
5.078566764417852042e+00
4.471520843691640379e-01
2.913316054097379038e+00
1.855034836634733608e+01
1.472586383888259753e+01
1.895583610239483718e+01
5.481661306038173365e+00
9.410993513474740224e-01
8.430455778065505612e+00
1.402662544578686621e+01
2.339844036722662057e+00
5.133876056079294870e+00
2.961898132340548884e+01
3.183078082259579222e+00
3.684618914122053557e+00
2.827143465266932942e+00
2.830588253061210313e+00
1.177448906065735379e+00
1.561926126954455318e+00
2.095822973176983517e+00
2.497538271724086378e+00
5.757991243357552413e+00
2.912760097496471090e+01
1.127452583496024019e+01
1.207051431528869045e+01
3.504736889838151015e+00
1.608751302609063316e+01
8.346769377996059447e+00
4.442299757848692465e+00
2.427393606597333164e+00
7.621163624927348224e+00
1.214182548210870571e+01
3.406900895815129449e+00
2.747843264172054045e+00
3.047804777541688992e+00
1.087234767707926153e+00
7.955151659451916046e+00
1.238567849665292187e+01
1.284094687058196627e+01
3.415557541760632532e+00
3.131795261658524065e+00
3.731954146523187354e+00
8.559607570461574610e+00
2.521266622977304528e-01
4.004563344297447536e+00
3.312052945094774437e+00
1.328022354131466543e+01
2.715251412730960379e+00
3.837268912828920797e+00
1.390116821304717032e+00
6.355279537870982765e+00
5.467795685617550250e-01
3.410531001884617108e+00
2.529643325311111468e+00
4.190642770589978472e-01
1.294730262699230749e+01
3.993074033837893388e+00
3.523434165641121663e+00
1.936593778266527899e+00
5.452098395399826991e+00
3.221532952170873543e+00
4.483993541344126754e+00
5.369873627564951235e+00
2.522513270381972372e+00
9.899694650217732317e+00
2.656695016579695867e+00
1.429338428556821139e+00
4.859215065669413747e+00
4.871899002964763525e+00
8.778776830747871962e-01
1.262940270535893106e+01
1.987641280930296350e+00
1.440744641689979844e+01
1.975054349261315734e+00
4.392115050458056835e+00
4.203153631328489404e+00
1.979865850761727275e+00
9.545518765903134195e+00
1.801478277985230525e+00
8.067825215833199781e-01
1.295447701083602432e+01
5.130321802162689515e+00
4.820824156679960892e-01
5.144808118696165167e+00
1.217409567633442435e+01
2.236962887949418644e+01
4.159218140678454745e+01
4.880535083446998712e+00
5.565563294751232348e+00
5.062278953598113862e-01
8.215856343406525708e-01
3.168200445531006437e+00
1.488228500220810657e+00
2.271119965848836131e+01
1.258677964717574094e+00
5.443768671285299510e-01
1.876182081060598961e+01
1.676744793953334645e+00
4.823169791004074392e-01
1.010897641481118114e+01
2.911902860913799795e+00
6.251263924862443311e+00
4.163826394430580891e+00
6.226484808161274920e+00
8.640727632752684961e-01
4.346110394298182911e+00
5.099968466895301589e+00
3.899288211270023563e+00
3.620261002778174309e+00
2.825923654473775137e+00
1.407933036116448733e+01
4.440509273152476233e+00
6.337586391894096671e+00
1.379311820604190775e+00
3.660743500771948433e+00
5.618476817013220881e+00
2.532444072190850548e+01
8.888398506269914456e-01
2.186056490502675587e+01
2.146073866033562183e+01
2.835888249745611489e+00
2.101268190530353852e+00
3.604716504078053774e+00
8.808307828823002117e-01
3.683300097861029343e+01
3.799037660773002756e+00
1.246219371585460811e+00
2.413258640197402549e+00
9.347719254502582231e+00
1.033573724891311585e+01
5.949934252189416739e+00
1.244942330780784268e+01
2.905231243081337400e+00
1.670230589150308198e+00
6.102029357059856274e+00
1.465175985393155678e+01
1.108811493211249610e+00
2.501743394946055687e+00
2.757667850838620982e+00
1.144906782190209471e+00
2.200940331952935836e+01
1.363117153599081366e+00
3.051720281699620063e+00
5.060312441081055823e+01
5.832409127027109008e+00
2.284339083212454824e+00
3.765577645200760060e+01
1.654770106027331522e+01
8.221255524731514441e+00
3.978963352128211728e+00
1.058640639870694500e+01
1.742844385463904189e+01
6.998426201951179593e+00
5.347636564399683046e+00
3.850404787121850081e+00
1.175311714899805260e+01
5.971054088256980696e-01
4.112768120903024283e+01
3.302502512795607803e+00
5.959644289506559112e+00
8.118891032411237774e+00
1.849942844313904100e+00
2.472304326679843101e+01
4.343424049020875977e+00
8.049815684605594157e+00
9.023232468216559887e-01
5.622379957623904190e+00
3.560852210773234106e+01
5.906979099487809748e+00
2.606122072861493777e+00
6.224235372621299334e+00
3.871334684186081176e+00
6.198145951573313939e-01
2.383780305759874096e+01
6.434357211961595491e-01
1.440421385935622300e+00
1.908698695628285646e+00
7.628588399482395532e-01
9.151213007451397541e-01
2.059782379679409470e+00
1.792226190264590402e+00
1.597963210723754246e+00
4.564538404703255559e+00
5.168069302426605560e+00
6.644858833688654265e+00
1.090346834239817397e+01
1.018456781810744438e+01
2.174442019028315798e+00
7.110363760279419409e+00
6.434780887165363339e+00
8.382348106310356428e+00
2.654074207805971142e+00
3.399250442344362799e+00
7.014682322358548383e+00
9.386352659188766268e+00
2.134287042386900168e+01
4.369356105265318924e+00
6.236976532357409120e+00
1.090317004916488486e+01
2.539618824729611646e+00
6.586345594911913182e-01
9.379508682355405469e+00
1.132730501721994365e+01
6.129656787433640730e+00
3.260041957132264301e+00
3.706269276873264573e+00
2.916609417762464074e-01
7.898992388984903812e+01
3.590601996214167979e+00
5.322903939972227327e+00
1.885099284386944074e+00
2.170876455386503423e+00
2.065439582550006037e+01
3.365317183120967393e+00
6.074623212423090557e+00
6.704117316564149220e+00
1.916019180663304411e+01
3.286669977993255998e+00
3.568706353095390860e+00
5.962724281430812567e+00
2.670628482572119822e+01
7.826533915236622008e+00
8.370382102105208943e+00
3.271334501807102502e+00
5.753477283417187671e+00
3.732797591522821090e+00
4.177226133690408183e+00
2.935762313760662767e+00
1.481244694164189468e+00
7.235587551374503823e-01
3.205180197023218547e+00
8.355264177108590928e+00
5.132450978194637692e+00
3.137817638892241590e+01
5.887924427292947627e+00
6.608352236902091947e-01
1.721337159329603850e+00
1.251454216562485300e+01
8.114456693603806059e+00
1.111090242917995496e+01
1.322529720299572720e+00
2.164007621642195645e+01
3.043828451614558261e+01
1.030042288412547746e+00
2.114417796160380725e+00
5.656472424080627448e+00
1.720564186721955879e+00
1.794175200082493760e+01
9.968648798395131294e+00
1.636354222764068567e+01
1.445562699850750255e+00
8.968419175994933212e+00
1.210246220763355085e+00
3.669148091064042383e+00
2.746505419236819456e+00
1.419162659269614712e+00
6.112360817559506998e+00
1.379752502529035585e+00
4.388372827399072307e+00
7.302974756990124661e+00
1.377202906811939132e+00
5.015664787688481674e+00
1.095190381260689172e+01
5.667427356226526491e-01
4.152598858474677357e+00
2.595818958979911883e+00
2.153747654246214793e+01
2.013868144601915322e+00
8.141475168913871130e+00
1.672185826427920219e+01
7.752191733161851062e+00
1.927443492943815340e+00
5.675223918151173663e+00
7.818944870590732066e+00
3.954566063410515309e+00
3.909009487386653880e+00
3.445521603260351728e+00
7.356785084054861201e+00
3.200338505217863450e+00
4.705212585139140202e+00
8.659740085046417235e+00
2.685607149240395231e+00
1.255747515972725026e+01
7.213857686564257854e+00
3.462936217990879029e-01
2.381561448897222988e+00
6.073979630763973958e+00
6.923044688634426569e-01
1.537468999109201429e+00
4.935516748566337597e+00
1.149892601525695923e+01
3.700685723272187033e+00
3.283002679019194403e+00
8.246922712785952569e+00
1.582182734535702906e+01
6.990618048043393706e+00
2.188192323422675223e+00
1.991962718859116066e+01
1.752944250055988862e+00
5.238457541569550457e+00
3.818106750339195443e+00
1.982537879687440663e+00
2.171101053625316268e+01
5.870919546306788028e+00
2.077113568113939657e+00
4.110873028411494712e-01
1.743744209526408406e+00
3.985679973895095429e+00
1.105711419736821854e+00
6.429785808906380851e+00
5.536015640484313494e+00
9.058617979771732109e+00
8.206899343767576127e+00
6.219938880117286573e+00
2.185130604091252593e+01
2.142748118919168832e+01
8.693182815335580571e+00
9.235045737749087991e+00
4.615379847473746189e+00
1.273183709161899602e+00
4.345745780360837252e+00
3.781679384634419883e+00
9.571768027695108927e+00
5.199530978388815505e+00
7.480502192330460431e+00
2.567471454204032710e+01
1.272672074862426328e+01
8.260002982562664187e-01
8.212265306890031979e+01
2.901083952013233436e+00
1.751261817084091632e+01
9.502114753798884816e-01
2.327873287498519872e+01
3.658866008937866177e+00
4.381092415336917956e-01
1.014956294314125262e+00
1.404404626983744686e+00
8.624270504904728796e+00
2.698299186510122638e+01
9.501380597053568522e+00
4.602267751223964254e+00
4.241269643905518905e+01
5.059979042328012433e+00
8.426159848511051820e+00
6.370488078728534731e+00
6.648626554163071800e-01
5.310557437696623140e+00
4.470306793366480846e+00
4.154150957291822266e+00
2.184962366941129730e+01
1.890358100483854553e+00
1.429004076902092191e+00
3.003721992497020210e+00
4.958010522326908642e+00
1.943745397796040608e+00
7.221488177517414009e+00
4.248800764745556791e+00
1.528886440414055059e+01
1.985839573943892544e+00
2.015641639274143415e+00
4.956642406434657033e+00
2.910738444201394870e+01
1.368098391298292782e+01
1.775476253888257716e+01
1.163705320018176614e+01
1.256562454237287341e+01
2.471845980472897608e+01
1.088559817312617817e+01
1.694360338126669419e+01
1.638461196966118649e+01
1.207407143007091399e+01
4.445726407262282187e+00
4.223161857801811081e+00
1.208130194025150983e+00
5.135465532499703833e+00
8.452713167280077045e+00
1.515046012939215814e+00
7.471035459172036930e+00
8.203903840980292239e-01
6.330632377260578814e+00
3.881857069318254361e+00
8.913795317201788082e-01
3.288885357586890823e+00
1.172123420213602074e+01
6.933900181669281793e+00
5.192888652295864382e+00
3.361702287585383031e-01
9.192310666199718483e+00
2.084413588818726293e+00
9.503926041941117120e+00
2.076922842388551871e+01
5.208011973836809361e+00
7.340534213773747929e+00
2.892290362936355663e+00
9.373920192308645483e+00
2.881232219180410503e+00
2.413446433975343197e+00
4.433872246674490647e+00
5.290941909399185406e+00
1.060424414859799214e+01
9.372580751947104716e+00
8.346464955816799147e+00
5.336810581702160494e-01
2.854569518079522972e+00
2.200999711179192531e+01
1.676609400943674277e+00
7.555803082202856125e+00
2.829590704052568739e+00
2.100999047937215813e+00
1.766295087885908277e+00
5.505788140429611843e+00
8.081151137165690557e+00
1.101074747320347669e+01
3.736680831350849274e+01
2.020501006605060823e+00
1.026066382093255847e+00
4.072992675378088734e+01
1.040095081961153411e+01
3.096155468695745760e+00
2.830127966343862322e+00
4.722359465758275476e+00
8.098848070500373808e+00
4.968359413454251916e-01
8.030093983274949609e-01
2.276658304795303511e+00
7.708728956827023415e-01
9.148000055241011230e-01
8.904095568985724185e+00
8.207346608338214056e-01
9.705118928059800254e+00
5.205071203030540161e+00
4.826680964090708237e+00
4.809541835121293296e+00
4.029351667497862999e-01
1.598543306198346414e+01
5.380060377736459731e-01
5.377290689229011988e+00
1.093942904466501531e+01
4.236790921347062255e-01
2.282877996232051565e+00
3.389873719155719556e+00
9.702723486151144883e+00
1.206323935120757973e+00
3.397132203738620682e+00
8.126270690357300097e+00
7.037184103454541706e+00
1.393804654644375063e+01
4.528450536333312293e+00
8.363501719881796248e+00
9.081485754230630647e+00
1.375823698797260519e+01
9.328515977613316412e-01
1.235702773525817122e+01
8.034918911344206549e+00
9.381686003254698036e+00
8.379729872802026414e-01
5.812139012838311913e+00
9.669233570669922173e+00
8.140566388021751365e+00
2.103139150467721485e+00
6.133834021723566288e+00
1.311440868522292469e+00
6.431285637083726803e-01
2.032041816263529199e+00
2.077223858473144169e+00
7.663151416302159014e+00
1.354452799022977771e+00
3.002609901176723550e+00
2.473548936203343374e+00
8.369276370614660010e+00
4.062571229026342934e+00
1.962637701070664065e+01
2.433504912314136126e-01
3.237514741148092678e+00
2.537107444435013903e+00
6.780316157827879664e+00
1.046317631718292773e+01
2.905823034581769093e+01
2.783032827677254684e+00
3.002353087016418787e+00
1.486348557427087380e+00
7.636853789215173549e+00
1.701653695162714586e+00
