1.087126810577268010e+00
2.466929229209108065e+00
7.833524238288060104e+00
1.348930490153699324e+01
4.936822474533435035e+00
8.096244661217630423e+00
2.688819283361469470e+00
1.413125926164940926e+00
8.471394067021851271e+00
9.820411760791342815e+00
6.388715306379962877e-01
2.641659157636030208e+00
3.977469991651222614e+00
2.486149428970890085e+00
6.841347532093931250e+01
1.126113943684289609e+01
3.805578797297852844e+01
3.622719428791542629e-01
3.343871723799035856e+00
5.349063668210550127e+00
5.999988363129117097e+00
3.771505893378819696e+00
1.610668514223661418e+01
2.199388215788407042e-01
4.637059681561721547e-01
1.668203746217146843e+01
1.012319304998706571e+01
9.959261006133955263e+00
1.927411363668781963e+00
1.014664210007395040e+00
2.351755115248686678e+01
3.098102633741121270e+00
2.325780148715784090e+00
1.240133115846130885e+01
2.088340772826257741e+00
9.844331649865118550e+00
2.467561248860266954e+00
2.774220426554781405e+00
2.863732846017456701e+00
3.583085736149614320e+01
6.977446599638517988e+00
2.688453505982112635e+00
1.061651332051939711e+01
9.848144261904817398e+00
3.786383276074185011e-01
2.352737860210246446e+00
5.556356480052871660e+01
1.616197677792777121e+00
5.558215321012053067e+00
1.530533148142100286e+00
1.416599456293044845e+01
9.716727101737609118e+00
1.763389411319796762e+00
1.110152589609823437e+01
1.377132036775589441e+01
3.610090635113666124e+00
5.202480362836694461e+00
4.652501865420321181e+00
5.265589294575713453e+00
1.397089309626648657e+01
4.034460988335414555e+00
4.519402013634156390e+00
5.117253059989881336e+00
3.950718940074822161e+00
7.922279191381870866e+00
3.481615472640427478e-01
7.663259911014097092e+00
3.570096297636137450e+00
9.102384926694487177e+00
4.158715075709837450e+00
9.419761399727853757e+00
5.449217129008587790e+00
2.121778907273227155e+00
5.156420506199969722e+00
7.109408770670698097e+00
1.082328410839363153e+00
1.079672525762763335e+01
1.064745563029393161e+01
4.838295739555236175e+00
2.129626862382205843e+01
3.102265225121089376e+00
5.055316902956261238e+00
6.905218918694407293e+00
3.045990573478872254e-01
1.845790396131894884e+00
2.113451339972748144e+00
1.490512570131193870e+00
2.075424717572101674e+00
1.111144530440994771e+01
9.003557322605137969e-01
3.409877868289593827e+00
9.584714308717092734e+00
4.537381773561609322e+00
4.172317917400495624e+00
6.078684720436140942e+00
1.234254644877733540e+02
1.043797177963594613e+00
2.236627777123122485e+01
2.448068791977620506e+00
6.590305257796351235e+00
8.845082911569781103e+00
6.259009976467033720e-01
2.500201981906564619e-01
1.715504288551489154e+01
5.136580623386609545e+01
5.689484116073607822e+00
3.985467766192497319e+00
1.404870498247598354e+00
1.029442706962821852e+01
7.501927729766691755e+00
3.745035227372171960e+01
9.217132520204278645e-01
1.040647137609197337e+01
1.157505850346072407e+01
3.270776284969942882e-01
2.867230492239449813e+00
1.872187124304040395e+01
5.677760920643615705e+00
7.379211170646421181e+00
7.338239797739267267e+00
1.031758329498867033e+00
2.774602853864969187e+00
7.523370566818973870e+00
2.005325852497038319e+00
6.918835302663444153e+00
2.152962292301531910e+00
1.024525266595222028e+01
5.700109018664050176e+00
1.588083556849810485e+01
3.488489209298650362e+00
1.891526793518296401e+01
2.719516065608651889e+00
6.634321010673261299e+00
5.797994683114585657e-01
5.881835045751950819e-01
6.281416788866005518e+00
1.543405675206270899e+01
4.504143618674530281e+00
2.460004956909464369e+01
1.730479891841203255e+01
1.192743553485430574e+01
2.531882838839256422e+01
8.402682682055534258e+00
2.126677215215618588e+00
3.470306246613155565e+00
1.427547775959271981e+01
1.124421509752338366e+01
4.523900147206683542e+00
9.632799729326693150e-01
4.390454014523902160e+00
1.551967892193823140e+00
4.036676719708797378e+00
7.211755595391817053e+01
1.760474015752870258e+01
1.995784110116304078e+01
9.114010518061361310e+00
8.035506647566450056e+00
1.544694868047455483e+00
1.439241732903662196e+01
5.347789296777176737e+00
8.468950988307298644e+00
6.070531174024518251e+00
2.479846777285444404e+01
1.430928942365008893e+00
4.407137505508560427e-01
7.314579224454866857e-01
8.140550096902771315e+00
7.555278528867852117e+00
9.395709903858811884e+00
2.603265850493424693e+01
2.513106607862118480e+01
1.490271460546285232e+00
1.319652161189945083e+01
1.376114525493248664e+02
2.314057985203770151e+00
1.564701872174661723e+00
9.697573048505647719e+00
8.084349253780523270e+00
1.115819271663170831e+01
5.496278159285028941e+00
3.641112709260110769e+00
2.967551955732138591e+00
2.518694354101544075e+00
3.419910251340964713e+00
2.702036966639643989e+00
5.057823028385254993e+00
7.693340628902937794e+00
1.002404438023100752e+01
4.931462468271887722e+00
1.757236429126733057e+01
4.330716139400569986e+00
4.030519733140253358e+00
9.111102544701989103e+00
1.173688737048452069e+01
6.097761665179349810e-01
6.393232020835497131e+00
1.716255816427193182e+01
1.850144787038829008e+00
5.450227606241445644e-01
1.547983566892489893e-01
5.147367925763985497e+00
2.163264633171807727e+00
1.688960280200419106e+01
1.819473831486979387e+00
6.356103189543022003e-01
3.893088262629909035e+00
1.857762890075862927e+00
2.167255127648010671e+01
3.431332834612275562e+00
1.205589966429024784e+01
6.540520793711668723e+00
2.070146892782653403e+00
4.351124262961501898e+00
2.261869912574014041e+00
8.328309370256267385e+00
2.434472872171941304e+00
2.899348693841160340e+00
9.201428339653007882e+00
7.584597308776528379e+00
5.235617717300263152e+00
6.678738651190362141e+00
6.350009964320408429e+00
7.785249498528675538e+00
4.797266007675207611e+00
9.081601841856652868e+00
1.677032909784074599e+00
6.077971143310601576e+01
9.912521451029794761e+00
4.300110379725875509e-01
5.327156125215593008e+00
5.931388634054342468e+00
1.409541542240978629e+01
3.164235109891781050e+01
4.356865172850356238e+00
3.285495103977708720e+00
9.472049249534862270e+00
2.677148853005959950e+00
9.559114067969810336e+00
1.450532777512476912e+01
3.549264943394922600e+00
5.333611373818149204e+00
6.692864890751907936e+00
1.078432495602925378e+01
1.909786689701276519e+00
2.135508374969903755e+00
8.731879714874814624e+00
9.509093944688723710e+00
6.531188621419208751e+00
8.611286928493697701e+00
3.573920638830357177e+01
1.624736970197050212e+01
3.531797510349071967e+00
5.370929296217346050e+00
1.121800689557383812e+01
2.372309414371121505e+01
1.127729624620590787e+00
4.514612505348223337e+00
2.038476903502843829e+00
9.220050480461575049e+00
8.033181674139724393e-01
3.844099847416497351e+00
2.586649982193680586e+01
4.772446272482340213e+00
4.623009728645050131e+01
1.814310325343979002e+01
5.587714544721028576e-01
3.613661955259038105e+00
1.687422315043276910e+01
9.745424832405234383e+00
3.468844335028164139e+00
2.113460264440442060e+01
7.237090472979931022e+00
2.485403743878234817e+00
4.636640677535279309e+00
2.927438319382615450e+00
3.589181034234635526e+00
1.423100823572096107e+00
5.778844429693252849e+00
7.478403540010180706e+00
1.336288715046045183e+00
1.023448877650393030e+01
5.174505602326997433e+01
3.577180032381032770e+00
2.526625489057149343e-01
4.420221502705718564e+00
8.789661733133900867e+00
2.797461947858568010e+01
1.388589735919249790e+01
2.960395859967610011e-01
8.004416077332500379e+00
1.405140534887876846e+01
3.047437134697812411e+00
2.816194692574966751e+01
2.287205117040334468e+00
5.901537008422562680e-01
6.531224036765619800e+00
3.763589059206679632e+00
1.893060713542553231e+00
5.143158749703921728e+00
2.257261246391781384e+00
6.504410681137707684e+01
1.052783497196831064e+01
1.327723508418088194e+01
1.265930183870864312e+00
2.424597457001309131e+00
1.838732392095641099e+00
1.188244905009043073e+01
3.153572688223165166e+00
4.689538968906290251e+01
2.632184234498625042e+00
4.498743623700370620e+01
3.919374509056635425e+00
2.067706952151836930e+01
1.468627268500184879e+00
1.046289596467239402e+00
1.820136470993620081e+00
4.046372222152933240e+00
2.277982283286566823e+00
2.987291563152057794e+00
1.647694995789020789e+00
4.552942095051748339e+01
2.465172029491689454e+00
2.252966476292866460e+01
1.580872718435830748e+01
3.299061994474856707e+00
1.421748874176911759e+00
4.004787808975053487e+00
1.612069561474598789e+00
3.611951387130881042e+00
1.114020423811222127e+00
3.741254101837125479e+00
2.707825182185403357e+00
4.316074288185952623e-01
7.516090187495814590e+00
5.050782108461353559e+00
3.204626830020563943e+01
9.792840484099523124e+00
5.479082408572050866e+00
7.252247940714650554e+01
1.369082479741586766e+01
9.338396136643371648e+00
2.782504529436367058e+00
1.468380392528476541e+01
6.195099793906266861e-01
1.995061895939935992e+00
7.678088418371882540e+01
1.274583041362954994e+01
6.086623598540133351e+00
4.576498624407222593e+01
8.264658649886734432e-02
3.746273532552653052e+00
2.126241706440676893e+00
4.514029055990068096e-01
3.761982245596629415e+00
1.430925162264837791e+00
2.149583557077110907e+00
3.053793865211027025e+01
2.449717926923001610e+00
2.317597476664426281e+00
1.706949930758117162e+01
2.890437224169241093e-01
2.198807199850753236e+00
2.848123707676286642e+01
1.345398335990951821e+00
2.683315200937772094e+00
3.183464492900237985e+01
7.025250588694175846e+00
1.549778465426036700e+00
2.465874702049622336e+00
5.399600222052555409e+00
6.147171035036453901e+00
1.529498430586188285e+00
9.738994175215612614e+00
2.214585149209703285e+00
1.367353384113710923e+01
4.270911989578847767e-01
4.111826052029460499e+00
2.941678697193404357e+00
3.789369916976514485e+00
1.876409618203878749e+00
1.196713667550528326e+00
1.173840540008729505e+00
8.681602402657722095e+00
4.249110027689202873e+00
9.663400063765184456e+00
3.899209773225722486e+00
1.555807014819093759e+01
2.828605065651768946e+00
1.354212211933071064e+00
1.291639556145179668e+01
9.837064361559163528e-01
3.123618561409491434e+01
4.261494798748250545e+00
1.380687022903448247e+00
1.794153173512871291e+01
7.244502650177338410e+00
1.349910183188101298e+00
2.083585973553068627e+01
2.173743318345425024e+01
7.021108950214717259e-01
3.949780867085129099e+00
2.608795596162685637e+00
1.799284979599349654e+01
6.220877617585247599e+00
1.054929883469742435e+01
3.799631629866136961e+01
5.347889402499680145e+00
6.780653297983010752e+00
5.627625367679194568e+01
4.881684883941862552e+01
1.538504478941878872e+01
3.589478878310777787e+01
1.960239696701611578e+01
2.110139871254788968e+00
1.182508772055280133e+01
6.900459238022895292e+00
1.536756014727139785e+01
6.192288786771399600e+00
2.216910160946081731e+01
2.039122548029912707e+01
3.420799459867958525e+00
1.232899425827317685e+01
1.267615992666543434e+01
7.636470324225816952e+00
3.770540099672091472e+00
3.921698901608082100e+00
4.043693861365031950e+00
8.961804362350954678e-01
6.655032431592388775e+00
1.215287380972658227e+01
2.268880705277317844e+01
8.277358848827985893e-01
5.053209392388319898e+00
4.271902427726000262e+00
9.984553273423259157e+00
6.196059398511739147e+00
4.517881063600558633e+00
1.783403896063796346e+00
3.980595079240428102e+00
4.333934151547465419e+00
7.054211235325697160e+00
3.171562961150245741e+01
5.042524695870685747e+00
3.607821531832820838e+00
1.331191320300294301e+01
4.256059441778871744e+00
1.004745369087915030e+01
6.864942729699197166e+00
8.609501313686768853e+00
1.837113422048246125e+00
4.804624802299847453e+00
9.086778685540659595e+00
1.401791965897384706e+01
9.479310629227967411e+00
9.479828451026060421e+00
2.829173536166747382e+00
1.580515564588883093e+00
9.396090112744381884e+00
7.133918797709768889e+00
3.554891226261623416e+01
5.957195672739993952e+00
2.442761950074090027e+00
1.000807293386028896e+01
2.921090801205383158e+01
2.598062146292477692e+01
1.549572964414597109e+01
1.555439449606776270e+00
2.615916959712257572e+00
6.454590542631431838e+00
8.116599067686301794e+00
2.857845271297163592e+00
8.331953016546618684e+00
2.440160991225177600e-01
3.385385473201868223e+00
1.590040646962510573e+00
3.520544492039336948e+00
2.266196172619082461e+01
1.330000085124689591e+00
8.835766203851703082e+00
4.212790316287904346e+00
1.201329576821817513e+00
1.957418382358344200e+00
2.589308538511664892e+01
2.537747876408945058e-01
2.228379089674568547e+00
1.107939061825015870e+01
6.638433534934142344e+00
6.644349017698771398e+00
7.334435158769043284e+00
6.219416451653774658e+00
2.265543955463281023e+00
1.527618353204600510e+01
1.877206326490351884e+01
6.454422826634533372e+00
4.029350946416940360e+00
5.186275108742636419e+00
4.351479305212961002e+00
2.712257387325050573e+01
1.594104486604826221e+01
7.420008620557346113e+00
3.537014142592469490e+00
1.633299920557008278e+01
1.652582490858451214e+00
3.921845069547344576e+00
3.364603767015028524e+01
6.471225679001807229e+00
4.478566865640042138e+00
2.043359770915517792e+00
2.084291890329411423e+00
1.444984754592374410e+00
2.044951554341572830e+00
2.018957539301153048e+01
3.186201373230201916e+00
1.934165358141783475e+00
5.961089751174457163e+00
2.774506371695129303e+01
1.828383862558966300e+01
8.797470561563315528e+00
1.092514094334535102e+01
2.439523290520965837e+00
2.555237392776315897e+00
8.829837219129524684e+00
4.921285190606446425e-01
6.773560644733422897e-01
1.292453203566223507e+00
4.096534055849128997e+00
3.462998219910151665e+00
1.133462007548925143e+01
1.230150188066206063e+01
3.320921758918959910e+00
7.074833534427274806e+00
1.617096898371207292e+00
5.080534607637625300e+01
1.327672153937375699e+00
8.369755448831676103e-01
7.527330334443464999e+00
1.762463916128194796e+01
3.215537887506686232e+00
4.320056085417109948e+00
6.488324030936404974e+00
4.071950156549637434e+00
3.616609362156583796e+00
1.330016934492086733e+01
2.293006016390820800e+00
3.036363560775303228e+00
9.114148435284134209e+00
9.586257689914358338e+00
1.007049647306360818e+01
1.043165460081417750e+00
1.954411416825647407e+01
3.824701433543104656e+00
1.506633750666844573e+00
7.193354409862722676e+00
5.698766882854825866e+01
4.512539501031276323e+00
6.568376215617873548e+00
1.596947961154119522e+00
7.941657882545790414e+01
1.692969822906811572e+01
1.539986769940993838e+01
1.002771319356831903e+01
2.229883371760604049e+01
1.477609897568744390e+00
7.398302584485258571e+00
1.489117743942021788e+00
4.641544307367662547e+00
1.079128158682621219e+01
9.038205363153087646e+00
8.600460823166692359e-01
1.259889128401270852e+01
4.028868285609188860e+00
8.313415972290517653e-01
2.515497208471169088e+00
1.668647844834916683e+01
3.183102609445947095e+01
5.382270591656092229e+00
2.245659256846095353e+00
8.133329035607594903e+00
2.771720297174654402e+00
2.884482074260379836e+00
9.140102701608001645e-01
1.659422192898780013e+00
1.336951063195339406e+00
5.076257824908490868e+00
8.759892376333118236e+00
8.636880681511144076e+00
1.657903836291506616e+00
5.285145240656838439e+00
1.806131081617726064e+00
1.383861928829568555e+01
1.969009564788247735e+00
5.563282753443646200e+00
1.057399960193100341e+00
8.156860081411419827e+00
3.886190462241095389e+01
2.657749908191307142e+01
5.167817855805563632e+00
2.471793493923625107e+01
3.092614856906872767e+00
2.329483026558518244e+00
4.775757301490273221e+00
4.208796187674923317e+01
6.025461386766698624e+00
2.401389958699243987e+00
8.130505865485375683e-01
8.994599064959995616e+00
9.557446714767967588e-01
1.753867865885307609e+01
7.978125716655894095e+00
5.150768781801772223e-01
1.508753068079959681e+00
1.286170756469481802e+01
1.425048344593645133e+01
2.056894893430158078e+01
1.069451008964267125e+01
1.383737143518402135e+01
4.003457313832500475e+00
2.665347748513608650e+01
1.007492219562751812e+00
4.405081501449066295e+00
4.029020575051587727e+00
2.660355418384984461e+00
5.396715178867604656e+00
2.330347780440050531e+00
3.494749034860760606e+00
6.419731636632558525e-01
1.540801851165567227e+00
1.121980477237904417e+01
1.812340875840209753e+00
3.266136327881676849e+00
1.092725389356888144e+01
9.158625106134320459e-01
9.513669669106608495e+00
2.682111199927826206e+00
4.825740707648462191e+00
1.044052728800138041e+01
2.109964007134895070e+01
2.308749168113867878e+00
4.398749437438126186e+00
1.794549563279622006e+00
1.248633863571161573e+00
3.344430738213841625e-01
2.355963557620185966e+01
2.961189528186916675e+01
3.368503172156392722e+00
3.897576986144506428e+00
1.102573478159203546e+01
3.163992365334341805e+00
1.227125329185113856e+00
5.134714907225608194e+00
3.414582673004267832e+01
2.827933520706685133e+00
1.913062330250683285e+00
7.234075406744675085e+00
4.145032175329399493e+00
2.351264062477207428e+00
2.079605866238737111e+00
1.877141872466166461e+01
5.961685279385100955e+00
9.360350586670072914e+00
7.202070287449440222e-01
1.608298363216145610e+00
2.022162151340461733e+00
5.984179627884177677e+00
2.059388500379792042e+00
1.735663725028476101e+00
2.400218890036542874e+00
4.197699205168116343e+00
1.497026718456572070e+01
1.364244446911804509e+01
6.582076871919156247e+00
1.558015825869616577e+01
3.145397053624777328e+01
5.166012975260986906e+00
1.072356827154031755e+01
7.865519649248072787e-01
4.878566072107847873e+00
1.679846605170789875e+00
1.722368514057506683e+00
2.179624413085636814e+00
8.962472445155057699e+00
3.353212666303601264e+00
9.765307727038806007e+00
1.654811579089823681e+01
2.437517656862133730e+00
9.745840158230890671e-01
4.264736479852878404e+00
2.481160412980045749e+00
1.057379791744579745e+00
4.090860895043352485e+00
3.270194808923013952e+00
2.190993540526882200e+01
8.764306306746051378e-01
6.708996927011474654e+00
5.080572093459092997e+00
2.724379243822609098e+00
5.871222399190797248e+00
3.447114502443872297e+00
1.610930058426498945e+00
5.008029209994703024e+00
1.325416594453622920e+00
3.854659778135499870e+00
6.292905040968621577e+00
7.222766467343555874e+00
1.511656947428400066e+00
5.529180055480280132e+00
7.463515226235545086e+00
4.974820430521448600e+01
8.808478152813947304e+00
5.026597662529619370e+00
4.391845165994719302e+00
8.852624020332466870e+00
1.533851802151048815e+01
1.071626768703177035e+01
1.117118479070885240e+00
1.815395553734199696e+00
4.819680130448327660e+00
1.649771406881312519e+00
3.256151783322447102e+01
9.299518300024286477e-01
3.368445818507050937e+00
1.941242596428360834e+00
1.978401740150775190e+00
3.719174707472117980e+00
2.414858001694691580e+01
4.211861694380559129e+00
2.661974467807998401e+00
8.358723545822720480e-01
2.976136898431979705e-01
4.059701825280736642e+00
6.796069828965635828e+00
2.868311690731862207e+00
2.870458409119721210e+01
1.934578524481384676e+00
9.322450650602741007e+01
2.313560580296682900e+01
7.992088610911153523e+00
1.740108888059613719e+02
2.330546053575127452e+00
3.784413200195475113e+00
8.577374730748680065e+00
1.093263739702920567e+01
5.748352071972496091e+00
1.340589640676096650e+01
1.778646403477425864e+01
6.990650470546605710e+00
2.358612258200630585e+00
2.760543492281928746e+00
4.690655647160808073e+00
3.574230155140380116e+00
2.112065049002516570e+00
2.349357632231111825e+00
1.053344682205583638e+01
1.486751513798996704e+01
2.930480339543470869e+00
4.578062126124736508e+00
8.718347232707234440e+00
1.488858264752590255e-01
2.264022945063246972e+00
1.406861075675582029e+01
3.998448106508180278e+00
3.857805877012919993e+00
6.683899200282152719e+01
8.826607967698919310e+00
1.027733940674130686e+01
1.768780985124034366e+00
1.178762167771508018e+01
1.400877949019475377e+00
4.847785883792323225e-01
1.406599130229201933e+01
2.133894722798891053e+01
4.060185371001216126e+00
8.297290768123568583e+00
3.583738765808277993e+00
1.454986033395185174e+01
3.250284789487005277e+00
7.447729690586292861e+00
7.489244748509165106e-01
3.618052465037132404e+00
4.933292623448426895e+00
1.804770635280248614e+00
9.214946668797438178e+00
6.421685601751321748e+00
6.154188114139793164e+00
1.032347210614002364e+01
8.214588511678016403e+00
4.067947878661032135e+00
7.247093747692112231e+00
1.238770585363258725e+01
2.618126041404643445e+01
3.703986979722336770e+01
1.080289833755705331e+01
3.455234827993647784e+00
1.289093487103329716e+00
9.718882957052150662e-01
6.095168139480105829e+00
3.054770547754726806e+01
1.481380947473911469e+00
5.476072028126384161e+00
1.789917291935553223e+01
3.866063352341125192e+00
2.931508474521183683e+00
2.773619047172053342e+01
1.433818600221761130e+01
2.002340514171984331e+00
1.133984445879542768e+01
7.625734938788171213e+00
1.591340284157453100e+00
2.254564788922115870e+00
2.357318973478467861e+00
2.196960743097279511e+00
3.036662744347754739e+00
8.084216374199377775e-01
9.867937027839069231e+00
2.418677850182217870e-01
2.566793429290994411e+01
2.331536243878072057e+01
1.849513084132252061e+01
5.125259011305374202e+00
6.687246091254739788e+00
1.607715858143115017e-01
6.484361718302596778e+00
5.779816917025184964e+00
6.214381554918025685e+00
2.754803874450105772e-01
3.042179721439038431e+01
3.114645909868796636e+01
2.766630650343853581e+00
3.045035971186860202e+00
3.952971394096605806e+00
1.966322546056313847e+00
6.579945637245567802e+00
9.504436489379529673e-01
3.605861660917746736e+00
1.726829644466194358e+00
3.594062032626296199e-01
9.752213807742675655e+00
2.069899321015457871e-01
4.211869785759196461e+00
4.528051401951316279e+00
7.980554088305209071e+00
3.193284733824124544e+01
7.132154962917750529e-01
6.629572444704248113e+00
2.494428595057463838e+01
3.432160325911296495e-01
1.304543519770801652e+01
5.273365901479451168e+00
3.045015932860598018e-02
8.442668806904317647e-01
1.014985201897748768e+00
4.593016778670383715e+00
3.686929899682994893e+00
2.077247719601305942e+00
7.544764876200215076e-01
1.080866963463809505e+00
3.096276213894153173e+01
1.232004138855436359e+01
2.091861066429818283e+00
1.513206881714032725e+00
1.987557740693688046e+01
2.229273215613905457e+00
8.016811285029120882e+00
2.797403796733981984e+00
6.614262571983881012e-01
2.048801004896208422e+00
5.625344727041614590e+00
3.017995144039929656e+01
5.636134855858234260e+00
2.656501832779047056e+00
3.869200838176237056e+01
5.405735679316959619e+01
2.553117170970220506e+00
3.807388239128799423e+00
1.638098522331729257e+01
1.001828920920575605e+01
2.704018787308206662e+00
2.249530226341365235e+01
5.671510073095687332e+00
1.771342517240226044e+01
2.453698490684418587e+00
7.109588391168931487e+00
2.409845971554434918e+00
5.099377656380935875e+00
3.002012305969981920e+00
1.055575177934769293e+01
5.181280005082073536e+00
1.444977725997276075e+01
2.921307343294111902e+01
7.900611880037469170e-01
2.081501545013165355e+01
1.012201834374866438e+00
3.438873075772578503e+00
1.444234408424289029e+01
7.924900516143355844e+01
1.777455274400566276e+00
3.247395817612123814e+00
2.627654259726223795e+00
2.704181627152421186e+01
3.297891682807442937e+00
8.386712856318737863e+00
2.177822044384565725e+00
1.467947716994025820e+00
6.568716272953117219e+00
4.983179591144031306e+00
4.524009017946775124e+00
2.296611811040983220e+00
1.285771461465800458e+00
2.994046259150934830e+01
1.837594295018871193e+01
2.623396805350360239e+00
5.388521565247319955e+00
1.305679314987353656e+01
1.064940813391981500e+01
6.287430141214082724e+00
1.294178943631512091e+00
3.256532870722812500e-01
2.346539894075209531e+01
9.431217549075711304e+00
3.637865675513614061e+00
3.571424961211568494e+00
6.354041653570461357e-01
3.090795017827834279e+00
2.484736335115951267e+00
2.883278012817096503e+00
2.784474997557703890e+00
1.870549822332850498e+00
1.893277959012227729e+00
1.556122614779988922e+01
3.151206476114547073e+00
5.725511658940905413e+00
2.775062671441693940e+00
6.549252912051401587e+00
9.347510653436547301e+00
1.570502704678041539e+01
1.880781306772237116e+01
1.752053792007613353e+00
5.315864384185763569e+00
1.617246946001313646e+01
1.092209556013329363e+00
5.191485674976169662e+01
3.844061268121365060e+01
5.572915139771537696e+01
1.649778162729664643e+01
3.892515145806352717e+00
9.536433820270944217e-01
2.683702724645757876e+00
4.396494868817895529e+00
1.021844096361576026e+00
1.893266118550281485e+00
2.178336093058833711e+01
6.790422071794558256e+00
3.801232400129176181e+00
7.267173369161928065e+01
5.056059542449382604e+00
6.991501977939667434e+00
1.400356012585141752e+00
2.997150985963921710e-01
6.126993861086411641e+00
5.421593830944147818e+00
1.454900380440558472e+01
3.392387751027819420e-01
7.521722908352870718e+00
9.848717002659501674e+00
6.642147419657908003e+00
1.403293911084662282e+00
1.238509695848905956e+01
1.100971384152714627e+01
2.158480472637616998e+01
1.964374265652183649e+00
1.340580165694213477e+01
1.263835227772106551e-01
1.500966015745441240e+01
1.569318713624523687e+00
1.797707834931747684e+01
2.338584716489835902e+00
1.906433795313831281e+00
3.341458489845577251e+00
2.316502104158763675e+00
1.442792393945701868e+01
2.832335082369773493e-01
6.612329643480004293e+00
9.323584428875868468e+00
2.507285827135736778e+00
2.209324261026859304e+01
4.417948447530389622e+00
4.227956444732760666e+00
2.017800591545557154e+01
6.618533460673225122e+00
2.171668664606229981e+01
2.103608027861669783e+00
3.251764604251674573e+00
5.519659691853679107e+00
3.446280050389246341e+00
1.840076581084244012e+01
3.394327772466649407e+00
2.259776239139991461e+01
2.473549042507568796e+00
1.511295621401837375e+00
2.637252630252185526e+01
