2.604944876766862816e+00
2.124764108211925073e+00
2.600735318020349851e+00
1.945710791448356680e+00
1.725921329376761459e+00
2.223737599459345571e+00
2.018951284676656410e+00
2.718797237749675411e+00
2.146789941038836691e+00
1.290657821957582385e+00
1.757274668319720234e+00
2.219281330673485098e+00
2.112253518433970800e+00
1.817049166042275843e+00
2.202573058417491403e+00
1.765408795244607809e+00
1.818928069653664270e+00
2.028817299121958406e+00
1.298374457583368002e+00
1.603618835951180266e+00
1.990636779414894031e+00
1.568739839257106361e+00
1.698864201659847861e+00
1.604854209157854594e+00
2.022416563011303126e+00
1.288130393592942902e+00
2.544611538033150655e+00
2.152664524368931520e+00
1.683845495846561846e+00
1.426317174891933437e+00
1.843961894008539826e+00
1.968129791665770734e+00
3.090928182707761707e+00
1.437795084219178898e+00
2.309186631429366088e+00
1.697543679764585978e+00
1.889663881441639770e+00
1.527192904957403563e+00
1.824216245159467231e+00
1.908324283120022669e+00
2.666079396525653955e+00
2.717676321139484319e+00
1.729332000368130062e+00
2.311821698314702189e+00
2.109321831189958640e+00
2.638115744036720667e+00
1.635261097263166707e+00
1.992574316106828336e+00
1.610090077341248538e+00
2.217396388242303118e+00
2.289247320090983084e+00
1.338452306563547856e+00
1.553360381902807674e+00
1.780856600961195246e+00
1.609748432600287105e+00
2.494402736699171452e+00
2.202350602520550371e+00
1.376778765590863651e+00
2.546283478094821806e+00
1.371782710020961638e+00
1.389654931152841000e+00
2.532322840517778673e+00
2.087402859425711910e+00
2.411426018099861235e+00
2.150648233485837668e+00
2.000876487513623125e+00
1.558875635682534622e+00
1.269650143014182664e+00
2.313402665281413473e+00
1.594571056946595400e+00
1.624404567832911095e+00
1.791007685755734213e+00
1.443144525231431219e+00
2.622973230206174122e+00
2.660785473548683555e+00
1.816848398896578898e+00
1.973884878965177947e+00
1.902393861693623123e+00
2.097088314019410316e+00
2.235171246137529710e+00
2.081903910117991252e+00
1.496510665781082494e+00
1.843498264086135485e+00
1.230188611419342326e+00
3.240888554215668016e+00
2.095313977731198207e+00
1.482350004251875353e+00
1.746907892937707540e+00
1.589453732195963642e+00
2.474891727325888358e+00
2.330546100882121774e+00
1.899399919956084704e+00
1.691302492760763831e+00
1.976604488335872656e+00
1.676015345148372582e+00
2.188725578909962000e+00
2.197955440575417363e+00
1.839422890859077730e+00
2.440779603884208449e+00
1.759439687477312830e+00
1.987491098661239297e+00
1.763396985416567642e+00
2.971041888690063359e+00
1.721275186439893634e+00
2.930227698218546895e+00
1.577251414379020389e+00
1.821010561118415749e+00
1.814737758983108185e+00
1.842986109032786812e+00
2.471589652530301606e+00
2.282231075688311517e+00
1.909302274775172226e+00
2.156150703856389850e+00
2.466712812853083303e+00
1.490808099629669758e+00
2.231529761461652495e+00
1.872884921629571320e+00
1.531827559651333104e+00
1.779589510698653676e+00
1.965948327999966549e+00
1.259380675806379468e+00
1.942451084387593063e+00
1.654845628788238265e+00
2.454245193919812440e+00
1.936054926440127444e+00
1.592553258332668920e+00
1.811577397086044261e+00
2.584473625114809270e+00
1.760854385569534886e+00
8.648920650353103534e-01
2.007892528184077818e+00
1.653540465732693310e+00
1.327545403452638162e+00
1.866719896394951173e+00
2.107290979971357281e+00
1.881336503551660932e+00
1.411543640429789637e+00
1.368807064194775158e+00
2.098773282949965679e+00
1.734843905273308007e+00
1.816698878342841050e+00
1.727836888578896613e+00
1.910261268726572315e+00
1.926740046904471759e+00
1.403788432986932122e+00
1.661000412237920942e+00
1.314819556878820350e+00
1.356236138075249009e+00
2.278641911989319091e+00
1.242791995431863583e+00
1.500214350658356066e+00
2.101078827611752242e+00
1.618900195140570153e+00
1.707061574385715153e+00
1.622923798623138403e+00
1.880782756188488447e+00
2.228205529766383641e+00
1.461485436079438482e+00
1.767494734742639295e+00
1.437329104063161278e+00
1.647806684259950805e+00
2.034864353490067224e+00
2.179107217884469705e+00
1.976381800857485604e+00
2.065357623398877074e+00
1.716916794398523738e+00
2.080023696454865068e+00
1.915623383233722166e+00
1.593789199793316458e+00
1.757658835859459368e+00
1.855090154967244498e+00
2.183615593386026621e+00
1.811609569327229385e+00
1.508255481052437563e+00
1.243433177822003355e+00
2.195686168103516245e+00
1.954138839899916436e+00
1.601902937927304205e+00
1.535746825252615633e+00
1.657836773727302759e+00
1.571228227181265202e+00
1.902033504710893830e+00
2.027506789926191821e+00
1.614756103074114879e+00
1.801991825025753391e+00
1.825929070892698958e+00
1.450592612245472868e+00
2.100518417378345770e+00
2.092010471335090216e+00
1.848824229653748263e+00
2.487833699691989864e+00
1.424810481179469512e+00
1.663410860431854044e+00
1.550155866543813321e+00
2.404673061369864140e+00
1.289173531882660928e+00
2.309987544273863769e+00
2.066350657171775129e+00
1.643400705125866557e+00
1.512676629357351255e+00
2.232603514587397253e+00
1.504699484668727161e+00
1.595507116809698367e+00
1.577587820431433308e+00
1.229099049447279102e+00
1.491076308963659169e+00
2.043612392055044413e+00
2.124553352223360836e+00
1.575360216262984281e+00
1.372336001692576080e+00
2.064666258390840170e+00
1.774527901671771213e+00
1.983015078817943477e+00
1.677266650537556858e+00
1.878497085691452018e+00
1.823029428463045498e+00
1.745846694985597969e+00
2.149922720389307429e+00
2.023826518592781731e+00
1.747859599257231222e+00
1.872013974302939143e+00
1.712072162278189813e+00
1.586327559176633706e+00
1.428728702185261268e+00
2.221497411644512976e+00
1.877455054476052654e+00
3.018243406879058899e+00
2.148379894162482096e+00
2.573750732807880137e+00
1.567661189916694342e+00
2.142490606615914395e+00
1.750124628971573060e+00
2.068233334960154046e+00
2.423840118267292620e+00
1.370135467389580475e+00
2.979476717612184355e+00
2.341630178181028477e+00
2.289973902162181219e+00
1.293902679079705020e+00
1.615171701627881262e+00
1.385708218450192541e+00
1.483976557469575130e+00
1.816799857242523020e+00
1.490177040067800274e+00
1.432498885008414824e+00
1.875005126186235938e+00
2.564320504551751867e+00
2.009602166436649018e+00
1.682365954162847510e+00
1.636264711637147595e+00
1.939867461154185069e+00
2.306846593987796457e+00
1.942076506613773512e+00
1.250785439082054973e+00
1.156097630008026567e+00
1.440148264169288428e+00
2.204998713285982070e+00
1.546397085143268457e+00
2.071858631127364792e+00
1.570069441354868367e+00
1.885289259567722198e+00
1.947903042752942460e+00
2.050948454702287815e+00
1.609921379198084201e+00
1.348865441634398366e+00
1.804815298899256071e+00
1.410445075062464415e+00
1.807281718878877230e+00
1.802603616029698097e+00
2.469115823291048173e+00
1.788078898961422691e+00
2.384375387211160380e+00
1.650419988951359551e+00
1.284761711925371586e+00
1.627333352994910998e+00
1.751203283488888873e+00
2.453958614762470347e+00
2.846315441223737697e+00
2.365318292802416345e+00
1.915010560848487753e+00
2.261966292040490600e+00
1.398642973845667825e+00
1.731833906134530254e+00
2.013073122333394416e+00
1.542469719078618962e+00
2.028105398186123676e+00
2.594490916648305667e+00
1.623767790907756803e+00
1.784747750639213759e+00
1.882522983111472481e+00
2.010525402977833664e+00
1.661597537271851222e+00
1.772572952634608123e+00
1.510759325825084654e+00
1.933032700947590277e+00
1.677902882360176040e+00
2.241459143943738574e+00
1.237457715831098648e+00
1.698504590569927419e+00
1.259302470157905418e+00
1.917928537883493378e+00
1.466915029020111838e+00
1.537882783837725142e+00
2.604858394692617374e+00
1.808936743669288916e+00
2.995431941795038355e+00
1.501199016678534282e+00
1.433773439744790990e+00
2.043640135774721589e+00
1.600544258698271882e+00
2.482225937356433487e+00
1.588421242525033916e+00
1.491912702537401936e+00
1.954213113739865948e+00
2.002956059883329587e+00
1.463349743713280748e+00
1.518644766185707207e+00
1.969070767926865972e+00
1.311036247710547054e+00
1.888203418629351038e+00
1.714646731360445875e+00
1.741972227742857982e+00
2.236937692680949219e+00
1.886296740264431948e+00
1.894546353472107647e+00
1.619724106145529197e+00
1.297674487284510958e+00
1.602506486029215527e+00
1.859745851745671530e+00
2.003784842800083954e+00
1.837704176635171383e+00
1.747397153835419381e+00
1.801004309959899796e+00
1.689729113456699405e+00
3.100014071622799072e+00
1.764229793371548283e+00
1.809253535880093633e+00
2.670932525728042517e+00
1.979832953454925049e+00
1.464885916846111691e+00
2.818478095252201054e+00
1.820326947109590865e+00
2.000008252469473558e+00
1.505459703890406287e+00
1.291695637372078487e+00
2.020726047272368042e+00
1.038465807287762388e+00
1.958694492457137004e+00
1.681692232210612037e+00
1.656506944103303569e+00
1.664168456204030200e+00
1.670297964170232463e+00
2.527370410941978118e+00
1.765936124902865778e+00
2.342427125717934100e+00
1.206073928378909699e+00
1.919041042327864544e+00
1.869510475743172195e+00
2.320028234069400952e+00
1.743801929978199716e+00
2.176941136319069159e+00
1.716469268317279973e+00
1.712640273312140859e+00
1.552948712708525969e+00
1.791467065992398799e+00
1.994839999681408793e+00
1.306118283107033040e+00
1.545425217901433168e+00
2.167679702635539218e+00
1.578689484129876419e+00
1.926239691435856383e+00
1.449099697536751608e+00
1.164350062526432472e+00
1.438190055338293583e+00
2.471479973872684255e+00
1.802927710348526835e+00
1.900131249966499958e+00
1.825490823651143124e+00
2.642963929038430582e+00
1.390957447631521626e+00
1.082270671925863903e+00
2.644533424695707957e+00
1.684881681887437477e+00
1.939449542032368301e+00
2.244055376064159280e+00
1.937980597545604144e+00
2.102604900925034048e+00
1.859639060302605174e+00
2.333046292704420654e+00
2.131727242821988000e+00
2.286269577160503719e+00
1.409922416933520939e+00
2.601469474687622352e+00
1.546937530599210797e+00
1.806258280386246140e+00
2.352625053409794109e+00
1.434374496871604787e+00
1.397385890903804828e+00
2.362976853536262745e+00
3.769796944565915187e+00
2.078021786440992003e+00
2.121565927086652259e+00
1.610033220273160648e+00
1.777108599581665782e+00
2.046854207559755778e+00
1.930356616416025073e+00
2.003844495644214074e+00
1.613190903231109141e+00
2.024557225246345293e+00
1.494233807194477848e+00
9.087598687223543692e-01
1.737658045202128410e+00
1.978316679646986653e+00
1.311193336185224823e+00
1.568065702541735718e+00
2.459624913590836570e+00
2.252137933592575969e+00
1.922560806253720500e+00
1.415209796946876653e+00
1.872969943313618879e+00
2.081970848846149913e+00
2.475435855702813548e+00
2.636524740347365281e+00
1.661298315227012212e+00
1.316237644158455788e+00
1.902656008727333425e+00
1.751619509740973246e+00
1.785887481847695968e+00
1.583252223002764802e+00
2.092073419071035723e+00
1.773406885904122987e+00
2.811187557568988193e+00
1.562869707524211726e+00
1.438306968264926988e+00
2.800542545200125133e+00
1.809159808468058683e+00
1.695193808839754013e+00
1.964098031400188571e+00
1.751680285887427635e+00
1.959037718472644851e+00
2.307091208105996216e+00
1.418033819539620044e+00
2.958982581852311888e+00
1.835494094480663918e+00
1.754890463254676458e+00
1.659872168749527033e+00
1.454390336440534615e+00
2.372609180739598145e+00
2.378906520273838865e+00
1.422454617251892817e+00
1.348850778083378277e+00
2.044620258192610063e+00
2.009508241725791677e+00
1.853494940964199200e+00
1.932523316647474232e+00
2.155114762875751211e+00
1.353802741043628188e+00
1.892409926570797429e+00
1.843151676972469177e+00
1.993856014590145165e+00
1.655493981902999678e+00
1.749436536293759392e+00
1.877980058104143479e+00
2.046002947620643830e+00
1.807928611047617595e+00
1.062581045178456973e+00
1.331740037339957272e+00
1.997210816275778011e+00
2.307247580168394929e+00
1.991346095908811842e+00
2.550180812795578955e+00
2.096679812414303345e+00
1.478365434700499526e+00
2.054151668265987496e+00
1.949059323753992823e+00
2.363318553713063430e+00
2.112181533948009005e+00
1.490051189588556646e+00
2.039422692116585001e+00
2.972697993920832005e+00
2.026234568810841630e+00
2.574239910732533776e+00
1.769032192589287344e+00
1.802521009984688449e+00
1.721192167203472456e+00
3.285684952452989194e+00
1.958739429714752456e+00
1.862655900039284607e+00
2.455650005744550501e+00
1.598642506641508643e+00
1.932909223681572808e+00
2.195832987700489181e+00
1.523313166153114739e+00
1.996780209848797449e+00
1.384785021434330465e+00
2.123809679473774636e+00
1.603002106020860129e+00
2.291112455040281048e+00
1.776917693984064073e+00
2.089624828560981307e+00
3.063644208383893286e+00
1.755492871967745838e+00
1.336435561993101873e+00
1.942152568820306735e+00
1.480493414386115480e+00
2.123016498877133174e+00
1.949376642149341921e+00
1.290521744409879545e+00
1.325112810510711281e+00
1.280330863818987419e+00
2.814701322065912947e+00
1.365576202562365227e+00
1.920938987707446310e+00
1.865067219773180573e+00
1.590204803159144253e+00
2.265302567886918972e+00
2.063625994326142798e+00
2.154211536365410407e+00
1.932728070885937122e+00
1.939016053981962306e+00
1.474155639552946262e+00
2.599712727170885973e+00
1.830744359170174862e+00
1.546644775967818131e+00
1.917032567211205851e+00
2.839329667831550719e+00
1.623089085398393472e+00
1.143458152493938229e+00
1.758242668295652456e+00
1.580367498478047583e+00
2.412369223333880264e+00
1.598882061006489552e+00
2.021814373168747014e+00
1.329096817819618082e+00
1.720181311729125584e+00
2.161330302459652408e+00
1.324052964712613134e+00
1.595461971595032447e+00
2.005913849412259253e+00
1.727017380884108944e+00
1.767837681755076717e+00
2.070954813365743163e+00
2.141296276345778793e+00
1.367798439316148196e+00
2.323521842311984553e+00
1.735287250159114114e+00
1.156320121806970525e+00
2.247530472898889187e+00
1.578706718806183407e+00
2.396358059756773962e+00
1.769995089763240381e+00
2.536314187973447432e+00
1.966615668735855360e+00
2.291039562490841952e+00
1.665441563883471421e+00
1.436427052412149408e+00
1.319383043855133275e+00
2.547918068632109012e+00
2.255075041656377621e+00
1.831240891758362688e+00
2.633360382243755016e+00
1.728553693620114240e+00
2.650217766789574547e+00
2.101824100652431415e+00
2.141490864429337559e+00
1.759211738518920765e+00
1.925030765872680849e+00
1.582549598310543537e+00
2.230403419755019101e+00
1.840054838423652805e+00
2.663108304396496706e+00
1.779575736219719095e+00
1.807575355074435786e+00
1.632583348111171562e+00
1.656806061747430281e+00
2.970323118796005524e+00
1.780704860347176011e+00
1.613210927413247342e+00
2.197463633481775425e+00
1.868805191324995452e+00
1.426372764368978086e+00
1.912807041897669258e+00
1.480822037448300099e+00
1.317768616111849811e+00
1.869031518371516709e+00
1.776609763923467256e+00
1.692276776735938792e+00
1.740162602656978752e+00
1.547489052434481094e+00
1.948938472170182568e+00
3.060779780104313730e+00
1.815363009944712669e+00
1.437169752369116038e+00
1.786904045185813139e+00
1.505814107148977454e+00
1.904002102553719711e+00
1.625129271582791857e+00
1.520381254538812899e+00
2.055811562434163076e+00
1.684986742598670428e+00
2.275317226623266187e+00
1.494134632250736061e+00
2.571626340996057802e+00
2.180322800529710836e+00
2.538469611968762862e+00
1.739234764907380937e+00
2.479538891668393141e+00
1.872322932385043215e+00
1.149265995883137048e+00
1.601437220390253158e+00
1.722290546294410696e+00
2.029457796409683823e+00
2.351031657460040947e+00
2.514422145149026289e+00
1.216991574216654382e+00
2.177051637298549114e+00
1.475767560833275871e+00
2.293699511028349569e+00
1.546814409981283056e+00
1.573262028790248346e+00
1.792731646066437090e+00
1.433656479587529731e+00
2.741896031939357936e+00
1.861800207390351680e+00
1.422333478531494499e+00
3.158422140834231229e+00
2.335594067849289690e+00
2.007320962680918086e+00
2.645807428652787063e+00
2.027901022241763940e+00
2.133474044919675627e+00
2.032063045430418047e+00
1.335557944055494772e+00
1.763684027719387926e+00
1.404967276343398686e+00
1.751335133588832305e+00
2.136863528058116302e+00
1.604634690675020625e+00
1.513602186808721273e+00
2.160153810810392372e+00
2.026999637386639908e+00
2.624156383974789897e+00
1.697582889711962473e+00
2.311628516519330212e+00
1.032317224286068980e+00
1.913482322598830887e+00
2.137005966579026861e+00
1.453925655490368340e+00
2.303572853997706282e+00
1.648016263741486798e+00
1.346845923661813771e+00
2.207903957936607764e+00
1.904653143152477801e+00
2.137197695859639257e+00
2.584517616185889377e+00
2.701682351539532068e+00
1.441675508766947944e+00
1.954070493046677015e+00
1.472801605836305150e+00
1.127813890168212430e+00
1.250864242821962957e+00
2.026068046565686842e+00
1.880474224817508810e+00
2.052849817683855438e+00
1.298363331951718935e+00
2.478145234349135695e+00
1.631148015289601183e+00
2.840927940662985929e+00
1.385734018224245023e+00
1.435672328325212410e+00
2.368674320936172251e+00
2.344019573693119529e+00
2.160957944421439070e+00
1.877366780154879677e+00
1.401516131619928052e+00
1.650266574975526090e+00
1.864195114388076169e+00
2.219619554796621763e+00
1.624973798945873460e+00
2.015300467680772201e+00
1.546959730087784424e+00
1.639629998447539538e+00
1.543825773372885513e+00
2.111351216668845954e+00
1.486093997605041350e+00
2.680372706237212466e+00
1.850906884179187584e+00
1.818032709692882776e+00
1.710509979160979244e+00
2.024633008203587270e+00
2.088302593459825829e+00
2.473562134805497248e+00
2.238595682664008102e+00
2.013239150100175401e+00
1.406773119011746287e+00
2.092292466584793065e+00
2.104180039053690443e+00
2.187174677191228156e+00
1.645320098437128120e+00
1.512327229304953224e+00
1.819669695004813459e+00
1.412502955257458614e+00
1.826256167328380808e+00
1.535856058174349670e+00
2.810730215321172842e+00
2.102749476698976494e+00
1.580518813803987843e+00
1.932698453873076705e+00
2.534578047940130752e+00
1.550369645359237714e+00
2.614185812618726068e+00
1.786808318632495229e+00
1.936941635579581433e+00
1.839525626591987484e+00
1.812851968285352555e+00
1.556827912309468376e+00
1.689585626870073298e+00
1.830583898778960439e+00
1.937019803734804091e+00
2.372032388641897693e+00
2.355138779948426020e+00
1.522036008640701210e+00
1.979734197594818612e+00
1.567839200071660777e+00
1.584515612551313346e+00
1.574506449391640972e+00
1.913960481250553514e+00
1.771584493556171536e+00
1.981248718542911735e+00
1.854861381242240093e+00
1.636043252116981650e+00
1.890005189028974630e+00
2.284730687331597565e+00
1.596283390911336308e+00
1.685288193302078241e+00
2.197409171392872285e+00
1.238771972127655774e+00
1.671763637137973602e+00
1.300472016718124291e+00
1.885947817995448750e+00
1.410443731272020162e+00
1.580547064109904642e+00
2.170212072582832441e+00
1.349812327903504805e+00
2.236205714406538370e+00
2.061770109535065565e+00
1.935191211078199469e+00
1.732133319707757080e+00
1.824607334706744188e+00
2.248503809195677494e+00
1.262677951473286209e+00
1.543834555204914194e+00
1.579513270753586385e+00
1.209288114294366334e+00
1.929555508642281536e+00
1.403416721587758653e+00
2.027924266957231048e+00
1.514666709124725452e+00
1.198983763006537417e+00
2.107321313308773369e+00
2.152023957013453614e+00
1.689819057745342912e+00
2.134594434628771520e+00
2.871069930256553882e+00
1.633739696309878919e+00
2.176195712138809135e+00
1.450593196841947208e+00
2.237761381527282545e+00
1.806836453335839643e+00
2.459322959334705239e+00
2.179609272619427163e+00
1.749094157491969170e+00
2.125483033722110893e+00
2.030160146687512768e+00
2.308366293891961352e+00
1.733629714107227437e+00
1.704203592903836606e+00
1.608179160591799217e+00
1.758685250896053764e+00
1.919384626511929648e+00
2.466710115997261532e+00
1.478037190636265485e+00
1.876885965756739605e+00
1.651821512696873606e+00
1.903792489923714637e+00
1.352609457191739084e+00
1.547025739271448153e+00
1.958754969861136397e+00
2.508618438644055093e+00
2.296215166468325464e+00
2.393942323323118515e+00
1.430209381920456435e+00
1.441338303825366873e+00
1.949315928227693062e+00
2.142546843975748239e+00
2.166476777377503549e+00
1.755202721661721643e+00
1.890062821397830106e+00
1.934135624490938010e+00
1.115858100955764876e+00
2.407848511565292782e+00
1.632365507808732241e+00
2.318400916848782689e+00
1.519518171096310155e+00
1.967390305233797987e+00
2.131544005069306191e+00
1.858138588906230293e+00
2.458856639528774757e+00
1.623179032974894520e+00
2.074065648781325155e+00
1.649031766408313837e+00
1.935234431867091098e+00
2.129673242974961411e+00
1.790340665314776869e+00
1.780852628767763735e+00
1.451135245921738814e+00
1.598072038993394672e+00
1.503129816528356866e+00
2.551414811307473496e+00
1.879825355115420704e+00
1.752173710071474044e+00
2.115278310045370258e+00
1.805591538618239289e+00
1.454674355049424550e+00
2.206860774928133040e+00
1.641777996461472044e+00
1.867834114239465215e+00
2.277047881355102277e+00
1.478931379193508144e+00
2.008141847080518794e+00
1.829859940763992832e+00
2.299420687986704515e+00
2.390518495771892127e+00
2.287118120158451617e+00
1.424618441606586794e+00
2.088870128165214890e+00
2.307929252416866195e+00
2.241646535717033650e+00
1.639524653710568991e+00
1.948869973968677893e+00
2.078485509766005990e+00
2.048311307830496197e+00
1.817592012898194609e+00
2.001720354046932826e+00
1.729242234802888190e+00
1.500597452475184390e+00
2.053714473057763445e+00
2.092996592306846981e+00
2.015625524841362370e+00
1.509809282543987496e+00
2.558642220736407680e+00
1.676021888101016488e+00
2.670944691043423802e+00
2.088055514664947321e+00
1.769594428367214034e+00
1.418700481541568026e+00
2.659051579133867804e+00
1.480403217750629885e+00
1.460271582133733759e+00
1.577577844359486781e+00
1.877851871636862402e+00
2.140694169767139332e+00
1.980421378770074625e+00
1.795644582165207614e+00
2.204580073666149165e+00
2.217271825584057332e+00
1.436316486379147772e+00
1.184382075934813594e+00
1.532272571568509711e+00
2.351456593557326613e+00
2.161239302457166556e+00
2.441326428012583261e+00
1.761541340411448608e+00
1.918525364773706832e+00
1.728751862474563694e+00
1.788741734809600414e+00
2.042037476543608232e+00
1.495648150045184810e+00
2.237706721238107210e+00
2.026284128093436276e+00
2.113190204087613822e+00
1.537005053331370608e+00
2.368365876179886254e+00
2.486226962846818545e+00
1.934233453277813597e+00
1.779174878767893153e+00
1.721661633309655492e+00
1.877189339805089174e+00
1.281952702030529467e+00
2.213868860229359026e+00
2.215982213950962620e+00
1.642346824874312050e+00
2.351420440369326847e+00
1.264078852329114655e+00
2.076634164308989394e+00
1.382965518604010402e+00
1.634448077070533634e+00
1.337059798462486349e+00
1.690770975951866317e+00
1.368500032302528924e+00
2.121304072936923912e+00
1.896852751775604418e+00
1.768634090856899821e+00
1.834126691737286485e+00
1.950005587427439568e+00
1.222535342789191848e+00
2.446058275748991484e+00
1.975558939249681956e+00
1.180624901624097722e+00
1.461790850632966876e+00
1.669837161522308433e+00
1.837716977857828393e+00
2.072254928788839212e+00
2.060680297770972391e+00
2.056126986393144840e+00
1.936506209791940103e+00
1.645281996598305652e+00
1.565465863243942213e+00
2.217767803081371003e+00
2.078601631354940693e+00
1.736257677154851686e+00
2.334246831959793766e+00
2.005170118566588222e+00
1.736220801537536662e+00
1.795227130653669789e+00
2.188200414822870421e+00
1.467409120010386037e+00
2.294710441715952065e+00
1.779416342399762652e+00
1.884583044991849921e+00
1.498501059838196037e+00
1.220825387146190044e+00
3.120199304564438059e+00
2.184886480730577230e+00
1.580833246941104830e+00
1.304069713711605738e+00
1.625329123603463488e+00
2.527145279107747999e+00
2.318264306131454511e+00
1.713888077389356779e+00
2.075550371275925787e+00
1.898196214802673421e+00
2.416335338948509381e+00
1.667523210850814008e+00
1.362873577947140591e+00
2.068777472109687654e+00
1.477267266553240699e+00
2.441811033489164284e+00
1.525016455096910972e+00
2.141597493935041729e+00
1.933706503133117094e+00
1.809887999270551884e+00
1.670103698803619974e+00
2.318595725454788870e+00
1.841130353933923436e+00
1.488320977049259364e+00
1.792812004584039220e+00
1.264218646184950279e+00
2.079624950128875049e+00
1.986820899982996824e+00
1.415910382634947062e+00
2.136535711013391126e+00
1.645508719643435480e+00
1.309444883343641619e+00
1.343571558153554335e+00
1.691929300466509245e+00
2.000479778677227927e+00
1.754271098254564842e+00
1.910196078524856844e+00
1.962683156130046402e+00
2.169028199542575752e+00
1.648679710288921685e+00
1.764352857428884924e+00
1.574561998809520524e+00
1.163619785467442158e+00
1.957121183846839418e+00
2.239849373043075964e+00
1.299306836402454701e+00
1.550462711682548012e+00
2.027745388199616361e+00
2.100013471112670338e+00
1.413267170449450827e+00
1.749069224573899684e+00
1.228053412307598125e+00
1.991929064457353737e+00
1.645589051317652318e+00
2.096089910054324434e+00
1.692895892400732683e+00
2.402033272746461723e+00
2.259583686388113577e+00
1.701477408447795048e+00
1.374316550682527227e+00
2.014012229827342626e+00
1.494529466895996972e+00
2.123308342089528900e+00
1.981174425627180158e+00
1.305005665816368454e+00
1.317133859481519398e+00
1.944210174472373875e+00
1.372996789654348904e+00
