2.797847204161934886e+00
1.806872412208135215e+00
6.535780480815930993e+00
2.354309004836739216e+00
5.412149433681850752e+00
8.499455379737021588e+00
1.247569563053623476e+01
5.946268636152166609e-01
6.349551897744768247e+00
1.498147096489796937e+00
2.611879483666784463e+00
1.865081710182447727e+00
5.783999936210025616e+00
4.722570750791714289e+00
3.943100000950566564e+00
4.091628750569308970e+00
7.595036980340229560e-01
1.547528813740220555e+00
5.009088148702851129e+00
2.762131119205292862e+00
1.649510278603283364e+00
2.389721602950122037e+00
1.758039061983691642e+00
3.958086475881719579e+00
1.201609468506159573e+01
9.527500380652915268e+00
1.446512454119725621e+00
8.025178662150414866e+00
1.630629669879238630e+00
2.774177387035392961e+00
2.712907045147203711e+00
2.087578686084547108e+00
1.476658951466254344e+01
1.775586482563955570e+01
1.968158846555732922e+00
1.639515152639534845e+00
1.595222574083124956e+00
5.545531477192936265e+00
2.709935830009180258e+00
1.066622216795590106e+01
4.212613610957305355e+00
5.071982469775660363e+00
7.588137733760947690e+00
1.902092720177949392e+00
5.748062506355080536e+00
7.496475066565619017e+00
3.172261642355261202e+00
5.130485083057680917e+00
3.493223752471933174e+00
4.027718894960347740e+00
2.470235753473998930e+00
5.535153901367012352e+00
3.299875446175788429e+00
4.333948245300140556e+00
8.147105485051692186e-01
1.509026182571528540e+00
4.015401055475525283e+00
4.481552036206251977e+00
2.696753299060862119e+01
9.712818329818414753e+00
2.571187950128881905e+00
2.750957390632966071e+00
3.869281237460139966e+00
4.186912475004340273e+00
1.332730004217728359e+00
2.179237856901968584e+00
3.539319238314110105e+00
1.715318420957014478e+00
3.668461977676927610e+00
3.180131724247279301e+00
5.339250393239765913e+00
8.743892687654680529e+00
6.739735694211347328e-01
2.717008879171039837e+00
5.743230969847934908e+00
3.153897388223573905e+00
2.404874251682651121e+00
1.647931585494901707e+00
8.418729630280694209e+00
4.036297628551973382e+00
6.428654813740863894e+00
3.137136586730162602e+00
8.212914274813045701e-01
1.998766412070356768e+00
8.602628438163802960e-01
9.195842279888998050e+00
1.245580530846530198e+00
6.785714204918289916e+00
1.271315285385983174e+01
3.636275555059615083e+00
7.134118356526041538e+00
1.566570778738767711e+00
3.919577329096183504e+00
1.995383768563129046e+00
5.787933779775608301e+00
4.328506645833896549e+00
4.059298464998883027e+00
6.498933894483659657e+00
3.940714383568901358e+00
5.910426443384818818e+00
4.771649483414421411e+00
1.098072780285378158e+01
2.691533398464085458e+00
6.267525275459516543e+00
1.771941765126619384e+00
2.762840202397128575e+00
3.931054459637944642e+00
6.799334088506349794e+00
1.278345329295828847e+01
1.072022122480764894e+00
7.246368533291926539e+00
1.750513332195172467e+00
1.382626731265973019e+00
4.856557868082528984e+00
3.160659224098822051e+00
3.540853489453929637e+00
5.779156749468262078e+00
5.581707689924658489e+00
6.460540901717886086e+00
5.365398322609184589e+00
5.054113439929784235e+00
3.653711870900139491e+00
2.581802939794184404e+00
8.759422764647958104e+00
5.630401493333009100e+00
1.390950518020336313e+00
1.409760232659916923e+01
2.739232341144185234e+00
1.710747289551591832e+00
2.064033850397290593e+00
3.274531445774822913e+00
4.444744266561068358e+00
7.881883144622001680e+00
6.718595699851864111e+00
3.167927853104569369e+00
1.565426034648733555e+01
1.003837245046764615e+01
4.844802398732969806e+00
3.902068428180669901e+00
3.199898197108471010e+00
2.208023734512347236e+00
2.304918608389296963e+01
3.435981409520654672e+00
1.122149881161289775e+00
2.174114293761384431e+00
4.859527796864361093e+00
3.180844631548944257e+00
2.176486331029733989e+00
7.626961126788435186e-01
9.360925961681001439e+00
3.411022866516020713e+00
5.471239271565327300e+00
1.008584777387139653e+01
2.605560895027171142e+00
1.231956796368733009e+00
2.710625994887512658e+00
3.493584155594295915e+00
3.119268612270141183e+00
3.521434702650945603e+00
2.321151565054791810e+00
3.069239409318022194e+00
4.823960476377291862e+00
9.598941273254212092e+00
2.096807808827185315e+00
7.760440683424540076e+00
4.241820755066403770e+00
7.364905964143994233e+00
7.748143371044998062e+00
6.508973082330784088e+00
4.527515239127214208e+00
8.855126694399892529e+00
1.190772880878650675e+01
3.377751714976045871e+00
5.611783994439886847e+00
2.695237513906369120e+00
1.673338397857948134e+00
1.128351278292909399e+01
8.620354191024114598e+00
7.222258885820725949e-01
5.184736276110792019e+00
5.213784313267195714e+00
5.279565193343837670e+00
4.972514632600479878e+00
6.185557991957231216e+00
1.235980946061105534e+00
1.817481938644975648e+00
6.683028411930997059e+00
7.209555077398343670e+00
1.476781668526626845e+00
4.450153737525326392e+00
7.386035750464921001e+00
5.713793135959200242e+00
1.303190197398508721e+00
2.806697009333813497e+00
3.791040583671606790e+00
1.097236373909229235e+00
1.027153953108299511e+01
3.103180950244032399e+00
1.442135003464133902e+01
4.300011764465515363e+00
3.551941592218802679e+00
3.399027152882105440e+00
9.804495346396624456e+00
3.422673502537271428e+00
1.012729307013227142e+01
5.987677396150626663e+00
2.170993331736766230e+00
3.302706827223159447e+00
4.911682830299109348e+00
3.055678550704046703e+00
4.206057465446738419e+00
8.792130296505334286e+00
1.539102168054871544e+00
3.863940105156573157e+00
2.106990509804711920e+00
8.405378479417532134e+00
5.228929753813323700e+00
4.304667617698639148e+00
3.203363436273413356e+00
2.211423308630104057e+00
2.900623197933957176e+00
1.495445925060963432e+01
1.386024393408706423e+00
1.607899654259582434e+01
6.301482471762103188e+00
2.613397685849689900e+00
5.471991847342150272e+00
2.579076768453696822e+00
4.290250002332414603e+00
2.432897598750738410e+00
3.361742820848648616e+00
4.505642203569801829e+00
1.102247911561495597e+00
6.705203151971049991e+00
2.115365896209513430e+00
2.402390893078123035e+00
1.365103886449171711e+01
8.921647088934384628e-01
1.351424054985912893e+00
2.263070232644856183e+00
5.011983389369536468e+00
2.388601068366426716e+00
1.248122195543221347e+00
2.979947037283155353e+00
7.954536035109521563e+00
8.045782939038570447e+00
5.556772994770771135e+00
3.270330534742917017e+00
2.155547299214098711e+00
5.045882143251311902e+00
1.760253016436507068e+01
7.345835212532918490e+00
3.901623045876673412e+00
7.553436482326004509e+00
1.435562653905691599e+00
5.499467487984907699e+00
2.208783216136810168e+00
7.439253992948790639e+00
4.465570382854128439e+00
4.322953222544471785e+00
4.619235331503352526e+00
2.844568538761204302e+00
2.306214526614101867e+00
1.969936822640069973e+00
4.920757495062757947e+00
1.034534492702438158e+01
4.417834338479727840e+00
2.509579520953635789e+00
1.648243069325507015e+00
1.703627548440025619e+00
1.234159080388619545e+00
9.822465082033037254e-01
5.408816411294325555e+00
3.969555241991034489e+00
4.277852864428381530e+00
2.177497121067804464e+00
8.820480869947136426e+00
6.361175815929721367e+00
1.423597702076720317e+01
1.133325963658528446e+00
3.371609873401845814e+00
3.332627154349007803e+00
1.385599497371471145e+00
4.623812877021126200e-01
8.191318342492195370e+00
5.736171221749216009e+00
1.170372511446483799e+01
4.110346785854664731e+00
6.600737645068742943e+00
9.760050804837616667e+00
1.718659446382453382e+00
4.049559361750807440e+00
5.769662675925327555e+00
2.645765079452867763e+00
1.195176365530239204e+00
4.115705768677858423e+00
1.855086769978819161e+00
3.130353796292905333e+00
2.126540599647563035e+00
5.413197934067927264e+00
8.497340843307509273e-01
4.862784647566368967e+00
2.701496197963042523e+00
4.436573447468694198e+00
5.334235090748615349e+00
3.412421752871864555e+00
1.574036365289459116e+00
2.955046450941803737e+00
2.027082377702480454e+00
1.169430405332433809e+00
2.146039433428316379e+00
1.188924812209539050e+00
4.371074252770113411e+00
1.244518625819633906e+00
6.290003732277369863e+00
3.972604243699207505e+00
2.477460570308113397e+00
4.175156202572053665e+00
2.666977155259394827e+00
7.524945914089188115e+00
6.193058953461504146e+00
6.891933450281554130e+00
9.505274655348516788e+00
2.746880389814239098e+00
1.317501563113448793e+00
1.384100511331480599e+00
4.280659960754643834e+00
7.603682604608801299e+00
5.013176278903074490e+00
2.563487335615809215e+00
3.115572949529257230e+00
2.872026089363417078e+00
4.071728534589380999e+00
3.917869357279760489e+00
4.927723125149359618e+00
7.059655842011526516e+00
2.946936764989121826e+00
6.139818732225943876e+00
4.687674363239620945e+00
7.905387316755155602e+00
4.255210011003867976e+00
2.716285966562619336e+00
6.233096426895054165e+00
4.276205269461421210e+00
1.155430598911167728e+01
4.100031992166541350e+00
2.103308940929667692e+00
4.405831370871102770e+00
3.271509091074559450e+00
3.965422423139660424e+00
5.262920482908509001e+00
4.030990873912393191e+00
5.383237212959133267e+00
6.502534067043889365e+00
6.232600649783334390e+00
9.381091349065743046e+00
3.254720999074599330e+00
8.000857021531729174e+00
7.705539260545098301e+00
1.541327958044075075e+01
3.581565640347068591e+00
3.708821686775561677e+00
4.988542445156189054e+00
4.751683216857542469e+00
2.931624793323168277e+00
3.638087228412741680e+00
7.237528177571203258e+00
2.537647113885101113e+00
3.638957109475063234e+00
2.906133971136557026e+00
4.347073725830481905e+00
1.830241491428977296e+00
9.357269548735844822e+00
1.126915410184950694e+01
1.899449007848981408e+00
2.057281388697092872e+00
1.401787673637282339e+01
5.124902191140473739e+00
3.359040856834129674e+00
6.986430216640584057e+00
3.220106505007937159e+00
1.243952404041011306e+01
4.313891249147991935e+00
3.301995526522338853e+00
1.643168118939135613e+00
1.438380485032547895e+01
9.301149645162616331e-01
4.998858349558555680e+00
2.982152910018693959e+01
2.730238094220931888e+00
8.329092058576885726e-01
3.904375583722770937e+00
1.996159680167540174e+01
1.120518360502300581e+00
4.269218334434409456e+00
5.398474847729339388e+00
1.456364456882166181e+01
1.612831046252404477e+00
2.296755691385209630e+00
3.944576298289593108e+00
1.658458809972495951e+00
2.309263236935895414e+00
6.021140178453233460e+00
4.212107626240553238e+00
2.121159042574590092e+00
7.885143289288299329e+00
8.146432688202774886e-01
1.819849933953867804e+01
2.761519604858325483e+00
1.165327610875442410e+01
2.458182685684321633e+00
3.843236981223223214e+00
4.515971208497872702e+00
1.796903344662660773e+00
2.534217195211119211e+00
3.006366104670544548e+00
2.256807880814742617e+01
1.206131349012158349e+00
3.582296243778993361e+00
6.476110130777790630e+00
3.462180723717153796e+00
8.239504721513366547e+00
5.674122389430676705e+00
7.794528452823383802e+00
8.589552307598141923e+00
9.836656255364265578e-01
1.069471870780545331e+01
1.747708390452750171e+00
2.788156658740187765e+01
2.417881259938430727e+00
2.277945395172656262e+00
8.856635413870559859e+00
1.717674173037762486e+00
1.037886730767031906e+01
2.205890360669670258e+00
2.509093738982380195e+00
1.186241786828482248e+01
1.931319308438800064e+00
2.291543476467066753e+01
5.519674618906327268e+00
3.731512116762536468e+00
2.179004576439504071e+00
3.198043313973450541e+00
3.809308454565984992e+00
3.135657219714667931e+00
5.339220217150140613e+00
3.633784234379825673e+00
2.348527408274877715e+00
1.009375115580582127e+00
1.857187184880047859e+00
2.148850916773078712e+00
3.623333200312355729e+00
1.234882351878418483e+01
9.005403841902985818e+00
6.053119465070232685e+00
3.468656235795598519e+01
2.456636745895208307e+00
3.821816455531590329e+00
2.353755015897430525e+00
2.719376342482152875e+00
7.351411648508491936e+00
3.397784893879402190e+00
2.177239576921099928e+00
5.048291669641663759e+00
3.408414066513049789e+00
1.694298341635353644e+00
2.336508609661789748e+00
3.523037980114405165e+00
1.168792110597995659e+01
7.678473001793470587e+00
1.003664970180143001e+01
3.691517416187939382e+00
8.755713265948378066e+00
1.406979351175468240e+00
1.029586057885810035e+00
2.998391439480750265e+00
1.813428843543563707e+00
1.192120159851510763e+01
1.174909898028992483e+00
1.262864482660746468e+01
4.428357928570709312e+00
2.163245935198607306e+00
5.900681792034835560e+00
7.444130985037866743e+00
2.428170922917239238e+00
1.396548613675774675e+01
3.184168389120173082e+00
5.870742018325640910e-01
4.013485352333553635e+00
8.345580366393781091e+00
1.708720571733592664e+01
6.673878285213560524e+00
2.394664958794287646e+00
2.182437144449925537e+00
7.294989752023391283e+00
6.580811261869452089e+00
2.942063287631709212e+00
6.615379348868891896e+00
2.808786837873290310e+00
2.011411333913665445e+00
3.434116110063601290e+00
1.181609160669546021e+00
4.806960729911549102e+00
2.621777465115460615e+00
6.890323267521359263e+00
1.482309460230411702e+01
2.222890833933451660e+00
4.299158795447087122e+00
1.659431906556035230e+01
5.080216453387309983e+00
3.304765950641618932e+00
5.970816158920519534e+00
5.326355027795313113e+00
5.913409075710588603e+00
2.105809041078313459e+00
5.645461680406673288e+00
7.426042641633388008e+00
4.897522664798991343e+00
4.518785513929922004e+00
2.471869559782756909e+00
5.188303781559230110e+00
4.371660572831119751e+00
3.021418632390184378e+00
1.122078386113222193e+00
6.145761650705798829e+00
1.355613873215055998e+00
2.819983352823749811e+01
1.099124672609955278e+00
8.918238848853167866e+00
2.851870381642559238e+00
9.088361859127016551e-01
5.342007310815026777e+00
3.775861864590607020e+00
6.730329395438075402e+00
2.144813068891791463e+00
5.105753287350920822e+00
1.824556583238612717e+01
3.347617732932459234e+00
3.261711410411692214e+00
2.984331171980022290e+00
3.089430312578147486e+00
3.972152743305330524e+00
2.188463215694984587e+00
3.663251188210789167e+01
9.429845468014584897e-01
7.278122258191642047e+00
2.808037004290618199e+00
1.253296716998827875e+01
2.647671993538923907e+00
1.826162986957172496e+00
4.406723503356702487e+00
1.693997954742616274e+00
3.723985133202965869e+00
7.517974086436618464e-01
1.567638082694607915e+00
3.902713688168213402e+00
1.893894726056452704e+00
1.740635996134681784e+00
2.316317807505118009e-01
9.533479405852803623e+00
2.001556220532372254e+00
5.673394434496904282e+00
1.139389714229988648e+01
1.784625959497605274e+00
1.106388991956783130e+01
1.881636003744004970e+00
1.673930024784393567e+01
7.674250965530673874e+00
2.704399566722917037e+00
3.183086761410491405e+00
2.345510926901691384e+00
2.887755126721297749e+00
2.947032923394880655e+00
3.724486069843411684e+00
4.818173093635168769e+00
2.465506190461929492e+01
6.935214269675237908e+00
6.823617643861698667e+00
2.889051356801020098e+00
3.423224007326152396e+00
1.858262429120990600e+00
4.040843320936704508e+00
2.702531504552267982e+00
4.070360788040781941e+00
2.830727400326749965e+00
9.014329049742130451e+00
6.887313700397315941e+00
4.306182360561225941e+00
1.881037086012975834e+01
9.352654763834891583e+00
1.418027882381300842e+00
2.576857699011981584e+00
3.260761477989887691e+00
3.328980512897552035e+00
7.268619296540238750e+00
7.894509698369204465e+00
4.463520107935228243e-01
6.459031452261683626e+00
4.900604173787544759e+00
5.613544302628597826e+00
5.178663823260576393e+00
5.200671848171563028e+00
2.429423330428346350e+00
8.473737703778176922e-01
3.771396912400593493e+00
6.976195910661400212e+00
1.107081917181980790e+00
2.900064760307005773e+00
1.493674330454673793e+00
4.160434008593290933e+00
1.538818060966491652e+00
2.707736661012178025e+00
6.345433970408924651e+00
7.420729866989817403e+00
1.055885756778666185e+01
2.994492258513504535e+00
8.340723201404777853e+00
8.145382607356644655e+00
1.296648687010759815e+01
2.595236576831194242e+00
4.672677330388105510e+00
4.311821408736749461e+00
4.605055739517368574e-01
3.923524964230204137e+00
2.334678626313706040e+00
1.280521657991682938e+00
3.698378416095218224e+00
1.790381027350483212e+00
3.368448603469806457e+00
1.341110471395592141e+00
2.575664680911684989e+00
4.869087059562537512e+00
6.115649899938470080e-01
5.497177170042922612e+00
3.750608756473215344e+00
1.495565481696411503e+01
9.417627920431032251e+00
2.657394707480440932e+00
8.130116105176407260e+00
1.843338786270512175e+00
2.699145058962720611e+00
1.332703054697794265e+00
7.429114604237773811e+00
2.972541783140515648e+00
1.084171383427790847e+00
6.705981954355818786e+00
1.637475504805774751e+00
4.531910143338474306e+00
5.301739724953340449e+00
4.183522730761254138e+00
1.095948367171957116e+01
2.610077150362530851e+00
1.979747319746527978e+01
1.977404259263069841e+00
7.397212012794004643e+00
2.913776497700677925e+00
5.873490782722329051e+00
2.077337826365669216e+00
4.653556169714835322e-01
9.483706159943309899e+00
7.796492695256016070e+00
2.328986212936248190e+00
3.533895878793281931e+00
3.506967259202401266e+00
5.359316199648511692e+00
9.350060533832107446e-01
5.324357079445453778e+00
3.883579553159864695e+00
1.766411432245018887e+01
4.513268608881650046e+00
8.281611283358706999e+00
2.152279853500226547e+00
3.223707896208758417e+00
2.140977482306190893e+00
7.635131491063206433e+00
1.751945172104216741e+00
9.298340564210839654e-01
7.016036694151490671e-01
7.891644137118053237e+00
4.549803102320137072e+00
5.490149757211945314e+00
3.040283061590099756e+00
7.558704998572860490e+00
2.503929165959931868e+00
1.012795765229212819e+01
3.814186675371309843e+00
7.679696147478209944e+00
1.534666191810879710e+00
6.674556502721575413e+00
1.413085423663598128e+00
9.508917771862689605e+00
8.353796104905947928e+00
2.627643876761798669e+00
5.251811888251503468e+00
9.682465444920806963e-01
1.080230346432225375e+01
3.515925897734028194e+00
6.831707570810434671e-01
4.618797505850827712e+00
1.260584668042366019e+01
5.873212815955118238e+00
9.056749808082317443e+00
4.000093539983305746e+00
2.198360088691846848e+00
8.952244427518920133e+00
6.475530968436006951e+00
1.522759073543648967e+01
9.734434683138665889e+00
2.571618952304709715e+00
3.387967793806157424e+00
4.341671099190871352e+00
2.750810575365687960e+00
1.083416311137339072e+01
4.474483235040746187e+00
3.795749702971242812e+00
3.824839838620230026e+00
6.266683373825156167e+00
5.089608349065924742e+00
3.939079845025653892e+00
2.284552362291357053e+00
3.915685747082568557e+00
6.553303010330413514e+00
7.401800489545676598e+00
4.939277963620273937e+00
1.790801523571692089e+00
1.192335812410466644e+01
5.255582383029507199e+00
1.735320103902366018e+00
8.386329568444892857e+00
1.745277525271307795e+01
3.141205502008692640e+00
2.606764466041754602e+00
5.241849751217537268e+00
2.787509986691383723e+00
1.830534812898195529e+00
1.531819968498054685e+00
2.102327002931687616e+00
2.377035085130465575e+00
2.692712100603100733e+00
4.108031903578853061e+00
9.779856514385112831e+00
2.083269505017542045e+00
3.945880464876345695e+00
4.991234144607092027e+00
1.715404921138981020e+00
1.723509130479665474e+00
6.332784701313949327e+00
9.825444310980870455e+00
9.337115660753788404e+00
1.673252385431454270e+00
9.615121428127391567e+00
9.062932115071141936e+00
1.003949627704798431e+01
2.938696124630464368e+00
2.773045446194148056e+00
2.469748628270667545e+00
2.649625150202303825e+00
1.808516822263523594e+01
2.671804657634420987e+00
2.022283526731776249e+00
1.631084194782529861e+00
1.471569169698799362e+00
4.424011729330166176e+00
1.742314510121113047e+00
6.374446692783633850e+00
5.948495117727790049e-01
2.901086285647263896e+00
2.395631850662785389e+00
4.785058922726026509e+00
3.968070101001903716e+00
1.159605356840170209e+01
2.789635727469910176e+00
2.605179654766375918e+00
2.011843766838105285e+00
1.965716562182209692e+00
6.879376083140381404e+00
2.993788458775922479e+00
2.112862735201007869e+00
1.942094317499372114e+00
3.589138415121634562e+00
3.363831023269705067e+00
1.881833305672405920e+00
4.106225275324816515e+00
3.719574509038227283e+00
3.576823674274746345e+00
3.592968204801767040e+00
1.935036447900881473e+00
4.031652706456059221e+00
1.339433805808437405e+00
7.330812512188438212e+00
1.163238384972179773e+01
3.047941904810045788e+00
3.800608149342171949e+00
3.389946984199839530e+00
2.916725598682237575e+00
1.915107500016876241e+00
2.082281556779204834e+01
3.223815055033366406e+00
7.524388684053273657e-01
2.837998652395838040e+00
2.470251462822622202e+00
3.795521896318816868e+00
2.318508834430910159e+00
7.477270756156588760e+00
8.343731338468529657e+00
3.375182628121576212e+00
6.955495676339083388e+00
3.114630419593337418e+00
4.908847669604813113e+00
7.807746881012548990e+00
7.520288955331470682e+00
5.448324887599652833e+00
1.286170395529368626e+00
6.598242795644417846e+00
1.961927830127429884e+00
3.825666973336173005e+00
6.179577512615842316e+00
3.116542410116186268e+00
4.383943379197017265e+00
1.226025688410687486e+01
7.993628538988581944e+00
3.469707301408376132e+00
2.342672424867506820e+01
5.551155781077159901e+00
2.917313755572288336e+00
8.237876542002739555e+00
1.505074226208149346e+00
7.920040690756114721e+00
5.845433397659025587e+00
4.255775923760618085e+00
1.448751643448745163e+01
4.054567905177171916e+00
7.967611099693122867e+00
7.375008466388693229e+00
6.904835870064044423e-01
1.233337452752216956e+00
2.355937857668833679e+00
5.354659886816943271e+00
9.784257459421587200e+00
1.033004339262159377e+01
3.856684537836982507e+00
2.603249989828349431e+00
1.229157953586740959e+00
1.776225385624842446e+00
3.651784132323002030e+00
1.338516633412546009e+00
1.376108852317336328e+01
3.685691137477359991e+00
6.206050365012552916e+00
1.548852042072020430e+00
3.810920978299144224e+00
2.310990875416378820e+00
7.311994803770671680e+00
2.243409130450269906e+00
1.202198141770524309e+01
1.283696423550386934e+00
5.970282325448655891e-01
4.554690830431270321e+00
6.917046588167527155e+00
2.199702376455566100e+00
6.650923766817370186e+00
1.704777654795749608e+00
1.330759888708639416e+01
2.120652545324208660e+01
3.310022667864613410e+00
1.751430664007137317e+00
1.411694792149133981e+01
6.397679175269975538e+00
7.950647056376605626e+00
7.828053720718007646e+00
2.510040365140195018e+00
5.834437365151091015e+00
4.301852977164932312e+00
8.530453336793270225e+00
1.559020822267143203e+01
4.240720599377352684e+00
5.667092557494644467e+00
5.896320623153581408e+00
1.465694659388695698e+00
5.698704067856850131e-01
2.501458389382700709e+00
1.070546888969187815e+00
9.938392703892486857e-01
5.660023699662443120e-01
6.174897233134152508e+00
5.009991875845221543e+00
1.796905377617673549e+00
8.269937496932865173e+00
9.545542910964250893e-01
4.480891513694047923e+00
7.553660927535581493e+00
2.206841161328757295e+00
1.086158119208027450e+01
2.064581896024936469e+00
4.024093469248382959e+00
7.575345913197679693e+00
2.903794250380109965e+00
4.795244080893923844e+00
1.137208228969972623e+01
1.371814885304242670e+00
1.198587651521056863e+01
2.709637311833385187e+00
3.765086830426387809e+00
2.310500613158851024e+00
1.857627453172956855e+00
8.679000874827492495e+00
1.917216022728617464e+00
2.528778582897502680e+00
7.000148886846792706e+00
7.253737345379334123e+00
7.618180713429133277e+00
4.652834010572107992e+00
1.639770708391989729e+01
1.095569947823223478e+00
2.138726883435123849e+00
6.140057634865421221e+00
6.961047006431190454e+00
4.516365913682454547e+00
2.983155037663920872e+00
3.638378766966149147e+00
5.308547598419073310e+00
2.043977171028017903e+00
1.560731103467611725e+01
4.472442979219593440e+00
9.258244066437090192e-01
2.885806726384734233e+00
2.484389631298084566e+01
1.082487542386099344e+00
4.096389582652482098e+00
7.626584670534275467e-01
5.074351264456465671e+00
2.680220220815760612e+01
3.686580235572584741e+00
9.280954503650987064e+00
5.598723691654424961e+00
1.265094869041931602e+01
4.777290088870940643e+00
3.199963757659806340e+00
1.571723200740810400e+00
1.334550370656528262e+00
1.450593775938483532e+01
3.303075804225318990e+00
8.423483493049273019e-01
1.329456583277912829e+00
3.609847056093108186e+00
8.628299831058116709e+00
4.094592490578005339e+00
1.009635446878406384e+01
1.559000287604353385e+00
2.726709573527968278e+00
1.217379223958477752e+00
3.319860818092374100e+00
1.357701401475779690e+01
1.531978797900821032e+00
7.443582918474807464e+00
6.481759545192882221e+00
1.118895680458266106e+01
2.787344006504531180e+00
2.793910328149271205e+00
3.246278573370725784e+00
8.719154589009471934e+00
7.350455432694887214e+00
2.176191122655950938e+00
3.177903221393183930e+00
3.195337347252831695e+00
2.681169262790201291e+00
1.258435970081053057e+01
5.610238553069337719e+00
1.222451062647549547e+00
2.286853248995558197e+00
4.623103948699792021e+00
2.696355724661071207e+00
2.339154735862168710e+00
8.671449183106361147e-01
2.587864879916571326e+00
5.004526431126914865e+00
6.020329286856457962e+00
1.373244276927160001e+00
5.756110062436265995e-01
3.246446166913155018e+00
2.793875901026972031e+00
1.285884053626370260e+00
4.214841542174908362e+00
7.000255693739761753e+00
2.879261445384812657e+00
1.606657990636472988e+01
4.694008567098782336e+00
3.572399745486944056e+00
6.965205452320345714e+00
4.718666839024962201e+00
1.460047539452602017e+00
2.684023340476272779e+00
1.247115082111651230e+00
2.846704839531675635e+00
6.904004148804322227e+00
4.341694110941062945e+00
2.088901315186947105e+00
8.158936501208154723e+00
5.088302446962701175e+00
1.663158909225543436e+00
