9.776286223657983943e-01
1.597158732574883278e+00
1.562731467872430891e+00
1.343356249672025271e+00
1.635265669897878471e+00
2.665997078686666022e+00
1.393270606800979028e+00
1.573549744597491529e+00
1.795906682775625596e+00
1.709527969604012432e+00
1.861653740493658615e+00
2.470035438309893472e+00
1.754903938495969928e+00
1.962190114571069621e+00
1.950096275302739768e+00
1.816509724324117503e+00
1.300340889940671429e+00
1.954942134158226485e+00
1.997924515126804579e+00
2.139316223379521542e+00
1.556092564274626167e+00
1.983774467059122637e+00
1.269490596470050470e+00
2.506464676821159365e+00
2.296849316414641073e+00
1.550754684521354010e+00
2.082412275502576460e+00
1.209354293755490417e+00
1.469208072374543317e+00
2.221852796997874080e+00
9.654857448752615090e-01
1.180927596987954020e+00
2.236037943059758337e+00
1.363477758445443833e+00
1.836075392178179611e+00
1.506125849316981347e+00
1.484036614558274403e+00
1.997619696869849193e+00
1.522838237701067410e+00
1.825628297313263149e+00
1.466974839901275418e+00
2.165565359529535883e+00
2.196955362842811788e+00
1.084648503031967026e+00
1.601965532444403983e+00
2.148957520956840117e+00
2.047712092822648433e+00
1.338447943463895617e+00
1.098598219856311564e+00
2.247088422633355620e+00
8.809031232814222845e-01
1.998366357754196132e+00
1.852024219308650244e+00
1.888170496404077081e+00
2.065270144777045846e+00
2.075010369505104979e+00
1.716301156818625273e+00
1.873961197189578654e+00
1.602235647170996868e+00
1.881579617808947447e+00
1.585017578715842035e+00
1.494246550975882437e+00
2.059671447681865164e+00
1.994418246963108654e+00
1.380297454766279408e+00
1.055716944182744088e+00
2.087400900398406645e+00
1.975212105473367119e+00
1.776888499709478042e+00
1.957532683289355591e+00
1.531395198630505661e+00
1.637260073011674200e+00
2.138327196281477605e+00
3.260729410929557925e+00
1.925349560052991960e+00
1.846665602355835434e+00
1.436820949539541203e+00
1.179388122733744382e+00
1.738742810809152717e+00
1.803336679798981823e+00
1.521063533344820140e+00
2.695532217744414538e+00
2.024707099461060977e+00
1.956137374529623107e+00
2.375454982938278281e+00
2.316611531708623772e+00
1.181871152489256671e+00
1.315060753760670664e+00
1.318494131544300396e+00
1.568382592811883081e+00
1.545347221618466715e+00
2.152111829579850699e+00
2.356480080950911660e+00
1.901137575895478049e+00
1.912585123242664720e+00
2.238387501907854293e+00
3.250773186203891552e+00
2.053675760286931773e+00
1.642592125795989899e+00
1.496828697180423884e+00
2.965437502213997156e+00
1.819157611731796909e+00
1.441372987495654012e+00
1.603325237287484217e+00
1.694480854185153262e+00
1.762853544312956489e+00
1.658150360555943337e+00
1.566181482424618077e+00
1.587179334765709715e+00
1.749317220734450729e+00
1.911042336366757466e+00
2.295505702572889994e+00
2.471104670602966458e+00
1.397605685356051231e+00
1.471644029690500677e+00
1.883764676019874518e+00
1.763815498257508052e+00
2.610962475021559204e+00
1.798476053927204443e+00
1.530309079671953842e+00
1.506104145861117072e+00
2.332670799354130686e+00
1.882596832719778623e+00
1.269094815699566503e+00
1.713732354260218749e+00
2.899556815264044740e+00
2.097823858968538957e+00
1.560968143538624453e+00
2.272287916674039288e+00
1.065018363045810545e+00
3.113063583078815810e+00
1.952595051431330164e+00
1.898125654598975753e+00
1.886695803211043687e+00
1.702287772810978650e+00
1.846432462345826364e+00
2.397975726401775365e+00
2.181029182011371415e+00
2.066790560474516258e+00
1.182182438816923753e+00
2.095315362266451764e+00
1.903218667771146233e+00
2.008567738649786882e+00
1.692311099097091986e+00
2.026235199766847295e+00
1.810441789200007978e+00
2.042594655397269143e+00
2.384525159789544713e+00
1.073070072515772910e+00
1.912824742776205067e+00
2.541974247953076027e+00
1.586446424808533484e+00
2.142893718164661454e+00
2.046439135414094057e+00
1.630430510039740710e+00
1.517162230032018444e+00
1.605499323535559908e+00
1.698757838975802681e+00
1.876061450593957014e+00
1.693829227984617658e+00
1.433844610263024899e+00
2.072747082513806571e+00
1.572730223088947943e+00
1.135047736191675982e+00
3.623056384428546828e+00
2.398840234436445673e+00
1.993237950848626427e+00
1.242952454397381112e+00
1.872941178379142091e+00
1.419811883872548419e+00
2.336187486834882421e+00
2.158811044697096282e+00
2.162118568501182114e+00
1.605397703265034615e+00
1.731956711367857560e+00
2.544229021857119744e+00
1.562606830188191243e+00
1.110813008048900485e+00
2.234621924614745403e+00
2.075757206084908102e+00
1.813468805854900001e+00
1.939857908209549953e+00
2.027486724594640410e+00
2.558883651892006394e+00
2.818973225377019887e+00
1.690473443029544720e+00
2.307217610347820802e+00
2.031820002327438424e+00
2.734856001673093839e+00
1.735705955453458849e+00
1.647546788557990194e+00
2.087713254680074293e+00
2.262017037839054279e+00
2.471833279594323862e+00
2.388919361455041468e+00
1.392926829744089989e+00
1.210854829247771436e+00
1.745435529854857615e+00
2.589617647514610432e+00
2.488234604668582151e+00
2.057018191997669998e+00
1.427777123971531337e+00
1.919512377563405536e+00
1.820414723641346377e+00
1.554123655043304630e+00
2.380264966992561515e+00
2.341821181051813472e+00
2.160754406584564524e+00
2.118527190488455503e+00
1.316300775874590601e+00
1.939164487667542680e+00
1.234435452779429676e+00
1.764988336749382603e+00
1.415047150718359070e+00
1.675606250491178173e+00
1.468858179899374505e+00
1.895384425621209123e+00
2.256497138006220204e+00
1.754098000817753800e+00
1.399539880260822544e+00
1.888986574505520766e+00
1.256257282915904439e+00
1.138913657676444258e+00
1.959004405121748116e+00
1.377615743473224352e+00
1.894008200165239852e+00
1.745956038164988566e+00
1.875478862019382520e+00
1.877299921777785263e+00
1.229978019668438449e+00
1.909752364974918626e+00
1.809754695525319201e+00
1.459285020628823482e+00
1.897874245459624021e+00
1.832164337687498978e+00
1.880309678592952283e+00
2.446112231652120883e+00
1.488448208702706221e+00
1.771438862564118200e+00
1.925977975522958019e+00
1.929222356325955401e+00
2.353135873803356759e+00
2.371942392413552536e+00
1.458164092442464144e+00
1.510312609940512196e+00
2.076763569208427196e+00
2.016989582099881329e+00
1.619331285922206654e+00
1.602410613976729570e+00
1.219798408878783880e+00
1.706523353470866811e+00
1.912038853522171955e+00
1.923988257597571083e+00
1.210517126484046191e+00
1.931835701818144457e+00
1.764936251995957273e+00
1.608789957488451661e+00
1.303392840438782896e+00
1.829431032478811225e+00
1.076083731095393015e+00
1.201402837157316217e+00
1.477852434068755327e+00
1.704259805195883049e+00
1.676819526624930834e+00
2.167303009116856582e+00
1.714160893269592423e+00
1.801059507090890133e+00
1.671576142807100762e+00
1.749692799288340206e+00
2.159083247731311772e+00
2.239352492456519350e+00
1.550179058193225101e+00
1.928722112153633761e+00
2.609882438200678223e+00
1.938480299320041400e+00
2.131024767630288252e+00
1.671431887863371157e+00
2.273715005975100567e+00
2.722614754967537909e+00
1.567636710472349648e+00
1.585531708957363728e+00
1.992608963111059506e+00
2.068153959307330592e+00
1.857159938461336868e+00
1.844786425922122941e+00
2.078133416812907086e+00
1.785993818270151579e+00
2.240483712657192594e+00
1.796699832426054577e+00
2.073725905114052637e+00
1.514119227180483751e+00
1.735795850483565106e+00
1.751626407004024166e+00
2.275982993655695896e+00
1.805268503164759730e+00
2.673445903683485003e+00
1.711329425365506474e+00
2.153695861704707948e+00
1.401164349777697105e+00
1.239933306448527173e+00
1.346404826617684680e+00
1.647783204376015220e+00
2.438674545235405056e+00
2.251274874252971347e+00
1.209779306531024723e+00
2.079327484636253942e+00
1.649959997596728067e+00
1.975108797828641904e+00
1.871127609154228821e+00
1.198454501718529297e+00
2.544747898951177145e+00
1.942693096501305838e+00
2.267742747392065272e+00
1.564434278409887913e+00
1.941450880417140645e+00
2.368738819563980691e+00
1.849414617968544672e+00
2.153962871655693778e+00
3.977515830501213046e+00
1.390167588468677939e+00
1.349445054143440847e+00
2.151859329945007282e+00
1.953820220844524558e+00
2.140544021110566408e+00
1.590970067003338428e+00
2.341029897858734277e+00
2.200280135784572710e+00
1.821942121662983416e+00
1.555485470442949714e+00
1.665763014417957599e+00
1.875835947336117027e+00
1.219552356225017897e+00
1.692512482506176585e+00
1.577401782635445837e+00
1.636615889942475643e+00
2.414372635978108583e+00
2.236921063700271439e+00
1.614806298667434303e+00
1.850556242633911941e+00
1.392488783896498772e+00
1.838780800214896427e+00
2.407878022002128304e+00
1.648226520587117161e+00
1.720716032574476140e+00
1.625544897142467304e+00
1.626510510346879101e+00
3.011369811059916302e+00
2.035111471771252400e+00
1.280918526685610459e+00
1.478797458285604716e+00
1.503054972112274568e+00
2.277191148686012578e+00
2.203509739458368699e+00
2.338416777169750826e+00
1.605402322663452619e+00
1.627081544856804562e+00
1.778379975601726226e+00
1.471983612840739086e+00
1.849713008140575488e+00
2.125273564900179046e+00
1.581667538402377060e+00
2.860471544652722020e+00
2.686055339612331672e+00
1.303950362518472517e+00
1.437105939196879900e+00
1.573726647624472230e+00
3.405909923572950859e+00
3.465030663943911904e+00
1.386538110053787687e+00
1.915446892731569539e+00
1.877106979948441001e+00
2.788482164550445841e+00
1.853948883057701336e+00
2.020990480286787072e+00
1.515362014337493513e+00
1.277599974568471408e+00
1.373992711891654395e+00
2.200737945538545404e+00
2.297815978236525059e+00
1.821544312734741489e+00
1.858062957381569236e+00
1.538684629747518295e+00
2.152795064675493197e+00
2.334898100492821538e+00
2.166005334357174572e+00
1.491526028670586257e+00
1.355834840988712875e+00
1.888084188444470790e+00
1.656690462284183152e+00
1.289458158749398731e+00
1.820360302570646960e+00
1.875121150630930211e+00
1.753458188984010402e+00
1.219775910931124363e+00
1.942995540298024348e+00
1.775475581825713078e+00
2.602229914800512134e+00
1.979259328752936309e+00
2.326697576013031732e+00
1.259163184354159304e+00
1.769244921773925894e+00
1.380475655688854220e+00
1.541818882015575598e+00
1.315229177068473643e+00
1.539937277673614435e+00
1.748177113255019455e+00
2.039988200846642563e+00
1.618757350700814834e+00
2.053515871567845430e+00
1.798176758930316366e+00
1.611528211982561132e+00
1.963848602025106693e+00
1.549392002452562478e+00
1.932102398545412214e+00
1.277134408888111583e+00
1.567598118395149287e+00
1.718556530932942028e+00
1.895358850253086924e+00
2.327781136637420811e+00
2.506825229344094019e+00
2.563869200247321345e+00
1.628743793679921614e+00
2.652728649455381227e+00
1.200785913348325407e+00
2.615126316740655543e+00
1.638808357342299349e+00
1.623294844245282587e+00
2.321603139557991913e+00
1.786166487497403033e+00
1.337134682594443014e+00
1.786083923855521283e+00
1.726036765768574899e+00
1.857508881378289178e+00
1.193195009482108437e+00
1.284265892826589983e+00
1.709366349519272354e+00
1.863974030216566158e+00
1.859269131351841464e+00
1.714798630767699894e+00
2.105023573751041877e+00
1.676151865816563058e+00
1.246420522900368200e+00
1.869831254401508325e+00
1.764327197491164068e+00
1.375596012624477726e+00
2.974766635733052667e+00
1.882534712041547653e+00
1.640529057853786554e+00
1.832604147508025250e+00
2.048472998923023702e+00
1.839675392367197793e+00
3.364844994797390410e+00
1.478474388875434586e+00
2.002086375501552773e+00
1.296347095396266136e+00
1.304101582224154621e+00
1.573103447694130574e+00
1.368689316905690845e+00
1.485330794740921334e+00
1.490939068312238769e+00
1.461937559748141435e+00
1.516304510495050106e+00
2.018751015628973189e+00
2.118429748099779797e+00
1.470470869330817054e+00
1.861642085585244244e+00
2.364294521524286097e+00
1.226964437619513015e+00
1.819310417986400585e+00
2.041503480342150567e+00
1.715747284300100262e+00
1.540636931041425406e+00
2.040116073869515212e+00
2.159736713251809714e+00
2.287791328422254189e+00
1.417437868347774410e+00
1.894737956895506503e+00
1.221975482503795618e+00
1.946313474903262009e+00
2.113809308860116420e+00
1.645796383278823161e+00
1.564965212968901120e+00
2.057032689652943613e+00
2.233509333180919487e+00
2.082928684998698543e+00
2.674208206087265172e+00
1.460107977283005454e+00
1.924511694018222752e+00
1.770916478782904369e+00
2.151219733194122519e+00
1.405296027062807429e+00
1.700726219817819906e+00
1.406213469542053174e+00
2.598037814047515770e+00
1.548543056789654093e+00
1.842021655676463476e+00
2.031436836187758388e+00
2.021528264971862665e+00
2.110988581894713612e+00
2.811655511734872714e+00
1.738335432614219300e+00
1.647027537662538510e+00
1.220371621358010250e+00
1.730370255633949306e+00
1.387816043881736627e+00
1.318001061392485740e+00
1.882391208890344503e+00
2.066068833261331950e+00
2.012590680728165271e+00
1.892411616306489464e+00
1.803308414306253216e+00
1.742483350315297219e+00
1.572332771796536965e+00
2.355981205446384230e+00
1.278664039996889823e+00
2.702436848862393770e+00
1.255774037382291208e+00
2.717557464431141767e+00
1.733258676218585759e+00
2.927907832262865551e+00
2.439784937315378599e+00
2.220255997809857273e+00
1.953590097571859419e+00
1.819188956311792671e+00
2.974531406903393016e+00
2.264964261652113731e+00
1.716563843265928480e+00
1.394774706713962420e+00
1.196307046445761690e+00
1.391239712170894371e+00
1.696009751884544503e+00
1.385552253885909746e+00
2.049062613398643151e+00
1.534514660214451931e+00
2.724722594435111667e+00
1.989392425122129993e+00
2.569801172781243537e+00
1.983176830785119193e+00
1.271664765054154156e+00
2.006796960768007398e+00
2.026207028308374625e+00
1.715551904613033196e+00
1.414324289667697521e+00
1.328529613144782573e+00
1.804098149420302111e+00
1.602496316325431769e+00
1.975023430009675618e+00
1.933079443545298481e+00
1.776627145893436177e+00
1.588698233551665950e+00
1.399947897425160015e+00
2.376972470280705796e+00
1.354204626651450472e+00
1.913301442531807339e+00
2.319592656203536496e+00
1.759543465409121765e+00
1.695311355683222887e+00
1.780091645725423222e+00
1.963345671518102797e+00
1.591426595092088281e+00
2.004267501393619089e+00
2.716532079480782791e+00
2.826436660087223274e+00
1.764515502647556522e+00
2.376824050246484354e+00
1.380256177478029977e+00
1.926003400498062179e+00
1.703179334885306373e+00
1.892277980852278496e+00
1.158472476838330101e+00
1.628110620446128420e+00
2.204644043079220683e+00
2.153710329861884265e+00
1.472739282385676418e+00
2.116983500487227055e+00
1.756231760052477497e+00
1.548364798883624660e+00
2.516090335591044003e+00
1.330759519058748674e+00
1.345438310855929132e+00
3.076951831445877694e+00
1.501486481287234387e+00
1.596042737068271711e+00
1.920297338781590923e+00
3.125795043558550201e+00
2.498426127056519785e+00
1.421884891440190923e+00
1.962529491566465722e+00
2.595224816638129983e+00
1.428116208169132539e+00
1.518228385469609254e+00
2.167256680169094452e+00
2.213633868964921980e+00
1.760926943346193596e+00
1.948087794488268631e+00
1.755293540388744411e+00
2.291609052366205823e+00
1.803917105507756746e+00
1.630554854685277277e+00
1.771570805546891725e+00
2.158761884453994639e+00
2.530703590482832777e+00
1.371806314196853727e+00
1.552551034105170924e+00
1.177212304682038857e+00
3.207767143165055845e+00
1.833622006524355141e+00
1.499961738447044501e+00
1.778259214558340240e+00
1.575448563352813247e+00
1.916803949097207305e+00
1.684901438415672636e+00
2.704959212836507643e+00
1.219436211229416811e+00
2.044235025753793344e+00
1.613287693549374957e+00
1.419086910890036579e+00
1.339810421163831089e+00
1.618281242071204939e+00
2.031227710314646551e+00
1.535171935875322191e+00
2.967769522982873998e+00
1.017275644431160364e+00
1.790083158536622809e+00
3.471671930697692421e+00
1.975517165592333813e+00
2.174220834346484832e+00
2.290236179257171489e+00
1.925896094809044889e+00
1.653187949680228641e+00
2.362830572670788776e+00
1.575822708542848005e+00
1.729207480056076163e+00
2.363314666168379929e+00
1.657585009801224141e+00
2.504884768372893866e+00
1.682463750168011529e+00
1.783087151201597997e+00
2.189445067351394325e+00
2.269147199516721169e+00
1.935938739785454388e+00
1.517384131967569827e+00
2.730769511294852236e+00
1.791479954912710726e+00
1.543859354109740956e+00
1.818234463800491696e+00
2.713337612892340989e+00
1.518235301115561375e+00
2.196363031425354162e+00
1.664820647080873073e+00
1.565410852436931233e+00
1.601266257088123979e+00
2.565802767643341475e+00
1.668878928782523863e+00
1.620753451626666619e+00
2.515548322768328848e+00
2.686103393840833853e+00
1.793373126870589473e+00
1.650630924332262106e+00
2.287708223167586929e+00
1.458047114835181013e+00
2.722302532021435795e+00
2.799353695880141046e+00
1.739627870022265599e+00
1.686885192076869489e+00
1.914747136466121269e+00
2.351193310206206810e+00
2.215971997861650777e+00
2.022366950197118651e+00
1.988949209313720878e+00
1.436057169413956780e+00
3.094060054023499262e+00
1.643451152225871237e+00
1.818346383852886605e+00
2.005036119736211209e+00
1.710128471441560549e+00
1.337140595761457940e+00
1.083584328208704539e+00
1.760828656109527879e+00
1.436184107116396769e+00
2.415119561212176080e+00
1.331886665847977547e+00
1.901068720363015663e+00
1.599964831924117092e+00
2.901307875208346765e+00
1.951002489439903620e+00
2.210576939709796740e+00
1.983981641060359680e+00
1.797078979317082048e+00
2.728960501215444090e+00
1.827850931446442395e+00
1.807913556051280901e+00
1.440722046501242692e+00
1.696873199928914167e+00
1.769340722833946611e+00
2.027660028695933647e+00
1.298511166669467309e+00
2.070386045078004944e+00
2.576639776354135769e+00
2.516716707255872709e+00
1.604154441680833987e+00
1.992603282785107899e+00
2.225652802424557652e+00
1.627163258975844462e+00
2.358169408035925674e+00
1.433305713304028117e+00
1.156188795319809781e+00
1.549616362701050409e+00
1.808549279794980480e+00
1.419081288599321367e+00
1.458888609991451091e+00
1.785645271891340036e+00
2.280855448172537159e+00
1.356627081157085302e+00
1.462245554457254570e+00
1.229434878183685020e+00
2.439985432612349570e+00
1.528411918379159351e+00
1.897823296879703525e+00
1.910107556317850674e+00
1.318248961891809845e+00
1.388198187241739046e+00
1.608023390848919210e+00
1.745324959407255072e+00
2.267149550016632098e+00
1.890283087707895993e+00
1.182992442156264756e+00
1.727907244633430706e+00
1.366745851993522720e+00
1.935203893950881993e+00
1.573599442523091474e+00
2.085247401436634451e+00
2.359095771482108361e+00
2.703626109021796342e+00
1.889381808518173278e+00
1.655031695140930514e+00
1.976662609616767430e+00
2.693072037464302682e+00
1.862352342107377101e+00
2.161486767678457266e+00
1.372400991894969779e+00
1.595773213218596664e+00
1.604502443552089153e+00
1.923590051338696982e+00
1.451438724228437449e+00
1.571676245388475834e+00
1.267886351890798569e+00
1.281689315832146070e+00
1.667558950312060695e+00
1.998527536190912279e+00
1.367757487215973677e+00
2.040257053885876193e+00
1.584255754106396408e+00
1.093628727464748707e+00
2.114954928517277288e+00
1.438672616806586646e+00
1.974111728767729002e+00
1.919628187245547846e+00
2.016737223630215681e+00
2.718735031390875356e+00
2.507640700568968484e+00
1.928520929463666711e+00
2.259564518061929039e+00
1.103178935556426321e+00
1.996849495921134698e+00
2.237511529229076590e+00
1.850213499625213753e+00
1.744355965738310754e+00
1.481020296103541467e+00
1.959948695310007816e+00
1.371143809756278920e+00
1.524400183065124592e+00
2.296188582275871859e+00
1.352574021561529838e+00
1.704155105492130007e+00
1.340878329862832175e+00
1.685162275971243684e+00
2.534064471738035174e+00
2.536634406120024110e+00
1.697187785643653690e+00
2.125746023480570734e+00
1.615635246979292949e+00
2.178702583716953356e+00
1.922601920983472379e+00
1.441087220662202739e+00
2.243417618693484883e+00
2.180061246757414750e+00
1.635142601977698673e+00
2.181757816477062573e+00
1.932829424539791674e+00
2.031161002163093698e+00
2.462926647911553690e+00
2.063594392514372267e+00
1.464872672909068196e+00
2.452791718615307204e+00
1.666985829509816330e+00
1.646573951506262512e+00
2.672735459611168540e+00
1.829157513520158984e+00
2.441535427102606626e+00
1.603777559312780765e+00
2.316979124213784491e+00
2.977549130131843746e+00
1.533280030382792036e+00
1.989582479203242382e+00
1.864595356982273744e+00
2.625937997175092686e+00
1.463171357292373909e+00
2.368038716997541204e+00
2.333385359634676526e+00
1.905285935214945825e+00
1.287541385043247111e+00
2.385077409380544466e+00
1.834040766728492367e+00
1.702285668831892362e+00
2.073292089865349297e+00
2.252219395268876934e+00
1.384104448286782585e+00
1.669993046301853079e+00
9.805505582338241988e-01
2.513351756749867771e+00
1.453601873680069545e+00
1.934865770307022448e+00
1.716027549546244479e+00
1.653226324125048663e+00
1.858290814145175940e+00
4.655584011638639552e+00
1.946945797108202925e+00
1.873693574493611402e+00
1.634240644328388559e+00
1.810980895085167797e+00
2.138224618268538268e+00
1.433544233818734082e+00
2.012981505019978634e+00
2.061206067776703232e+00
1.434772030425409017e+00
1.581858214764651605e+00
2.044312240794751823e+00
2.308281082545834639e+00
1.754567940897230116e+00
1.674552699723133475e+00
1.612060107885410432e+00
2.196350724052373860e+00
1.754960175218569063e+00
3.133734468808970774e+00
1.982903131323768386e+00
1.531616512775462846e+00
1.774894842690668773e+00
2.585983759168128948e+00
2.570650860628148848e+00
2.000765615028065714e+00
1.749565523125827138e+00
1.813657505468498021e+00
1.929059567467358294e+00
1.734107543794973116e+00
1.933285644777637202e+00
1.756858779657626934e+00
2.853259584933164561e+00
1.452951954196527895e+00
1.437785266590634103e+00
1.818355634472998972e+00
1.760150446641222777e+00
1.053946692230714799e+00
2.751050595147205513e+00
1.942376425442573940e+00
1.632255356593522722e+00
1.752951309175044381e+00
1.321575012176902097e+00
1.281518455100200793e+00
2.409485975630878851e+00
1.713284756534364295e+00
1.600162118765163788e+00
1.779883321337253799e+00
1.622565338641468013e+00
1.240681108534192001e+00
1.454106941796776020e+00
1.117655416648964506e+00
2.130812516605763651e+00
1.528677925373216118e+00
2.196188101386679747e+00
1.982536639240157772e+00
1.633524218064053235e+00
2.371172253035833677e+00
1.820554650735304314e+00
1.221061097854054145e+00
1.468597425515872912e+00
2.937668680550328482e+00
1.303786134627928250e+00
1.614068384209060403e+00
1.265596361540147763e+00
1.979944599199641830e+00
1.607601632980313999e+00
1.957979248559784891e+00
1.096688463057310159e+00
1.540726879723770759e+00
2.307417498587512217e+00
2.783361857048862298e+00
2.163940271121720826e+00
2.703393028299376333e+00
1.337258132197726157e+00
2.518124018131146613e+00
1.495119948058578396e+00
1.810208166876593472e+00
1.748441482487950394e+00
1.819965979239119624e+00
4.215835723024112802e+00
1.449807167810812869e+00
3.070024121468945211e+00
2.368173034652756748e+00
2.744019945312650144e+00
1.798104030026692612e+00
2.048665988107626124e+00
1.935370822303980942e+00
1.447786631788580136e+00
1.554313498769814172e+00
1.632111771542999579e+00
1.570595567024765771e+00
2.174572053151901052e+00
1.807342025462164381e+00
1.794128554511669194e+00
1.275140910208639511e+00
2.267239382177542062e+00
1.561783735643556659e+00
2.981622201113448334e+00
3.024326070435853442e+00
1.852405451630797950e+00
1.575012448712411972e+00
1.447378180408311010e+00
1.443239671745166541e+00
1.765961429091450485e+00
1.616135764192772495e+00
2.127987708005359746e+00
1.814066990052607187e+00
1.973879642188758554e+00
1.972844318941791464e+00
2.086214848787135701e+00
2.226205581464916428e+00
2.773381083809442149e+00
1.671852752389294983e+00
2.033298689750424160e+00
1.682846360451096146e+00
1.842539283010855122e+00
2.060004392929946970e+00
1.239440736121732556e+00
1.840136551785071850e+00
2.563093803849113339e+00
3.048027029168955071e+00
1.414170467664865649e+00
1.627223102509172126e+00
2.146736543139809328e+00
2.574885787520579505e+00
2.282954971143075884e+00
2.003196057581978273e+00
2.294283807874520242e+00
2.510293889837565295e+00
1.653027069626516576e+00
1.658247582781259943e+00
1.746336315033239162e+00
2.145257138131412500e+00
1.169630312412999862e+00
1.301273994067889017e+00
1.840714783082423089e+00
1.490485765290302078e+00
1.333093621842753818e+00
1.508205786991577257e+00
2.114564094765702951e+00
1.449651229258062335e+00
1.225589154690382543e+00
1.320902433195253467e+00
1.853544628040065367e+00
1.061455296112178814e+00
2.447926543197684879e+00
2.231530692137674077e+00
1.748847377164369332e+00
1.626257334979256175e+00
1.993170416084925956e+00
1.340683769236216794e+00
1.915302493553900698e+00
2.245662682466618598e+00
1.809317960841966944e+00
1.237323692749371373e+00
2.663085470699252610e+00
1.647057020653015735e+00
1.724340117657279237e+00
1.953045467165299476e+00
2.457287385074782282e+00
1.433334194733016043e+00
3.325197297705078103e+00
1.686207734203251318e+00
2.037566815280628330e+00
2.089473844942642877e+00
1.722078539100599714e+00
2.283277258424704748e+00
1.885628153359782733e+00
2.348545163880107367e+00
2.154881508470233964e+00
2.133958341731987396e+00
1.892292200459435358e+00
1.863307514302553924e+00
1.296174101447832072e+00
