3.277064701552028669e+00
1.797740857460246033e+00
4.828243417138643245e+00
6.307486586368598935e+00
8.317493844946739046e+00
1.188734631229144023e+00
1.683380264881158661e+00
3.818064656322761596e+00
6.410331776392176550e+00
5.299746628540659366e+00
1.995470636578015711e+00
4.915587318508834791e+00
4.075978832468223345e+00
1.937078234725480907e+00
7.807571680735386543e+00
1.025426156171943859e+01
2.319568118921745636e+01
3.162220292905364438e+00
9.558963826957548315e-01
7.537898486154495536e+00
2.480660714784924892e+00
9.463429060965767858e-01
4.956075576505290847e+00
8.137502507216591852e+00
1.860825582224418628e+00
5.584532971802024015e+00
3.475880550483448683e+00
6.877328935469591897e+00
5.032153983253430773e+00
2.950898462312264936e+00
1.973149618471315314e+00
4.358184497111730060e+00
2.195747885391012844e+00
4.108751810968907847e+00
2.745150073408181868e+01
1.533818843470149851e+01
9.670275006507640825e+00
8.124446267654979792e+00
2.122927311063710221e+01
8.228530370726511167e-01
3.719834078791766085e+00
7.310918370938265021e+00
2.688763483025555345e+00
1.932644920957037993e+00
2.378847520142928218e+00
3.334040968161731566e+00
3.840334452285802946e+00
4.111439756862004025e+00
2.021494976725711545e+00
2.947470188033226357e+00
1.787996589795962166e+01
1.733568929436132056e+00
1.840704418502154605e+00
9.742203913559459139e+00
2.205505309457975738e+00
3.193409229830445284e+00
2.341884433989083192e+00
3.429907229533035284e+00
1.892409864488893589e+00
2.563662172888267676e+01
4.828795799398863942e+00
2.166131262948329805e+00
2.756761744900142475e+00
3.507489111529793480e+00
1.185183120326935402e+00
6.248416245353623388e+00
1.610864539823507080e+00
1.944584145227849392e+00
1.730550960452849285e+00
7.140138262598075158e+00
9.088894611912540000e+00
4.991008862237989341e+00
3.987269767439347579e+00
2.692015357836096356e+00
6.536858706780967587e+00
1.896204923508965967e+00
1.113854563034930223e+01
3.782373962672485934e+00
6.864015406629193627e+00
2.510984251562102543e+01
8.380503081845057878e+00
2.667487290845058645e+00
5.880178026485154419e+00
2.366276200410496244e+00
3.067563766010973580e+00
1.298741556655950591e+00
9.285409381884463187e+00
8.930639166819252850e+00
1.541214491136808462e+01
5.290863030700419856e+00
3.000717580803041074e+00
4.557854846049565367e+00
4.919624208365013018e+00
2.075549375876643232e+00
4.051200280814176935e+00
3.243383385307989197e+00
1.924778233504511160e+00
9.573616677665523156e+00
7.560656012653451441e+00
4.698999364400218148e+00
4.804180685640174531e+00
5.656113755756319250e+00
1.002448773292712758e+00
7.227626477128387350e+00
7.716635508572460722e+00
6.435349533831963953e+00
3.697849398462304205e+00
2.290094706540060976e+00
4.814495956715662217e+00
4.919248415297574617e+00
2.632378824423120101e+00
6.106440418606279508e+00
2.792926039513284664e+00
2.573096215187954616e+00
3.707536229171131126e+00
4.071015623135854966e+00
2.462925866948268983e+00
1.837064104268618436e+00
9.198386409683418918e+00
2.029305047467308665e+00
1.586838391268806214e+00
4.237267445041874581e+00
4.668821640207132084e+00
7.831204483089019064e+00
7.961023753045049389e+00
8.704533401360489142e-01
4.258840389926808356e+00
6.580372576774689897e+00
2.159679291568519588e+01
2.658974258089004117e+00
1.271092449059857854e+00
1.921081137898975832e+00
1.267619075893206926e+01
3.423748601384771995e+00
2.166412929576864599e+00
8.505470141175162979e+00
7.878638093740782722e+00
4.839141525944542721e+00
1.445452444458936503e+00
1.792620592866689222e+01
3.545871904885763204e+00
1.580399113667814381e+00
2.455638343698223647e+00
2.028412864942794158e+00
9.029629651504784249e+00
3.885327759439696216e+00
6.209463673990579302e+00
2.681383097454268061e+00
7.734756370520145197e+00
2.330252585544515309e+00
1.058348659079639553e+01
2.889231905497740005e+00
1.290047937744472017e+00
1.025489451639093730e+01
1.792647841789484442e+00
7.194049696684705175e+00
1.779075386048211271e+01
3.118550624616297728e+00
1.538648888670542547e+01
1.543577895380818177e+01
3.304528817759333492e+00
1.760882988715624320e+00
3.082089470804881604e+00
5.857867533162863793e+00
6.995365220769783399e+00
1.822641606977212003e+00
6.217550664592328857e+00
8.467612706726987071e+00
1.054522140209723569e+00
7.232434278946292316e+00
1.137209611091446471e+00
8.515405633305088706e-01
1.266183668710384014e+00
8.774990600159402021e+00
5.232166250176218725e+00
4.240084895229050410e-01
9.998038818239740166e+00
1.124973447361170331e+00
1.783122998128725101e+00
4.724722846400940313e+00
2.641745121695655119e+00
1.106077759560877949e+00
2.381081668076483737e+01
2.545457975320553068e+00
4.096150399752809257e+00
8.197327016291012569e+00
1.875779393502739811e+00
1.269013587288820233e+01
6.624305782514136709e+00
1.993725513520012260e+00
2.525845075249886218e+00
1.897039873959487011e+01
2.091610653542510079e+01
7.807389773305327907e+00
7.491981494158384436e+00
1.156876049965687603e+00
1.266853159089691649e+00
3.975964367721471771e+00
5.275235434422375747e+00
7.013330778014416289e+00
2.236021988013601469e-01
4.264880189497873175e+00
2.232809582248190594e+00
3.195549135760954451e-01
2.788673984501984116e+00
4.853314888099793833e+00
6.313026983136047932e+00
1.584839954861370259e+01
8.110745612424617335e+00
3.399850084435266151e+00
3.285281278426798846e+00
6.212529714337800435e+00
2.846395999361496010e+00
3.371193931828188717e+00
5.888206770767774323e+00
6.427609314779558325e+00
4.750363974161233571e+00
6.778945122482969765e+00
2.945720409580839139e+00
2.766064309657048970e+00
8.009173936782817416e-01
5.984632338873239199e+00
2.914674658511700045e+00
6.106047171237657167e+00
8.802236412085724382e+00
5.277922479103057896e+00
5.629150178057736653e+00
1.228130335769757053e+01
1.989317057025571955e+01
2.688524689606833995e+00
7.092932793073478681e-01
9.067597909627647113e+00
2.409077153433683449e+00
7.266640074419257189e+00
4.660892348989248646e+00
1.529458477300880404e+01
1.734393081268771342e+00
6.675497535512871394e+00
4.558391740032332606e+00
2.390707424817798632e+00
2.738629551226649639e+00
4.479995172537397430e+00
3.866218757610978329e+00
5.442853779621055565e+01
6.950781392155550797e+00
4.884991229672746904e+00
3.154265821495020106e+00
1.620177434907672165e+01
2.451874087576829453e+00
8.827317024389151001e+00
1.433548587796111917e+01
9.127403467441523865e-01
3.895490185670605232e+00
1.100285582156846909e+00
3.252667388503432733e+00
2.375388843079429879e+00
3.621575489117964342e+00
1.248973450438829147e+01
1.297025366345090802e+00
5.936357151385047715e+00
4.773427091269785372e+00
4.897347220269734791e+00
3.683774374227566817e+00
1.365293602676053597e+00
2.490054551887102008e+00
1.436032473183691982e+00
7.634647244691085133e-01
1.084640446900054478e+01
3.717117429881836799e+00
7.405339714238029281e+00
1.599736127432462141e+01
2.733496512005104684e+00
2.782637776644628413e+00
1.386144647430652466e+00
6.881265616263814167e+00
4.509236694622949848e+00
7.604933659969915771e-01
6.296657906821654827e+00
2.174022946135434342e+00
2.076015027607232444e+00
1.201391796088041364e+00
3.472434512369617643e+00
1.492437219247626423e+01
9.038404705783843696e+00
3.188351846660979927e+00
1.765424489939175556e+00
2.886598741029799964e+00
1.749968509553766038e+00
2.177405026242317909e+00
5.728510227443034175e+00
5.354035871831444027e+00
4.832733008067263469e+00
5.119913577413922390e+00
3.670925302563615489e+00
4.931240993378919413e+00
4.952580747792158178e+00
3.714057812050033824e+00
1.517787932535477946e+00
9.503206640233337055e+00
1.756683794388536057e+00
1.233619296194911641e+01
1.446194418162453088e+00
6.774538895005907335e+00
1.170086003534309027e+00
4.818713352046453124e+00
4.521408055714877250e+00
1.356882385800851232e+01
3.724978158575891651e+00
4.413129475566825555e+00
5.575163494469737913e+00
5.821421629784897078e+00
3.990229304584583581e+00
7.786964187596084885e-01
4.964052659043484361e+00
2.652148212232833480e+00
2.294632900188815050e+00
3.599691666787653066e+00
2.560233961700291161e+00
1.285858859015775657e+01
2.175614393621938092e+00
8.366519736147642661e+00
3.583452492657000832e+00
1.196774626299454702e+01
6.982532335106940158e-01
1.387953924065196798e+00
5.097479963489979227e+00
2.257644196987133700e+00
1.283757486426638783e+00
2.510835030919483568e+00
9.836363161369334307e+00
4.434896986653377837e+00
1.563036991492641370e+01
3.120463534854820420e+00
8.050837419678352092e+00
1.411560982110515505e+00
2.509886103319985740e+00
1.681055524636754583e+01
3.709622422546876575e-01
2.941889412915925206e+00
1.854768363586138280e+00
3.657108377098017282e+00
8.933729079917942073e+00
6.692190674892826152e+00
7.058568183182541977e-01
1.363085410677206122e+00
4.073305884014781775e+00
1.592740917864138073e+00
2.406662639099873768e+00
1.944834589240376665e+00
8.975914324195603200e+00
1.482121493905953713e+00
2.525933857951164541e+00
5.891351881218268360e+00
4.127316619909473516e+00
1.707302420545516952e+00
4.377565134763821142e+00
4.371790577610623174e+00
4.724089794420844868e+00
2.630832813997642017e+00
6.978694481918289449e-01
2.824162508407208616e+00
3.511193980447337548e+00
1.370832431484116931e+01
4.364643022315251031e+00
4.846671221751934766e+00
1.418395259094489980e+01
4.462483574088684790e+00
8.227127151764161539e+00
8.343215155806577243e+00
5.082142242991083414e+00
2.169038343046569839e+00
3.684505049769572604e+00
7.995220014971448741e+00
1.805804399667427518e+01
6.462390297956194907e+00
3.234928549609589865e+00
2.086114148892552311e+00
5.508196673704945923e+00
7.365382297375038689e+00
1.668078398316014344e+00
7.647631044932775346e+00
5.122466304095222966e+00
2.183661644217730124e+00
3.664597079348268949e+00
1.460550785190035405e+01
3.579924283259344975e+00
5.247349541868365996e+00
6.687780256928885336e+00
4.500375578537501475e+00
9.684382777463133030e-01
2.426122308930332316e+00
9.117274765590870800e+00
4.342289787992951844e+00
8.445613575502822101e+00
9.533081605144248627e+00
5.049217025753251598e+00
6.369058539711408784e+00
1.792447587657752583e+00
8.820542778303518405e-01
4.813892831954785123e+00
1.305695483468990892e+00
4.294653870734265411e+00
1.271134447363140074e+00
3.799001070171962979e+00
2.716327512740588812e+00
2.388677314804439789e+00
2.388464788603674727e+00
2.718821359283163819e+00
4.303757032387092174e+00
3.694848756050621574e+00
3.730632724253220012e+00
3.188948244138526622e+00
6.186168506168344905e+00
3.030919081553807626e+00
8.158881013639737390e+00
5.913414137232320122e+00
4.021694512152716783e+00
2.227856112461534366e+00
4.485461676535335229e+00
2.630174238517453134e+00
9.849344726084308110e-01
2.510958893941034109e+00
6.341355282654891568e+00
7.175210567365338576e+00
2.706868830052159947e+00
9.431822830085346610e+00
6.307128444962190272e+00
1.819084814061524114e+00
9.168011294286742441e+00
8.621353260702287358e+00
1.357048802455302550e+01
3.227096596478499446e+00
6.224372126658566096e-01
4.254916878878217901e+00
9.287171952148639775e+00
1.034762014943261255e+00
1.023019058962084848e+01
4.562421162806189479e+00
4.017931698509153549e+00
1.189729043972715772e+01
9.346220264029151181e+00
9.379194758446018909e+00
4.538288859661331109e+00
3.048563155488491105e+00
5.976878765910603519e+00
8.761042123871153109e+00
5.433188799607986397e+00
1.808785282814437956e+00
1.115369140343972454e+01
1.971510311449748976e+00
3.090568669989430362e+00
5.425578552640353713e+00
4.925386510793978267e+00
7.452911533988032744e+00
4.985483198981162545e+00
9.720552273206275018e+00
5.346627103861674613e+00
5.940695816289066622e-01
2.124773808458540358e+00
3.100551943383380049e+01
6.104121621061763259e-01
6.619616969928627803e+00
2.055943840059147210e+00
1.008781533411848130e+01
2.276464698299391909e+00
4.775902701629787472e+00
1.995283222375848098e+00
1.839411240275193427e+00
4.955833834227609813e+00
3.464206594968468167e+00
5.452534103804112853e+00
3.637526059086447106e+00
4.817327830206903361e-01
5.443080648840217250e+00
5.024861837941990039e+00
3.956130282354523686e+00
3.627663962936681141e+00
6.858968370277207960e+00
5.623214270709118168e+00
1.792087449448568348e+00
2.955202365007160381e+00
2.152587164133794584e+00
1.637768145180125812e+00
3.827996343874363383e+00
1.597561731218630099e+00
2.555141930312908816e+00
2.821149442507189686e+00
1.757930337173743807e+00
5.748946370813165174e+00
1.866006562519634704e+00
5.424256842304902904e+01
3.919317970490689973e+00
6.798544267800300522e-01
2.459784006764735054e+01
2.011557384119386782e+00
7.634173923173035448e+00
1.429583575328790213e+00
4.816871785545130180e+00
5.855041642805817403e+00
2.079705158524581599e+00
9.111829487603987587e+00
2.334847452433639337e+00
5.872862700585505635e+00
3.685172173680880903e+00
6.694709317038601171e+00
2.210861671378243187e+00
3.156608331425116099e+00
2.760459014000606004e+00
3.057552716187430075e+00
1.967781343326714616e+00
2.399447725312741753e+00
1.391276579284795645e+00
7.025350271854926554e+00
1.633524369159453205e+00
1.455766162609198444e+00
2.532114144628259567e+00
3.816488887000517138e+00
2.675227900789078461e+00
2.721412004126518625e+00
1.619550022182632887e+00
7.167188119592244888e+00
2.536500870745292069e+00
1.042999333243631455e+01
8.651056779018010401e-01
1.243854425385272799e+00
6.697371794281533619e-01
3.315837103571911637e+00
1.553136982382112397e+00
2.556475761206479458e+00
1.703391465478046873e+00
1.161822600174222941e+01
7.435515237932596833e+00
4.728678219651287762e+00
2.023605561520477547e+00
3.578585166406956564e+00
1.781127570496253032e+00
8.107781732275450182e+00
1.061336701675690897e+01
2.844922753215360700e+00
1.674983124977797111e+00
6.299949871525116762e+00
1.919631843345876376e+01
1.331428966888673626e+00
2.215180287440448481e+00
1.533362786327236771e+00
3.098369088934000537e+00
1.048974314087485027e+01
5.076541236571913807e+00
1.229980633586710947e+00
7.772357800664269067e-01
9.109405081081915156e+00
5.426711828108444990e+00
3.270594472674797082e+00
7.716628541752610815e+00
2.366272419140878824e+00
7.213333402314181519e+00
5.335824555900638977e+00
1.482577695701056975e+01
2.635239847501753996e+00
5.731323715496773552e+00
3.105647306807415742e+00
9.566721455389927797e+00
6.304566975417336572e+00
5.397758925176896483e+00
1.144060294751923479e+01
4.322629226814536096e+00
3.383834774013939839e+00
5.582788912991700769e+00
4.304854006735517657e+00
2.165135619508384401e+00
4.800689141096243340e+00
8.651135625355182768e+00
2.159108198746021756e+01
1.953944548366206568e+00
1.998977411367688806e+00
2.243508245812070090e+00
4.107678787439061452e+00
2.588232393254854546e+00
9.211919575907050017e+00
2.809708914169882998e+00
2.653323152669412544e+00
1.300104782622041766e+00
2.833154644930648836e+00
3.821165880464525433e+00
8.097489790565601808e+00
3.241490490730849494e+00
2.211942751912666427e+00
1.118268020683836461e+00
3.419080481074804112e+00
3.832158166294479695e+00
2.366365918152895542e+00
2.489890097276110659e+00
2.022285859698421007e+00
5.579647473078185094e+00
3.674764565145504314e+00
5.623769687049215094e+00
1.266792701889139394e+01
1.197499275348794967e+01
4.550523341900260199e+00
2.335542460160834999e+00
1.352845523530972427e+00
2.208215824263262572e+00
4.083400080529845155e+00
1.258527722453580688e+00
4.462967639106121709e+00
3.410627716161975798e+00
2.560726594554333602e+00
7.315648186184718682e+00
1.060907102061706908e+01
3.104869204922440673e+00
7.827306625582885147e+00
4.363189314923632267e+00
3.666001998962308495e+00
1.964654684422319830e+00
2.624381572141186059e+00
1.912461717511398929e+00
3.815070852376497346e+00
5.370656349524238315e+00
1.215343720021698992e+01
7.133489257744009215e+00
1.748733164309786536e+00
4.629696206602607056e+00
5.257049444566687768e+00
4.783717304462804520e+00
6.968234299565867929e+00
9.290873334046043652e+00
3.631152700701576475e+00
1.700306294855375455e+01
9.600210659902108645e+00
6.061790554666957043e+00
3.509954002870226297e+00
6.886644745215881436e+00
4.313500119820364631e+00
4.070485758363879825e+00
5.597333567804780863e+00
5.926189509013126688e+00
8.877255261691551880e+00
6.832039525624090892e+00
3.516083762256563272e+00
1.376984457994287592e+00
2.198474952818099570e+00
5.032514704498047386e+00
5.639867617961441759e+00
1.116904984845361426e+01
2.504768065178982983e+00
1.279496895992233085e+01
1.406558465814322645e+01
2.533470825520389269e+00
4.214880350977644241e+00
1.759126493241320421e+00
2.861789356193208178e+00
1.123562438695073329e+00
4.513529236527277000e+00
6.255077705752455586e+00
5.570378992194092049e+00
8.548583174345257163e+00
4.615066870612676730e+00
3.180736208748275562e+00
5.025522433856769666e+00
4.342142616638993147e+00
4.150856164260509296e+00
3.297442348616179686e+00
7.735543583801256062e+00
5.630335218340962733e+00
1.186302095124062816e+00
1.924803659370230235e+00
1.623298079378039827e+00
6.784066544777777708e+00
4.697345265823394733e+00
2.216892910342853185e+00
6.281770368385030778e+00
9.941022041073325211e-01
9.034812279828303261e+00
1.639325256026985977e+00
2.594056438529551922e+00
2.214046565224567331e+00
7.841914553509300667e+00
4.287009893842610886e+00
3.832005842222982572e+00
2.731617364465143361e+00
2.503709348856914652e+00
7.358375275370920399e+00
1.589078412105797700e+00
6.849645197613746461e+00
5.889631555587522271e+00
2.242614672909161389e+00
2.424972426050040486e+00
2.909368974958719711e+00
4.154157892742452063e+00
2.544621306926131421e+00
1.093759603448989282e+01
3.607131536431081642e+00
4.987303964777503040e+00
1.773651967425602827e+00
1.040797038895900251e+01
1.113045694880745273e+01
2.014094530237242608e+00
3.549828435449039699e+00
2.809350353956084678e+00
8.682159903707260540e+00
2.523691567887475173e+00
1.606283331653564517e+01
3.332859622700424573e+00
3.534177056325161548e+00
5.266334104401265037e+00
1.949874576473376919e+00
1.948969759734849427e+00
9.112748770791674335e-01
1.045911383156748187e+01
1.640890442647644054e+00
6.976285031897126565e+00
1.852794897828817122e+00
5.137528902451924395e+00
1.343888470337577745e+00
3.910021258508687758e+00
1.265591363368836042e+00
1.788856170184878636e+00
4.597487430336244074e+00
1.162304644458430047e+01
7.454137484102047573e+00
6.201982117804513805e+00
1.097809858592155585e+01
3.297381717134593160e+00
1.019837025975372313e+01
6.778409523586850227e+00
8.141995632720359310e+00
1.824291776379615015e+01
1.975369951641992472e+00
3.162986795006502039e+00
4.638947565174391663e+00
1.812986068239872628e+00
1.262700916766210213e+00
5.070709477432106205e+00
2.826893550813101008e+00
2.359808233979808545e+00
1.350209664331664960e+01
1.382722809272527087e+01
4.282791163329365602e+00
2.873141487827022722e+00
7.359808427708109058e+00
1.261558515400864700e+01
2.670210094974614368e+00
8.799694446712552631e-01
4.363875166855718746e+00
3.094058156598881393e+00
5.816912041499342934e+00
1.124537531069315088e+00
7.455496724545318976e+00
3.023342673455168050e+00
3.481902545354968126e+00
7.053191999742161045e+00
3.791756371759529731e+00
1.883911448443394976e+00
2.974359549509488332e+00
4.674928376803491048e+00
6.329041026738838838e+00
4.441583763546607777e+00
6.878933303710233815e+00
3.490925038480154896e+00
2.193145456868942134e+00
7.077452862788755183e+00
2.924997790191229630e+00
5.706341705847013390e-01
1.177461209047042878e+00
6.575085523239743601e+00
7.298548687164594817e+00
2.998966528825806943e+00
3.752469105679105521e+00
2.834423294570949547e+00
2.883160093337400198e+00
3.176146431382775859e+00
2.448616618564634084e+00
1.348533312447774968e+01
3.182595827135256794e+00
4.400867662102629474e+00
6.053904089812673028e+00
1.074116824867474129e+01
3.754591948595788597e+00
4.345377509265906824e+00
5.890753066748909639e+00
1.025070496451860080e+01
1.912293897337480564e+00
2.421128490826647717e+00
3.639926065455001414e+00
3.122738764876826778e+00
4.370823096259640828e+00
3.097225654713570364e+00
6.241466675389737873e+00
4.406157403402909623e+00
9.964409801706377579e+00
2.696041787267975565e+01
7.370518385188565835e-01
6.511190996242651963e+00
4.601024578379894869e+00
2.880644926982550480e+00
2.050019634940417834e+00
5.338003520226611620e+00
3.001312480278748307e+00
4.867861391576210117e+00
1.101748574823154492e+01
1.381544515380395310e+01
7.517506005896221311e+00
8.239031330987085511e+00
9.663964380359336914e+00
7.391106661346301010e+00
1.671807405770798782e+00
1.824181057203336564e+00
5.033150447344516998e+00
8.569168312137781740e+00
7.792618155656938939e+00
5.085876874612828225e+00
4.818345989656116046e+00
5.526136308028744004e+00
5.005047387136271730e+00
3.576411610068940927e+00
5.860299090535683320e+00
2.023038550893642373e+00
3.734334615972741300e+00
1.121251444520346574e+01
4.243847284117264529e+00
1.872961943052494860e+00
1.776165407629410664e+00
5.542886256462310257e+00
5.132421408449191702e+00
6.158445298568950399e+00
4.499797642926573360e+00
2.153873759669542309e+00
5.145878539426176346e+00
1.476282668964372879e+00
4.953643495317030521e+00
6.177127288836240737e+00
3.350614212670902425e+00
4.031547219316754749e+00
3.360936721396157623e+00
2.008914680885385451e+01
7.625296799250262048e+00
1.755638061539853467e+00
6.584616319837037324e+00
2.945384788519670227e+00
5.407707235395049494e+00
4.398174922803929299e+00
3.392240740536955457e+00
3.945579440123898607e+00
1.698286964953362288e+00
1.097168978930865535e+01
2.346801033858387342e+00
6.143949875033076324e+00
6.974128066072357024e-01
5.637129326877648339e+00
5.895319533759023400e+00
1.627931745533971464e+00
2.692060782642208494e+00
1.764266750061797007e+00
6.563045051585406853e+00
5.466102502613827241e+00
7.902071457432002788e-01
2.149729755208421356e+00
1.449587815963797155e+00
5.392436212835610476e+00
2.961374232489639713e+00
2.428446218442430915e+00
2.840608187426875375e+00
2.757765864985507687e+00
4.563779215074204920e+00
2.674068096626806668e+00
1.453061179544894888e+00
4.315574722108197037e+00
8.150787482917027926e-01
1.946357881165954096e+00
1.947752947024627534e+00
8.124187145143419997e+00
2.695752646289168553e+00
9.925951375665968968e-01
6.142201504898404885e+00
3.116394883537243921e+00
4.573949568814753341e+00
2.548567089683492881e+00
2.819337721022788568e+00
2.555030681155951555e+00
2.576856169611974501e+00
2.012485192882802032e+00
3.828293378185690266e+00
3.531518576929525643e+00
1.546209832413225405e+00
6.625570319116628859e+00
4.794969754815288532e+00
2.157139028754895715e+00
5.312580409108528023e+00
5.382987198419675323e+00
1.229432173640571779e+00
4.683003710624443983e+00
9.065508650664272139e+00
5.579725506011779856e+00
6.999226765083615298e+00
1.711088478990685502e+00
2.091016468682455720e+00
1.063493820083940378e+01
1.094301705018700721e+00
1.375911035932004145e+00
9.123278528221206329e+00
4.495586698508448720e+00
2.134229839937627826e+00
6.992211082313561477e+00
1.262256580788257665e+01
1.894481251842298208e+00
5.981845038554348903e+00
2.653481496677483342e+00
5.296030629560474878e+00
1.335237773471898848e+01
1.235774676465588584e+01
2.406836375540505113e+00
6.651306557408219966e+00
7.148783795526735929e+00
4.327603502649623124e+00
6.386368287499683660e+00
7.776917268126465999e+00
1.598209128924188427e+00
1.877192670214865133e+00
1.807486634956470084e+01
2.025917899287490886e+00
2.210944977145019141e+00
4.123596384982968210e+00
2.215105846308617732e+00
4.267657849823318195e+00
3.117415367283987937e+00
2.519316894213851743e+00
5.349193880081777763e+00
5.662973650124449421e+00
2.063033239536998131e+00
2.654489534997836131e+00
3.141493983368242926e+00
2.181379553111022940e+00
6.046696271887177510e+00
1.048305607581755794e+01
8.794716611689437968e+00
6.888755421451074890e-01
4.044517880923738318e+00
4.798125483840561145e+00
6.735639957030025826e+00
4.583800055347959201e+00
8.542590344222468213e-01
9.337923983769323755e+00
7.070302519049590728e+00
2.091455927369783030e+00
3.821031235892504263e+00
1.908013568103662960e+00
1.922233999939913840e+00
7.770037413847983743e+00
2.111340346301252335e+00
6.703762595515170730e+00
4.206623637983745390e+00
3.234667771352401022e+00
5.141722737810828114e+00
1.696225423806001054e+00
4.610263450880719205e+00
1.425396158688121950e+01
4.947411481359585750e+00
6.084704628090999989e+00
8.357024067779745380e+00
2.287761001680531869e+00
9.161293850400776817e-01
3.167181639995890308e+00
3.423250157254594139e+00
3.177677107704655057e+00
3.368471250513135828e+01
4.178976557596072894e+00
2.158688027676701982e+00
1.026005851800312030e+01
5.970564809287936647e+00
1.920729075242737061e+00
2.729890383006417398e+00
2.448551647646656448e+00
1.849630312963700396e+00
1.023597459733731618e+01
7.212986931475397157e+00
9.805428392439729635e+00
1.114437983382875252e+01
2.131228222633382963e+00
1.342329194811031812e+01
8.839960045457882387e+00
1.676315071290760983e+01
1.777002470804719891e+01
3.128277772718307759e+00
3.301882884236424509e+00
1.762522771680268940e+00
1.960483960790578406e+00
4.317755241164389801e+00
1.638439271307089440e+00
1.876372250196951086e+01
1.383032835491247958e+01
6.193626327529182518e+00
3.930183498019082400e+00
5.179002224620495198e+00
9.799876114766832291e-01
2.531846251064829190e+00
4.783552801438624158e+00
3.874610473581395542e+00
6.780568656898532609e+00
2.905599959388490916e+00
5.282902034423830884e+00
