8.270384527235642436e-01
1.386946562200686239e+00
6.422291858347605187e-01
4.765535607253454931e-01
1.163661104697436999e+00
1.098199340359071741e+00
7.996086837435095740e-01
1.779906633016500761e+00
6.652642234377941222e-01
7.285156760688800137e-01
1.517144841399544086e+00
1.639144763431880758e+00
1.505750111846349437e+00
7.853915257784225279e-01
8.611134641566320358e-01
1.192848453458624558e+00
7.362786087447613648e-01
1.667685603528495264e+00
1.067379045219980505e+00
1.500307566650567859e+00
1.022257427266799912e+00
8.794011349951166290e-01
1.090194464681232267e+00
1.035039782483625492e+00
6.213159744023634135e-01
1.305613128244668131e+00
1.030679491011878390e+00
1.565218823016692129e+00
1.137247308084712527e+00
1.564661593060381772e+00
1.353809869438276747e+00
6.041263474168824255e-01
1.326439821191143897e+00
9.250931282462357963e-01
8.862831248460282252e-01
1.228392037700712036e+00
1.121274928792749259e+00
5.349202510741047911e-01
1.081524550013418295e+00
1.019643416859004725e+00
1.584609600462572043e+00
1.285714689985887782e+00
8.504309151046471893e-01
1.046962191376280327e+00
1.343019847814105328e+00
1.001564817474096758e+00
7.746143214828652424e-01
1.160584084208138300e+00
1.462694090506411415e+00
9.435926232508887734e-01
6.786043936489980499e-01
1.044140519583810489e+00
9.202207651709710667e-01
6.184408793195084186e-01
9.430735411745782004e-01
1.093847266623234615e+00
1.311751299520853564e+00
1.168167099875870418e+00
4.888423979925076157e-01
1.062511759582956739e+00
1.587410147116631531e+00
1.086130052181246697e+00
1.435976645452985201e+00
1.691869572334486982e+00
6.411424508167457015e-01
1.035498446467441935e+00
4.594970960155081441e-01
5.612536458868878642e-01
1.192174222226019209e+00
7.324606858749708183e-01
9.207638290281590088e-01
1.427912320928356849e+00
1.087313615303621139e+00
1.145765102308669903e+00
8.701779230128331433e-01
7.105908189932781394e-01
1.001466586910759959e+00
8.688454179553618539e-01
1.539997301864814983e+00
9.470774979106928448e-01
1.296004068157132316e+00
1.042434310839708944e+00
1.174382561437081751e+00
6.778192010800373479e-01
1.004726473856555558e+00
1.612642609527662030e+00
6.442436608535043741e-01
7.356989021931261696e-01
9.927282107341059980e-01
1.268306824288477186e+00
8.937331778221747625e-01
1.119735364683473788e+00
1.104410269853850046e+00
9.567844211847905678e-01
9.966243106483068104e-01
6.069084115023757331e-01
1.082915265375155922e+00
1.436640399577143290e+00
1.122351387110233301e+00
9.825670583030595706e-01
1.034067253317369595e+00
1.008105570004373064e+00
1.263456027344452393e+00
6.474370989805813270e-01
1.443091236143695166e+00
1.051253939738643561e+00
7.033801433863501318e-01
8.336309675857724866e-01
1.245787167391506856e+00
9.651346748084854710e-01
8.246185644413569493e-01
1.064263658422827108e+00
1.128582536643603529e+00
6.023282815601146423e-01
1.014963423678943988e+00
8.131981366890791429e-01
8.972119764218215998e-01
8.765557108428428945e-01
9.848740789008034735e-01
9.148057717994099169e-01
1.167304845655491308e+00
5.573541668006470884e-01
1.522504800770225764e+00
7.628671825888115876e-01
7.418578445990524628e-01
1.441773981285944251e+00
5.607834236735305122e-01
1.001282240698824655e+00
1.365067253038005468e+00
1.283240484274155380e+00
1.214429385888837976e+00
7.253822675395436015e-01
6.560273996224992299e-01
8.624833559478297662e-01
9.595599046085093731e-01
1.299730286274870306e+00
7.278517200969749634e-01
7.418874116448558320e-01
9.034353166821131875e-01
1.309445468931185630e+00
1.668973156924256296e+00
8.420142708146940436e-01
9.509464649453314156e-01
9.954958017802170156e-01
8.597327155295600987e-01
7.786044872242411374e-01
9.322101406217060404e-01
1.633258289084875470e+00
1.626868201706111572e+00
9.178502560348231754e-01
9.853351134767753816e-01
5.536498965123011207e-01
1.023448618181518333e+00
8.908303839691559256e-01
8.706715999230330016e-01
9.497695859922885564e-01
8.707215715995576533e-01
1.275499708107376229e+00
6.794723759114039696e-01
9.496891707342874911e-01
1.371533387488394151e+00
5.271034276240645911e-01
3.404547844495606768e-01
1.013551209505539896e+00
1.088558858204419000e+00
8.036173966744637465e-01
1.278162798299779634e+00
7.860363448273447462e-01
5.628383971376300643e-01
1.281255068367141980e+00
1.328582936144926618e+00
1.245726636835967183e+00
8.536213249952697701e-01
1.300141774565134245e+00
1.215543863603921526e+00
9.560335710874631188e-01
8.708786937413153240e-01
3.811631944340510003e-01
1.013844849094329259e+00
1.139827112077705040e+00
1.628180734731897505e+00
1.075235017918978464e+00
1.235401006779850430e+00
1.024062290377839579e+00
1.240049808326883385e+00
1.447419855518927045e+00
1.081437659069966362e+00
1.116843622464692265e+00
8.661322140060581098e-01
4.838298818950894642e-01
1.129870146844969447e+00
1.722549450682196559e+00
8.170883163998354792e-01
8.062040720848792086e-01
1.219928842858913232e+00
7.519616749742192852e-01
1.026303656539246045e+00
1.034304901032000679e+00
1.428253841749805186e+00
9.869209477277799403e-01
6.175474692964160184e-01
8.139546470732071937e-01
9.777672044373890703e-01
1.166315817213429584e+00
1.406446227009492844e+00
9.236070608910704749e-01
1.298678189276146311e+00
5.347974842406992835e-01
9.831531978741899769e-01
5.979691871278370874e-01
1.946975810507790561e+00
1.245958118078839050e+00
1.151950335155239369e+00
1.130896129081643497e+00
9.189114793728315744e-01
6.347645424001397974e-01
4.981824067059605898e-01
8.871096378715903619e-01
6.122676841319490970e-01
1.327715515701033633e+00
9.636473351269307930e-01
8.639143683680060581e-01
6.896267247549998647e-01
1.694980084054106939e+00
1.168233152887293125e+00
9.123619162963017004e-01
8.947977733132387312e-01
1.477450613059711149e+00
6.681652122911378999e-01
8.956738107511448277e-01
1.056285147739857377e+00
6.275712830244200013e-01
1.236682537325257902e+00
5.804501797964474186e-01
7.216281632746984753e-01
1.250000623420734369e+00
1.404558930472236122e+00
1.220375348607462884e+00
7.632200570039603393e-01
1.095738375436007050e+00
1.030303298150157421e+00
1.643134454727438687e+00
4.965716436637925280e-01
1.053584952303265654e+00
1.166015766737980908e+00
9.775182596768623444e-01
6.185942981141305808e-01
3.209825951636113284e-01
7.417581133423283291e-01
1.152741579947857531e+00
1.413860722939183301e+00
2.661460390073343785e+00
1.730321644491386923e+00
1.203548838353941663e+00
1.230566051376682735e+00
5.480065289607715107e-01
9.989632340714794667e-01
1.170179350983923783e+00
9.654970028897212897e-01
5.669335908104444766e-01
1.483498428778041056e+00
7.394139918400611799e-01
9.973910532750522862e-01
1.243976561875348219e+00
1.016923471166562010e+00
1.003973174362800869e+00
1.516131684085828990e+00
7.076124091643071212e-01
6.210743042873120290e-01
4.794179599674135428e-01
6.351503736370980313e-01
5.223719755097983031e-01
1.040622521044782367e+00
1.986259107273495861e+00
1.025177998759078335e+00
1.062525324890176703e+00
1.121386237121994256e+00
4.814057383173158677e-01
1.136246124435945859e+00
1.028796814950718064e+00
1.242723110337080827e+00
5.018266367630994651e-01
1.135266787431855384e+00
1.120639972553604036e+00
1.479379867531969595e+00
7.892244953341938096e-01
1.541067055574881550e+00
7.787344922150269966e-01
1.287409043837185241e+00
1.259568576502210879e+00
9.779679815991583203e-01
2.337765282375817932e+00
1.018479154684893029e+00
5.765800326282536359e-01
1.296443847954224626e+00
8.949763522801581495e-01
1.199132112160686159e+00
8.143892158411268900e-01
1.251801296326178425e+00
9.204636437282329720e-01
6.049002092740639602e-01
1.215592490224820521e+00
1.149316171190686298e+00
6.798930102222000560e-01
4.481657090173695734e-01
1.367831097022613962e+00
8.811233495981126707e-01
1.232597008969540164e+00
8.818039111255370210e-01
5.684892847896970691e-01
1.377208328552044225e+00
9.221397544961056347e-01
7.193142775401226707e-01
1.173490529554840567e+00
8.913340405468207495e-01
5.710070007724777907e-01
1.104354654459973384e+00
1.396457092604890926e+00
1.633749210384632722e+00
8.399366633542925120e-01
9.280686388611425475e-01
8.754795903847685246e-01
7.500280664660808894e-01
1.207705944744232873e+00
1.017578914406670920e+00
1.177258843330761806e+00
6.327673616793955125e-01
1.090192576387218892e+00
1.413185484345823362e+00
1.155351767863648238e+00
1.172123900949582520e+00
1.432632540642408969e+00
9.844041965361935986e-01
1.244498717359087125e+00
7.772376281114542484e-01
7.880672307836966706e-01
1.566476052315117551e+00
1.323619327932936685e+00
3.933963512282649400e-01
1.443450961657461562e+00
7.883998197920886186e-01
1.218391115187857476e+00
1.073641011762068942e+00
1.087935734974564639e+00
6.415437079943833165e-01
1.682266420310891242e+00
6.547638161035770343e-01
4.996561479339480805e-01
6.177930895719950799e-01
4.929859774178967924e-01
7.388860976490203569e-01
9.995308693509722398e-01
8.198668493237009081e-01
1.001029168547274972e+00
8.707122338985909815e-01
1.036394391626334954e+00
8.521983664216844501e-01
1.034081637602898729e+00
1.208756876831837745e+00
1.034356408240745262e+00
8.118761942400268827e-01
1.606531977160631897e+00
9.786034486395212006e-01
1.198519482758091836e+00
1.113051668326583199e+00
1.246558671576066368e+00
9.431576758921406123e-01
1.027079138032555017e+00
9.555531904395050402e-01
6.616961986368224968e-01
1.046585149126888492e+00
5.115008553202218256e-01
7.527387547014469105e-01
9.954959282720405866e-01
9.245436024598604474e-01
7.276833706410942293e-01
1.184118339039210266e+00
7.400775607657565924e-01
7.914169558640533619e-01
1.163077713365475718e+00
8.616675396363060457e-01
8.669450006715885282e-01
8.161094887922577534e-01
9.951311315219550924e-01
1.038875438074045254e+00
6.412322969353891899e-01
9.659882678288088664e-01
1.000920834302336804e+00
1.321448660439842104e+00
1.138270401050442082e+00
1.027871239311293650e+00
4.226740463053352270e-01
6.974897580452645851e-01
8.447228815272280755e-01
2.207709668535327019e+00
1.212396846343194445e+00
4.693441673677581916e-01
8.607420844834220430e-01
5.950338959495955482e-01
1.132921537192457473e+00
6.462998948573862590e-01
1.567883843603908867e+00
6.223342152564206309e-01
8.075740281144383470e-01
8.103593539344878804e-01
1.121295329741949676e+00
1.314219886739540044e+00
1.999094647709266814e+00
6.144699839798576368e-01
9.984292518495050395e-01
1.067002098710454927e+00
1.188898798310018767e+00
1.379923641576621840e+00
8.432205524037271749e-01
1.051375516747620198e+00
8.916112086309763152e-01
1.526561681504499335e+00
6.811535343891739203e-01
5.162957819937082915e-01
1.003267745432198765e+00
1.076369496843816220e+00
9.034479708514033813e-01
9.635541738600263972e-01
1.049632419557363638e+00
1.274136049045803798e+00
1.146413304244326081e+00
1.099351727657866373e+00
6.454345399362958480e-01
1.844683974601744936e+00
9.845494660502054352e-01
1.209433576335638971e+00
1.035419986070999165e+00
8.733896549318939106e-01
7.419868847771231568e-01
1.260712532689750365e+00
1.160253852535924945e+00
1.315605334061143106e+00
1.111283091680404844e+00
1.284328828811581502e+00
1.130595203664175541e+00
9.129611912000220597e-01
6.170919048329892576e-01
7.499452137485317360e-01
9.846659729378218762e-01
8.350613598641499769e-01
1.017041537919827876e+00
1.100496903729546894e+00
6.760137546113710316e-01
1.234503706922713828e+00
7.751114363055040535e-01
7.967233921210166159e-01
9.187443949899269935e-01
1.286364055019046049e+00
1.229740685970113878e+00
7.911698832285294358e-01
9.684945871609739187e-01
1.098769429697710631e+00
6.214665468261688641e-01
9.233753561769737495e-01
9.102881970599423500e-01
6.895564621632035429e-01
1.077818702901088832e+00
5.456981094940421828e-01
4.695160685626756369e-01
1.078955260962757734e+00
1.645476676935162752e+00
9.118415789563844021e-01
8.309598820730416113e-01
9.451483465648358173e-01
8.863124565873167215e-01
1.673623782436108876e+00
1.263059342116160888e+00
1.171508733566262173e+00
1.113108586566309954e+00
1.301226572625543199e+00
6.707051780916105654e-01
6.685836400205428243e-01
1.216216730921252376e+00
1.011744529728554332e+00
9.141733303053122262e-01
1.168476077084047660e+00
1.201238249551586756e+00
1.094415251278049839e+00
1.672529531044101070e+00
5.516075271017709669e-01
6.846866758210015114e-01
1.357634175311218661e+00
1.106893450770010334e+00
1.045108220164636448e+00
5.900677238654207235e-01
9.676101078991333759e-01
8.022690634490998729e-01
8.653575885476082474e-01
1.183031776454137596e+00
1.383119562239475187e+00
7.893685996978474506e-01
1.328481780061037343e+00
1.095824422885504745e+00
1.163788464650610699e+00
7.548735926945927543e-01
8.397312584846988726e-01
1.864092388541578327e+00
1.072861941037536404e+00
9.931035543637358742e-01
7.614672333701514306e-01
1.036178643407021926e+00
1.042850544632752507e+00
6.672194749247553069e-01
1.184538387594004538e+00
1.016356768086414952e+00
1.167668845272815448e+00
1.112257915820079823e+00
1.375938270729327284e+00
1.585414429571112782e+00
9.373315068754559665e-01
9.126885680122153177e-01
1.246964073148204566e+00
1.086881949811556280e+00
8.449342211084800436e-01
7.318443861291480390e-01
1.166422266228406501e+00
1.315466639613741329e+00
7.740112965308414417e-01
4.232101437159158097e-01
8.188632766963765963e-01
9.928247864275644430e-01
9.983071921023287665e-01
6.450796792565191007e-01
1.937544442616872420e+00
4.872251027463013751e-01
1.411860175302247056e+00
8.559675933576017526e-01
1.174115328818790882e+00
1.041555751371318284e+00
1.235679995530219344e+00
1.328130775954623699e+00
1.621252635042502721e+00
7.188802993893719240e-01
7.836829782881520323e-01
1.351594698604057232e+00
1.058945051834458972e+00
1.084253089707841511e+00
1.493647969420561994e+00
7.013556781018401853e-01
1.344440432740310998e+00
9.153676296296605619e-01
9.144016863525370464e-01
8.566929103925957634e-01
5.978012700442686400e-01
1.005231641234347384e+00
9.916835720095482642e-01
7.884942552672519200e-01
1.138901888991232569e+00
9.772406611554016465e-01
1.117362538442194797e+00
1.147183213164667759e+00
1.062725734121324539e+00
1.016061663617605637e+00
8.667558388390314006e-01
9.737047862807279852e-01
9.526716680528160008e-01
1.292848266625192366e+00
9.675594835368237501e-01
1.358609406239508655e+00
1.062612133088477018e+00
1.312268168712030336e+00
9.091885045157205303e-01
8.672461308129617574e-01
5.895192530394643970e-01
1.182240940068632007e+00
6.629511466271014175e-01
7.956384650529614300e-01
9.865220048438264611e-01
1.366009983547433526e+00
5.630172944747924291e-01
1.210441552755433747e+00
1.019496199517579971e+00
5.920789545099109930e-01
9.014159047952404746e-01
9.242095100281069175e-01
1.825659261328702598e+00
8.064991117787368990e-01
1.202146451119025183e+00
8.007090561583091182e-01
1.849066686039950280e+00
9.311754149837431216e-01
1.681534915580657374e+00
1.251541125560170942e+00
4.918351555651751528e-01
3.910127119121211137e-01
1.151619969852872183e+00
1.001887065853819259e+00
7.423978716489141316e-01
1.564378274479019115e+00
1.281742150227745514e+00
2.030625595847051379e+00
1.392562775109420281e+00
9.389935038913503895e-01
8.207899004170865487e-01
1.072505930911019645e+00
5.255871637863006596e-01
1.794271743444523226e+00
6.221352530521938595e-01
1.483887349290773594e+00
5.103195927898659390e-01
7.251327454851033139e-01
1.012016649609902119e+00
7.100221644570666735e-01
1.248821139496780530e+00
1.145663402753701154e+00
4.759246122056983719e-01
1.198654426667222994e+00
1.108923587738655847e+00
1.433458289124704299e+00
7.024324011354630137e-01
1.461516892234127951e+00
7.047525075867412392e-01
9.106873372434702851e-01
9.956747954523070820e-01
1.192121676718345347e+00
1.130838444081725402e+00
1.251330289783293637e+00
5.822298053948450347e-01
9.055692753923522131e-01
7.224778259962013616e-01
8.308311316142202863e-01
6.108640181529739754e-01
1.505381085912965711e+00
1.893348988598314353e+00
7.071594991502579974e-01
3.304290132382752265e-01
1.167262723622302989e+00
1.171733849260796267e+00
1.313258652750570077e+00
1.239110123189710144e+00
1.174503652414125687e+00
1.381676449291145969e+00
8.563909453075172484e-01
1.246160311247094699e+00
6.472258180157370866e-01
1.516854252447347839e+00
9.287580851575865104e-01
1.143133243775495966e+00
7.881441438864245086e-01
8.046768796926861977e-01
7.961763772473490208e-01
1.106290427045506286e+00
1.295707434795143387e+00
7.456117557091259673e-01
5.654655590588265612e-01
1.315477856552500491e+00
1.080783142640024730e+00
1.171325727558653274e+00
9.983655944743785593e-01
1.571114571375120006e+00
1.368027135565077268e+00
1.238650865630279263e+00
1.264458339611554516e+00
6.358525738352065471e-01
1.057768793936786134e+00
8.897150959971993345e-01
1.174236098528888439e+00
8.882199101503400751e-01
1.088267741718522919e+00
2.155450754679641978e+00
6.705165669643522453e-01
2.067772784783902917e+00
1.182871783506631136e+00
1.267205325770579982e+00
1.242913634650418819e+00
7.743455773794467589e-01
9.324169738623464543e-01
1.358482665396080424e+00
1.009740193022370836e+00
7.149931938428876199e-01
9.913597925662828159e-01
1.163219405775607340e+00
8.826907071312466435e-01
1.037489292446716727e+00
7.255249781548265275e-01
1.519918467917037885e+00
1.082980087297896743e+00
6.882139581292160413e-01
1.974149099061111468e+00
1.256400333256374902e+00
1.519122898637286001e+00
7.954638237685626168e-01
9.578274792046919117e-01
8.961020002025124054e-01
1.087154277457067941e+00
1.394623738629005461e+00
1.258011805281368911e+00
1.253510856302741283e+00
2.442117246136002340e+00
1.004276188598937525e+00
1.075789726588212591e+00
1.045633604046282805e+00
2.267303665932493217e+00
1.014884941164751808e+00
1.057802723361358277e+00
8.079919608094959793e-01
1.222919642823965702e+00
7.685383093616128258e-01
9.515350229539913940e-01
6.976796116857874042e-01
1.089304632674323203e+00
1.081812662496820066e+00
6.828448951486345564e-01
9.699246039475779568e-01
7.439868242205687210e-01
1.147382356775556778e+00
1.025153503481801565e+00
4.936802381909158877e-01
6.707737368089643493e-01
1.060793662326178000e+00
6.246733583682516633e-01
8.065355625276264817e-01
1.052091568547801392e+00
9.141643765536310307e-01
5.386865093372131819e-01
7.035452390620107188e-01
9.291480314775780736e-01
1.048103641221905580e+00
6.669442822468419907e-01
5.964568497199190800e-01
1.455634585933347491e+00
1.202897117728059850e+00
7.399001157720062061e-01
1.183420342765920230e+00
8.801011475499113113e-01
1.043777191277789562e+00
8.073204016231014801e-01
7.568295717586389637e-01
1.101026436037666922e+00
1.197047841799423473e+00
1.412105827912388367e+00
5.470623194018310320e-01
5.500148220252898401e-01
1.205117607614945241e+00
1.132226518362132728e+00
1.014930896364968582e+00
1.862266162001417591e+00
1.258246872745442113e+00
1.018282382170061506e+00
1.205360268800329537e+00
1.326742387375724697e+00
1.105115947172658375e+00
9.698403763391824084e-01
1.160576370458439532e+00
7.071981258737027876e-01
1.155288431359364543e+00
1.546359406850906781e+00
1.180068896640787957e+00
8.516017268642255278e-01
6.165125098476268439e-01
7.902050859023462825e-01
1.079969162381785530e+00
1.017825119985880322e+00
6.106635160415202490e-01
8.074207587781245810e-01
8.599359204840953952e-01
1.221156068939565076e+00
1.390927654930362412e+00
1.023249004349989111e+00
1.136463065191895661e+00
1.353593368895838367e+00
1.035674351097549462e+00
9.761097706404672225e-01
7.583418259167710174e-01
1.203056917129037950e+00
1.223206488245852208e+00
1.381819032470671615e+00
1.004849980668079290e+00
6.662933636157377659e-01
9.751088223471798822e-01
1.137828248078591953e+00
1.234781829892696692e+00
1.041026504479798609e+00
1.060686149139688839e+00
1.090072419836702444e+00
8.395575135503630104e-01
1.037808352312762805e+00
1.352987639031233869e+00
9.300302532202563421e-01
1.311505531756438581e+00
1.234121135306220474e+00
1.426059788630458014e+00
1.225004861737395423e+00
5.522047995617184180e-01
5.182241316149782673e-01
1.438091560183212270e+00
7.181758025100030141e-01
7.092367021002372596e-01
9.941322065959627974e-01
8.421192011249466480e-01
1.145363274132019882e+00
5.430641971281813252e-01
7.069303434895658489e-01
1.996064333426111892e+00
1.118151312611987525e+00
8.762503603160568533e-01
1.286114569626691795e+00
9.155261420145863749e-01
1.442032897003945546e+00
8.903905273127131759e-01
1.271106294604068765e+00
1.683835551852779888e+00
1.438934682151005617e+00
1.165484704545967309e+00
1.615393488831769364e+00
6.863960301763794014e-01
8.490772201405235586e-01
1.510798337612123232e+00
1.459876788864975516e+00
1.046200431616702176e+00
2.324202307924151611e+00
1.369246658945342254e+00
7.586067401686243938e-01
1.131340475768843667e+00
5.916038689473738232e-01
1.115632702221226236e+00
7.392392648111449915e-01
5.461611403467900860e-01
1.386582767833606233e+00
5.008760216949188493e-01
8.732961696838360544e-01
8.526349554991047297e-01
8.646295953014572211e-01
1.254944375665731249e+00
5.166463229533723167e-01
1.056930214957913394e+00
1.139850225262601491e+00
1.081159814552117515e+00
1.138388566625666343e+00
5.534698526870679425e-01
1.148206484560566176e+00
8.864716568219671577e-01
6.836696245388222959e-01
1.165106538869521424e+00
6.188524779799474684e-01
1.926683475166658166e+00
1.541691453069164108e+00
8.960331158647719674e-01
1.286384119464758280e+00
1.551889181679809715e+00
1.548237877050981259e+00
6.844367576648524576e-01
1.104985826489975453e+00
7.404999267812507613e-01
1.151393377554925435e+00
1.520309872024447895e+00
8.232702870057202471e-01
1.556979368445496004e+00
1.465938338358658832e+00
1.024414948024474414e+00
1.160428207048961990e+00
8.768382669983315614e-01
9.329654118796663065e-01
1.141881803391100014e+00
1.323066403755281506e+00
1.291484844747493366e+00
5.021388959496531079e-01
1.721019222338543653e+00
9.014324004520384293e-01
1.195365296540324751e+00
1.305504801816398386e+00
7.814113357387195702e-01
1.091098680234580121e+00
1.143269259988342723e+00
9.615908511413575610e-01
9.301945172077294988e-01
1.002680840256887862e+00
1.136999331350965425e+00
1.031415830795828992e+00
1.463880875987634056e+00
1.317187724265876270e+00
7.831977272611757579e-01
8.066593058810335171e-01
1.062835416408528744e+00
8.936590263647027355e-01
7.168684797846300860e-01
7.654741196875062270e-01
9.693291515090128874e-01
7.872733036775797499e-01
1.248543040908917101e+00
8.065864916294263054e-01
4.725564788842281927e-01
1.387207060814126480e+00
7.266833139458204194e-01
1.566727091636324509e+00
8.400784923180047992e-01
1.196799558710431421e+00
8.667311911903294863e-01
1.136000593189148145e+00
1.526075289728562767e+00
6.868230895802861502e-01
1.545703569272080191e+00
1.580271279988501476e+00
7.843239621139459494e-01
9.145992891408113445e-01
3.640639293808728971e-01
3.911163371414765333e-01
6.959746194363441996e-01
1.185065134989659485e+00
1.248295388034471376e+00
1.276259076894073807e+00
6.240120714280662506e-01
8.846104634276356071e-01
5.872389777734856597e-01
1.161272367968579688e+00
1.904101052053138732e+00
9.350490912536401078e-01
9.433322934062805531e-01
8.231095845110349973e-01
1.011564926195960501e+00
7.138983299582795095e-01
9.659643237846323727e-01
9.189859033742823202e-01
4.383525163587138618e-01
1.021355911056214705e+00
6.697776339367371712e-01
1.185701190087635082e+00
1.236699347174654795e+00
1.127781538540802098e+00
1.034427713692141149e+00
7.768354985442901262e-01
1.312346154999236569e+00
7.420575873901984476e-01
2.134585367267570089e+00
1.610142161763422397e+00
1.073257779962263125e+00
1.712912666553381369e+00
1.012750549282798174e+00
1.056313432938672081e+00
1.196658628256693113e+00
1.162280794511702853e+00
1.055123842532562195e+00
8.117702879775734459e-01
8.283728949088325910e-01
1.066425312124481994e+00
7.559404388388227813e-01
1.076266078582351238e+00
1.204367973608130082e+00
5.925218416048166903e-01
4.684082182844901965e-01
8.947550936665554788e-01
9.107489373863285609e-01
9.956403961469023622e-01
8.975919733373302067e-01
1.320431513960284686e+00
1.053409102434778921e+00
5.238797251092826013e-01
1.182323626972627162e+00
1.141611287466861357e+00
7.544506178128772556e-01
8.233767601713026796e-01
1.127199641866906799e+00
8.452462162242991850e-01
1.509724563489360794e+00
1.160067215641731542e+00
1.193751995837408098e+00
6.979854551771025317e-01
1.223932779363771983e+00
6.656751613593664407e-01
7.270119596575973508e-01
8.166697347443130361e-01
9.764959572380070840e-01
8.612404289288051462e-01
1.228452384432928257e+00
6.349266141188578683e-01
1.167527347800747295e+00
1.037539427111836776e+00
1.049188387783614562e+00
1.087204328305844570e+00
7.618454678012559489e-01
1.751815351107532504e+00
5.617397533785877251e-01
8.336118810097969956e-01
1.149155340607042275e+00
1.006329143303520635e+00
1.214492829263956297e+00
1.001322846716878434e+00
8.861453408190124170e-01
1.270853998734408741e+00
1.085340674567840002e+00
1.362566070783937544e+00
9.190533331778808490e-01
1.183228169332158686e+00
1.292720073757861465e+00
1.009129060590633342e+00
1.049255209882961060e+00
1.038057013221736602e+00
1.208271684015426839e+00
1.044093869326732760e+00
1.390399240124764457e+00
1.412707231607545966e+00
4.828949263572306361e-01
1.293806103257859608e+00
9.942704842000509302e-01
9.672757255658390729e-01
