4.383684660283990731e+00
3.192906950212003991e+00
7.548143475847507444e-01
4.106839938176829463e+00
8.629563076642209341e-01
1.076252615250759659e+00
2.902893151304488661e+00
8.548898273920483959e+00
2.179089290292488990e+00
3.223462035880090948e+00
1.507161987830310412e+00
2.686268008205292546e+00
1.715303708093503587e+01
5.425937718509833196e+00
2.838197544611608780e+00
1.262253166673240168e+00
5.581613788348526839e+00
5.632441118941863500e+00
1.457443909395182757e+00
5.616592975165721313e+00
2.016911281286659730e+01
1.571291386348069752e+00
8.564746648037083077e+00
1.231975315982804098e+01
2.327498537850620774e+00
2.054919540824189639e+01
2.291972282499005864e+00
1.681367374939147652e+01
1.672757206165202515e+00
2.749711418435186960e+00
2.791827817096389275e+00
4.311987866976113359e+00
2.136409187352645400e+00
2.946986282415723579e+00
5.789136681947586460e+00
5.725922706367944315e+00
5.133333836299109887e-01
3.640877778842228629e-01
8.243656459057897123e+00
1.864061292629474842e+00
9.224371059723811328e+00
1.582582638068545577e+01
3.035313732145196841e+00
9.469466708892413376e-01
2.898093158271214609e+00
1.920945835435316162e+00
1.065775171096661866e+00
2.046091867654380447e+00
2.160494514055424808e+00
3.521324865778942215e+00
1.102301826345120439e+01
3.063289010044772276e+00
1.427478293380685548e+00
3.093554595212364422e+00
8.971977388831665623e-01
6.416549953094039971e+00
7.019902512805246131e-01
2.012253464205494780e+00
2.006639586987897683e+00
1.558606344678658218e+00
2.988459557953622170e+00
4.422531848754087669e-01
9.589127590134651768e-01
1.482066579884207869e+00
4.608516512582132574e-01
3.099337286425536409e+00
2.493615224840336708e+00
1.704844020085283063e+01
1.217056505839484215e+00
8.012684867450962756e+00
7.673370476910834626e-01
1.276795504543844295e+01
3.798605508219461413e+00
1.895769155674522821e+01
2.008579298403223135e+00
8.122201934995063155e+00
9.705358953593815619e-01
1.007877975298709483e+00
8.891144070202278149e-01
2.628188574636977304e+00
1.987102574469170380e+00
2.363224640033020130e+00
9.906706718006020873e-01
2.771857954560308457e+01
1.210358086965062752e+00
8.630483543696151116e+00
1.653648146513451156e+00
2.407694865124769379e+00
2.011762540117411735e+00
1.745871478517541675e+01
1.665675703219791970e+00
9.399618469529318787e+00
9.342881554890592355e+00
1.907654624886946948e+01
4.764464166623088026e+00
9.029467147377690139e+01
5.659793531402597999e+00
2.991012794656597862e+00
1.085819388531716445e+00
2.470961014275783185e+00
2.666202752999540238e+00
2.283865360048757953e+00
1.353544463547237675e-01
1.217836095733735080e+00
7.248299095750584398e-01
3.386260389555854622e-01
2.678360710567973424e+00
3.885350722358351216e+00
1.338131419025016644e+00
1.944386368332615334e+01
4.749337460970917135e+01
1.164482309853043063e+01
3.178435372916631252e+00
3.259098449302750833e+00
6.633569995048056445e-01
1.937955983244178615e+00
1.678316941028682452e+00
3.974480382457201255e+00
9.011271056439179361e+00
3.649850695946160073e+00
8.128328233975486983e-01
7.310301255923871144e-01
3.552620251523315620e+00
1.572095898001701464e+00
1.219932353670563296e+00
2.213258059633297137e+00
4.753027042051872542e+00
5.473294249663108069e+00
1.307258749069497572e-01
3.371392054766559454e+00
2.696065172399494614e+00
3.100723954982167907e+00
5.960015329858999955e+00
2.723859956205577859e+00
1.645705199289880127e+00
1.513628752204776440e+00
5.564365291997870777e+00
4.058106782058801087e+01
4.583017356150440591e+00
3.517916961920671604e+00
6.584267669964174452e+00
8.736184576296322390e+00
4.165899831940595099e+00
3.666509252817292452e+00
1.065893097596408046e+00
1.081898063518953457e+00
8.737126977941265693e+00
2.973311725316312604e+00
9.070374835526928692e+00
1.152144938662153884e+01
4.865963971788421105e+00
2.464957846593091251e+00
1.185052177167514031e+01
1.851271366992849776e+00
1.583796289182482830e+00
2.728665375353969136e+00
1.412688221116620513e+00
4.739662312672585642e+00
6.343135888085866814e-01
1.301191337821805405e+01
5.526163546336551491e+00
2.461286016803236887e+00
3.727283314102018408e-01
1.900259058007145896e+00
1.198414983850956794e+00
8.452054557154912162e-01
2.124250759909259489e+00
1.421764138570371427e+00
3.082020506817003458e+00
1.259166879747430912e+01
2.579845655522770453e+00
1.179765582235537513e+00
3.152202391200392473e+00
9.107552341963094378e+00
1.650818479010245099e+01
1.541228532728509570e+01
1.023434654230129048e+01
4.167865687039126854e+00
2.149610219706798730e+01
2.969702623417656007e+00
2.974186040523469909e+00
1.271820101655835034e+00
1.142281329356998221e+00
1.773024555784585843e+00
6.537894447253198571e+00
2.670350460051377439e+00
5.504672380142664467e-01
7.717855247829625842e-01
4.682242280057467454e+00
2.575937171161625905e+00
5.054056545750809093e-01
3.680642606552977814e+00
4.312398498109697442e+00
2.647781119380685944e+00
2.796954089516327180e+00
2.213226980457774928e+01
2.020719229663550998e+00
1.409357308273402554e+00
5.766598656675975931e+00
3.547666028921159231e+00
1.065959791520655564e+00
2.555389968189873073e+00
1.382722915935205776e+01
6.833032853381590499e+00
8.142028781984301133e+00
1.295380846169853939e+00
3.206104629404188167e+00
1.561622269535909435e+00
2.825486746674904026e+01
2.037115307132332021e+00
2.386776519990672529e+00
2.643795298641013147e+00
2.709971598450789543e+01
4.869177621333565575e+00
1.062500767061638651e+00
2.782341959071001902e+00
1.423133522003231288e+00
1.019995507550034430e+00
2.875593583791254737e+00
5.264718680527745720e-01
8.933334039310611985e+00
1.178812656456499575e+00
1.826889117666908202e+00
6.667926493320255332e+00
9.410460437157306401e+00
3.414203035370195316e+00
1.790430696127401244e+00
1.457163946815874134e+00
3.380120980602285385e+01
2.880863494557456939e+00
4.110987393248236366e+00
9.013223902524230002e-01
3.129498796538368044e+00
2.174887272658336812e+00
2.615407015839053884e+00
3.918188716532085447e+00
7.099138069089073744e-01
1.172296524947432239e+01
6.187067119183382147e+00
8.710763120341489696e+00
4.792178723889330527e+00
3.465829182634944772e+00
7.486986139890413838e+00
1.435705920305319339e+01
4.604619322865268205e-01
3.151170645714433061e+00
1.164163901564847059e+00
2.880524933670849830e+00
2.825742563643083294e+00
5.104552110769283502e+00
9.365854812532074192e+00
3.724461469148444337e+00
7.457753133275759616e-01
3.365287065768689079e+00
1.140736867553810985e+00
1.129321625909821103e+00
3.608768188684151834e+00
1.155290591861988903e+00
3.782696537352533639e+00
7.894744313787397161e+00
1.577473552984406879e+01
4.699448300673472190e+00
2.977218046466466816e+00
2.769497463913537239e+00
4.909412513223202268e+00
1.348649128061830282e+01
3.437227760725495074e+01
6.793454631976833191e+00
6.302465712210936211e+00
7.179769204557265638e+00
1.345151150422335906e+00
8.450525186670201805e+00
8.314755746107195478e+00
5.101486684628538271e+00
3.948089511478328095e+00
5.316346016826077658e+00
3.783662831858976894e+00
3.463134610301502825e+00
2.106049254632009848e+01
6.017699968471619698e+00
6.376568435510908905e+00
1.604592050084484001e+01
6.634495635449960460e+00
5.530136883420672111e-01
4.584407161547053633e+00
4.264160996048194541e+00
4.163391494750402266e+00
2.943410251969023950e+00
1.349261074833047758e+01
1.959550484636115586e+00
8.006766398768173643e-01
1.055283377713067905e+00
1.640956650463783806e+00
5.412159963474884705e+00
2.768318152173792512e+00
5.503746327343024269e+00
2.592257003692856610e-01
7.547393239049669411e+00
7.189091936665164440e+00
1.002892179226118285e+00
1.508477094658949724e+01
3.939703115042332726e+00
4.052997246960492461e+00
4.287871382543431698e-01
1.428087930587548726e+01
8.751324958052822955e-01
2.705677709288098143e+00
2.098219292140120373e+00
7.429222239314684728e+00
8.262054578997147791e-01
3.447755007519037185e-01
1.441541855657327842e+00
8.930632255402587205e+00
1.266985784504915669e-01
3.387076713269824513e+00
1.454010399019658895e+00
6.135176124695458810e+00
1.429858716830437260e+01
4.213300885836925858e+00
1.304454266082907710e+00
9.461159409890550487e-01
1.383217915500488360e+01
6.887402993480887581e+00
7.788050891058555081e+00
2.883140003704257381e+00
1.181379768743253456e+00
9.495340739215983206e+00
2.655379895483004571e+00
7.523584709967735540e-01
2.714363781233098294e+00
1.607131206396597989e+01
3.468295846875665056e+00
1.318212905367395882e+00
1.745954830406109792e+01
1.872726532981455083e+00
7.333257286304840861e+00
6.370211141041338898e+00
2.724458327888393594e+00
6.663638503956735626e+00
1.368305590615839895e+00
2.118346577116481555e+01
1.991837393010054580e+00
1.325215322411366747e+00
1.087965965084505493e+00
9.768223743695050310e-01
9.660134784348436421e-01
1.378275398672895946e+00
5.509546590348580075e+00
2.387543048323545580e+00
3.671814461687224362e+00
2.259603248820864163e+00
7.104036831003516461e+00
2.594299049350587083e+00
2.067966737880061245e+00
1.757322655643532849e+00
1.260625147514748257e+01
1.033943447165103224e+00
1.349740365963830691e+01
7.215288825235639525e-01
5.868850926331341533e-01
1.939202195379706506e+00
2.141206010652598302e+00
1.097664829652503293e+01
5.206543748845115616e+00
6.124725486615445469e+00
3.318260962887447985e+00
3.197378782344094894e+00
2.503169726598015732e+00
2.001226430135019108e-01
2.321322050204158494e+00
5.676276424676102161e-01
2.485809516640418160e+00
3.446806407187942067e+00
9.504401012404098736e+00
5.099273174440234868e+00
2.990026012933830302e+00
8.923731266019208519e+00
1.230416940319807972e+00
2.386934405580301455e+00
2.765703102471790409e+00
8.491876665456148388e-01
2.767345845926000969e+00
8.951305306467583378e+00
4.341237131573834951e+00
3.836015837498464087e+00
1.259993009178956846e+01
1.237556582469961031e+00
1.060076814107195453e+01
2.214505300461325987e+00
2.739907137865943554e+01
9.058893984712419467e-01
6.819151102559365185e+00
1.498249618430149699e+00
6.648441229652632067e+00
6.162196573535580590e+00
6.809901587731429728e+00
2.298568470381471496e+00
3.733970971903552982e+00
4.981062955004878390e+00
3.426308817043554278e+00
1.963573699879227252e+00
1.304367995470053998e+00
1.601948843888008067e+00
1.098169683101448157e+01
5.855942721704314735e+00
1.569469253977983758e+00
5.775187669427724657e+00
2.709498041575376881e+00
3.431113024826015323e+00
8.413220897227880357e+00
1.114450006762693901e+00
6.657998153400509977e+01
4.710162301131438412e+00
3.499061331933846386e+00
1.769753839341706936e+01
3.229144717271684506e+00
9.749023518658973542e-01
4.476260441265190182e-01
1.486958874494870519e+00
9.652162019893513190e+00
9.639576492392187390e+00
1.866216892557076434e+01
2.572274479564216065e+00
1.064910542337153387e+01
3.543729054092529474e+00
3.674967806692162942e+00
2.278128631701384244e+00
1.227411825184956395e+00
2.646828260411139055e+00
2.840562501228916403e+00
8.180544737736106242e-01
2.778052180485751865e+00
1.152717532704980785e+00
4.803460753612531775e+00
3.035564947030934491e+00
1.712842942514961386e+00
2.968738980992070786e+00
4.386172936116986776e+00
2.544008734134758143e+00
1.330542726893621630e+00
8.933553170070347438e-01
7.342007339023323143e-01
8.374554998730655342e+00
2.214983955015043637e+00
1.430223014495457079e+00
2.651204439415306702e+00
1.009790825573466666e+00
3.203841524639362337e+00
9.713409006826615455e-01
1.049312866423704094e+01
7.874577978588715998e-01
3.018935018425756844e+00
1.606071680443773175e+01
3.664080315800336773e+00
1.482398292440333831e+00
1.771974517715246122e+01
3.677032488499791252e-01
3.056656878911305775e+00
5.830688095054997744e-01
1.093481855830467753e+00
6.191191170891120699e+00
2.199671288696357419e+00
1.515048351866457255e+00
4.568219252318305834e+00
2.240514016559929544e+00
2.798818897369278247e+00
7.443734017083928123e+00
2.193778817555365190e+00
7.493107645806354355e+00
7.889949167393099927e+00
3.055233795542678710e+00
3.498697740371200293e+00
7.327533541704805975e-01
6.423697181005811885e+00
3.209593778106057727e+00
1.053403909765159296e+00
3.059144137826538046e+00
1.521443030308440303e+00
7.490740783438326389e+00
3.604551822529960425e+00
1.115685053553352679e+00
4.478247167468674128e+00
6.937778137683828783e-01
4.213152961737350211e+00
2.868745666818647067e+00
7.900807165287555556e+00
2.210159309460813404e+00
1.454670018801560660e+00
4.106936017785589144e+00
2.398264470787768943e+00
6.301671302656915996e-01
2.300201396145580901e+01
1.518858638493109314e+00
1.550382816466339353e+00
6.375780028948825340e-01
2.635855680037289872e+00
2.624381451751152561e+00
1.542615089524409955e+00
5.548183860745287355e+00
5.067501577704062399e+00
6.078998754649380665e+00
1.474016582526228580e+00
1.259272815358863262e+01
2.721151813397980135e+01
3.768353623734970625e+01
1.667694391029808898e+01
5.608756615518876387e+00
1.383624494700728569e+01
6.225756859980918767e-01
2.494824988936571586e+01
9.271217141433041320e+00
8.527466455857366512e+00
1.429266608879345668e+01
2.104347153974368112e+00
1.014296636601848434e+00
1.415215548823616498e-01
3.191825616928325893e+00
6.087666388439328280e+00
1.363761045838399300e+00
1.247752587591544060e+00
1.354488639869070310e+00
2.195454348760802255e+00
9.166182123537588211e+00
1.107697420095889118e+00
3.692615312824896634e+00
3.030353061392533576e+00
2.589101417237572811e+00
1.091207152248722778e+00
2.372245389143965877e+00
1.226351123149431288e+00
2.174320984671123558e+00
1.861547563837483654e+00
5.553736881745097165e-01
2.076605055219189921e+00
3.060644248044644300e+00
3.497085774211174058e+00
5.369030257800023520e+00
2.263490410051153479e+00
3.811668218289525623e-01
1.803300541639937293e+01
3.749332468749192060e+01
1.136966898880760724e+01
1.743153878386081956e+01
3.588802960760677063e+00
1.238889907768735421e+00
6.624723702302455219e-01
1.426487656560470185e+01
5.928253952663714577e-01
4.226569432259326575e+00
1.411947559014462117e+00
1.308119358772705354e+01
3.918362485259089478e+00
5.116969825238971481e+00
4.490764990914551391e-01
1.030030748841513688e+00
2.124940425385046350e+00
2.714100622517308103e+00
9.727988497085418018e-01
3.139552544773668075e+00
4.782125439096695629e+00
3.511385217197686703e+00
7.828750719331593055e-01
3.280795951114619413e+00
1.227444463053991131e+00
4.276124114349237004e+00
8.668254526007201921e-01
3.102628334467031568e+00
4.416181406999752923e+00
6.172277016551447559e+00
7.137731630457254672e-01
1.441149970354709042e+00
1.546752467773734319e+00
1.702542526130601530e+00
1.341242865132442397e+01
1.984038726531571539e+00
1.254675579109554295e+00
7.694956942005202194e+00
3.142122724575652892e+00
4.938447393211633063e+00
5.366832173217353841e+00
1.222251606456297601e+00
2.955802752040245895e+00
3.116026541519111959e+00
1.703784021023112549e+00
1.167583904679910134e+01
5.382636978136476458e+00
2.812174335480960297e-01
9.537057647296857121e-01
1.632494245904682506e+00
4.424553883414655608e+00
4.085780274432643466e+00
1.782653810593684440e+00
2.135046775525803042e+01
1.333446391253873209e+00
4.681717827556660438e+00
4.765914756914923167e+00
7.357303371306265216e-01
1.321791494343856233e+00
6.067454919234467781e+00
1.738444824443614323e+01
1.588669639619988638e+00
4.716915183472766060e+00
1.485754255304738036e+00
2.332937644039277281e+00
7.402354941405407729e+00
4.938518940803031221e+00
3.557917611162029203e+00
2.473830707543706708e+00
1.230652601261188250e+00
4.843965733180010780e+00
2.233702095119783237e+00
1.465044759220146098e+00
1.220680954498081672e+00
1.140461217674799910e+00
8.933556384235986636e-01
2.731580623861242341e+00
1.954507494916720711e+00
9.830020826717379423e-01
1.947466246300762815e+00
5.069180886927202145e+00
2.136381138884890163e+01
3.529373322925930090e+00
2.424101629011554127e-01
2.530956810113026201e+00
6.572794271053753690e+00
2.299974341214172213e+00
5.062888750164585838e-01
4.564943830188950891e+00
2.325183665710946812e+01
3.832557548861389662e+00
8.002236979910106740e+00
2.575168882778622326e+00
4.325252535107630969e+00
4.492575612825235432e+00
3.363097572486598796e+00
4.203050249069777067e+01
1.191578652143533290e+01
1.009502955277919778e+00
2.538038241638966852e+00
1.401780496896625650e+00
5.854644207924851962e+00
1.172048665081704222e+01
2.645528650566473061e+01
1.901915317634026881e+00
3.446826714953584503e+00
3.513572353571847717e+00
3.250036721131650985e+00
2.480911637865752084e+00
2.337809398576507824e+00
9.150851685390480883e-01
1.682691229168990166e+00
1.227165956104143163e+01
7.099677372742773107e-01
2.374768495597892937e+00
3.256869888954493142e+00
4.004887411273284847e+00
1.069653725612010664e+00
4.456059776276276807e+00
3.103498915122947288e+00
1.463894593937284716e+00
6.241368108692807448e-01
1.451787228236026239e+00
4.729062002008727617e-01
7.443060042741391769e+00
1.364963172077902964e+00
7.180798933837317932e+00
1.102711347004288189e+00
9.216518633049114229e+00
3.243416464666529553e+00
4.547486711993364850e-01
2.552901235803011204e+00
1.070910745690792920e+00
5.169233861608331537e+00
1.437915707660415343e+01
4.362687150466022068e+00
4.219997187883985923e-01
1.021114410780255222e+00
2.427048979911834881e+00
1.224377096642536689e+00
3.360029958687001717e+00
4.944506065045876086e-01
2.742251679432911704e+00
3.392844987341417706e+00
1.076445742147714490e+00
4.679884485887633616e+00
1.031127251956097668e+00
5.418996439155112199e+00
2.757228091320934604e-01
8.743873836479805206e+00
1.888718334587702774e+00
1.785065601637341182e+00
9.166088398378397173e+00
1.016529185695010717e+00
8.937869108857660061e-01
1.338895695324989532e+00
3.015545000354299177e+00
3.446595326473822496e+00
1.434018470856248006e+00
5.518468162328352022e+00
2.395466223299495656e+00
1.714348170585003051e-01
1.062609625958029769e+00
7.506460148587291714e-01
4.227302128670053172e+00
4.607656957483520443e+00
5.637359204529538204e+00
2.173371336822780275e+00
2.397623511155335230e+00
6.077711272830476297e+00
3.912185881841835133e+00
4.897382099300459646e-01
1.750505798168844329e+00
1.145214456265355674e+00
5.758054330880733929e+00
2.426775523038582794e+00
1.588982332768181349e+00
1.508911025548038687e+00
2.617851631626765396e+01
7.011764059905290836e+00
3.480244548613034450e+00
3.974916980123383681e+00
1.080350104452461046e+00
4.902239436251131011e+00
2.989792879329261410e+00
1.081427642742283313e+00
1.257907563480167301e+00
6.041889791854742953e+00
1.043073316862395128e+00
1.375915213369408363e+00
2.713698082469678141e+00
1.528380030964608594e+01
2.815926573708865899e+00
2.313148701148258102e+00
1.751638949529295219e+00
9.522654186605912230e+00
2.466160935949896427e+01
5.917851630180066991e+00
6.030441927193495033e+00
4.736764766814505201e+00
2.700062820751127468e+00
1.626362823133231217e+00
1.230282991842313045e+01
2.281689739082466861e+00
1.166610172613049201e+01
6.353698918379977023e+00
4.359966573017176827e+00
1.759464323096732619e+00
5.968654151050011292e-01
3.968257206129596870e+00
3.742950510976582379e+00
1.337912628835841167e+00
3.870408843039503211e+01
1.742223949944591288e+00
1.970620823469275917e+00
4.819235087009257512e+00
4.791289542932066325e+00
3.128800231607307136e+00
3.525235630861577985e+00
1.288782090401919600e+00
1.343586620688745459e+00
2.940738837800477956e+00
5.412695864446904537e+00
2.087868832514689466e+00
1.054620425638069392e+01
8.592276372912129645e+00
1.851098814922503832e+00
1.274023426445215712e+00
1.038397828845510595e+01
5.194949610323499556e+00
1.110697322383373153e+00
3.436723721272503251e+00
3.126531312304227317e+00
7.920802632689216694e-01
1.284599766205385629e+00
1.849712711026984646e+00
2.979841025153424638e+00
3.295975314506989773e-01
1.818107900145123246e+00
7.221954466597098055e-01
6.807942518141862909e-01
3.426514761478111293e+00
4.874412884007200297e+00
7.051966776922718338e+00
3.854002134149590919e+00
7.968133035743306669e-01
1.193810524225690672e+00
1.420308484279676264e+00
3.193416541563398159e+00
6.000552372369078569e+00
1.595441117726736691e+00
2.889150493214804882e+00
9.173129659320937712e-01
4.544250866740375372e+00
2.616292902372861828e+00
7.040744790927662144e-01
2.426974594724902623e+00
1.348811236905563149e+00
1.940279728334049159e+00
1.406377241298316871e+00
2.644866052946577284e+00
7.507953531032430794e-01
1.114131848338909059e+01
9.066520462907693423e-01
2.635869762049390275e+00
1.496578556303835228e+01
3.272308252257976058e-01
4.146240603993733842e+00
2.698026157770012645e-01
4.387487333056306227e+00
1.152792376527645102e+00
1.295533045906348990e+00
5.007289067833692542e+00
5.764337285801285127e+00
3.102656483451796454e+00
7.330962502426084271e+00
4.991767226075673136e+00
1.088029426753734485e+00
5.859290744587856287e-02
1.278104523973220941e+00
3.798241170250757914e+00
9.060675398698312399e-01
2.713690452802880237e+00
2.339821385421484656e+00
1.758507837076115909e-01
7.124279325983566835e+00
8.545597360983542279e-01
4.588923596228245749e+00
1.169365325674985190e+00
3.245434301200316174e+00
6.129163247722120289e+00
4.855485099329063914e+00
2.556322976784211609e-01
3.435714435227585017e+00
1.781534924581719581e+00
1.501620372758020405e+00
1.256441583507285031e+01
1.910320079175086283e+00
3.906974788779965735e+00
2.396728002292833892e+00
1.575695520746519529e+00
1.873991264356298814e+00
1.682034441176306849e+00
1.817565425928194811e-01
1.951660045746001826e+00
7.696346126428514900e+00
4.517550218024646291e+00
6.935125516085870245e+00
6.026170390121081688e-01
2.891431546156312926e+00
6.177651258711434501e+00
7.203343152314538589e-01
9.353291701057894869e+00
1.139261123245341789e+00
1.755725593579033728e+01
4.981952000106254275e+00
1.527775993417727518e+00
7.147126976530774556e+00
1.300270314974552299e+01
1.842764478329652844e+00
2.832264159330877717e+00
1.573837987592433318e+00
2.372926050328798109e+00
5.521082533637217793e+00
1.295510956740312913e+00
1.262588663971167646e+00
5.799541347018514204e-01
5.903074748303300812e-01
2.810698474285111104e+00
7.105073365640347305e+00
2.415686873811047963e+00
2.248497397841079604e+00
5.445374179549752114e+00
2.604066928515847934e+01
2.972259211979751736e+00
5.856654912863918483e+00
1.939188527262030837e+00
3.768462127038818554e+00
2.379932020988669183e+00
2.228403680195560455e+00
6.468083866335961885e-01
1.558268099361754144e+00
1.845162638160424251e+00
6.725383502374080003e+00
5.150311475342741474e+00
4.860601183576592099e+00
7.106803398799912408e-01
4.623432375102376923e+00
1.881579019743095493e+00
1.673274851740381042e+00
3.815037604437653496e+00
8.378256125496966078e+00
4.874657605973886199e+00
1.095618644863151303e+00
1.412000192364199158e+00
2.467764986265036953e+01
5.749459936683869010e+00
1.825147905829039185e+00
5.893831846970894794e+00
6.933378228093681761e-01
4.317806504808309187e-01
1.409293580234986631e+00
4.529271799747997207e+00
2.218233878402299020e+00
1.917385984215543404e+00
6.863367912564147799e-01
1.165425124117685618e+00
1.910956804966637446e+00
5.741455584343682972e+00
5.757404439973023536e+00
2.943616395363760851e+00
4.482744140574260072e+00
3.241914340624902025e+00
1.144328540942604633e+01
1.254991909284172813e+00
3.213813256140383601e+00
3.158310142872974957e+00
3.009454005937547194e+00
1.108050191382233818e+00
8.184016895516379009e+00
5.222912771836166534e+00
2.061473052072380518e+00
3.514915935060541674e+00
4.534003977432091048e+00
1.469877045432924412e+00
2.335541946891275256e+00
4.106732369152579665e+00
2.112633726201177620e+00
1.130930649250928433e+01
7.743716546320116301e-01
2.141707280943077052e+00
1.029299525718614605e+00
2.325431550163068906e+00
2.984410730605653317e+00
8.475362884747827508e+00
1.805392821981524065e+00
2.020250189555091946e+00
1.665938814508198140e+00
4.532010972508328628e+00
4.468648733440428344e+00
7.344799130673378418e-01
2.677020684547467333e+00
3.320126817587991663e-01
6.567594297909907786e-01
5.389478629065174164e-01
3.885112761965938244e+00
3.672235590852402698e+00
1.820747636535168912e+00
2.576530240564856022e+00
1.704495461674810741e+01
5.652931796020347122e+00
1.075726940775835416e+00
4.305298514119193953e+00
8.487776974428525634e+00
1.330842616761182740e+01
3.512474298437311404e+00
3.929694227370366555e+00
6.825764779851026809e-01
4.514950280727327403e+00
9.171193688227836649e-01
5.919358845043628747e+00
4.754975285261995310e+00
5.001126494004701328e+00
3.848925576247458569e+00
1.087351772442395159e+01
4.711095098029575712e-01
1.325696770570382821e+00
7.170192173443941108e-01
4.113032781700580287e+00
1.341381469427397555e+00
4.174113344146187643e+01
1.089272863473631725e+00
6.015302829374137517e+00
8.254478164575417276e-01
3.191833112307205234e+00
6.872843626382431736e+00
1.639445381336842589e+00
1.048317296404564836e+00
1.869373805142979239e-02
9.422815723525642673e-01
5.513294816158188283e+00
1.077249092143862264e+01
1.414346349056738950e+00
1.149143680984568316e+00
1.932340820592816311e+00
3.656299164255595535e+00
3.525644888194715776e+00
1.373711595181597467e+00
1.784901740998102060e+00
2.136192362986484383e+01
3.930650983786478925e+00
1.964287215418031973e+00
2.294683993308234360e+00
1.798624814320907372e+00
1.829267223220602645e+00
2.030581407024258311e+01
2.334531250571990402e+00
7.236216316045620545e+00
9.101258871002052331e+00
9.432106878987145393e-01
3.879052614843244484e+00
