6.746878387478147943e+00
3.098484615768166250e+00
3.180586752939825512e+00
2.257903657100955641e+00
5.325852396653927734e+00
6.547042266489169648e+00
6.252187225069913090e+00
9.390013230627321406e+00
9.335622022002695308e-01
3.303054146192623719e+00
3.805098728776402872e+00
1.272510674423363852e+00
4.728117646158597864e+00
2.386957638934664949e+00
6.966807626632850692e+00
5.893974436961524788e+00
7.623145173011105058e+00
4.048836561042086224e+00
5.338204581976457419e+00
1.310304879609625317e+01
9.331665556598794709e+00
4.061195425851908070e+00
5.631384715672688834e+00
1.569149415452056218e+00
1.217193452312321122e+00
1.762124854850620315e+00
4.882391421529234776e+00
1.270708572037053585e+01
2.431261937610327273e+00
4.362501265734968214e+00
3.523594463337117233e+00
4.785044669050723676e-01
4.014874876953236971e+00
1.025332875084734496e+01
1.595295954676965700e+01
7.517703810958177968e+00
4.343173640868453589e+00
1.488565556751922037e+00
1.733675032964156149e+00
2.056549410103892583e+01
6.734746528821685452e+00
6.656477461579482835e+00
4.188083356427495296e+00
2.098171717026769745e+00
3.723457346759243336e+00
4.507672611152004905e+00
3.467853987460950194e+00
4.314958774124595386e+00
3.217892137918119122e+00
7.946766430565159745e-01
5.231675601853164048e-01
2.365870207314972884e+00
2.529969508468516537e+00
3.944286448725820016e+00
1.975166515354806585e+00
2.745053709708959566e+00
5.862802649808478428e+00
3.249063618203843262e+00
3.306304547423420725e+00
4.188216404007211402e+00
2.410561917474034477e+00
7.009234887826858440e+00
4.065093160593626465e+00
2.145773111677863909e+01
6.275434897989860872e+00
1.664780150640391421e+00
3.081203495599995623e+00
6.173685425030908114e+00
4.217857723213531251e+00
2.738711216299769546e+00
2.810008409308699662e+00
2.941384662416669293e+00
4.876875347153249329e+00
5.895033442278098335e+00
2.269400774166456358e+00
1.065601263943998411e+01
3.446151049756587703e+00
1.762624920629443981e+00
1.268908257973441067e+01
1.932510820021234199e+00
3.738179595957699775e+00
1.421614823743078482e+01
5.552254036190995556e+00
2.158038273626409431e+00
9.906001416030076001e+00
8.971550057956766411e-01
9.866673219801029848e-01
3.525897370313553658e+00
1.571001013016574888e+01
7.760204013109381904e+00
1.710126541619584550e+00
1.881656941270744099e+01
2.247058321669977765e+00
1.262582245512655632e+00
5.398161789576803038e+00
1.300187932004896574e+00
5.882308081630940322e+00
3.003420211690187358e+00
7.382438073431791814e+00
1.302617032625567894e+01
1.910254974771748770e+00
9.481562192656468824e+00
6.271462682809060496e+00
8.088675551775040162e+00
3.200115131765385534e+00
1.355864659057153609e+01
1.683769961413023708e+00
1.372909614474356843e+01
4.955715630585278753e+00
8.749759999897808171e+00
8.513841385024825570e+00
3.256559933434979293e+00
1.117355093333905369e+00
6.022236647603372184e+00
7.329026847998152405e+00
1.665007475121972291e+01
2.537522128672874189e+00
8.289251238494346197e+00
6.716244806215214247e+00
6.437797227151808244e+00
5.637143831066448563e+00
3.934130039807909984e+00
4.726994996745784938e+00
1.580285196348499399e+00
3.928057199512345221e+00
3.059265058205103749e+00
2.118601017214796212e+00
3.353339814818263154e+00
4.677821595099922902e+00
5.628177036600831684e+00
1.247897054361123637e+00
6.376832280508131223e-01
1.012977194234658818e+00
1.252152694218990803e+01
4.467291760716064708e+00
1.066192518378278109e+01
5.056936874109540625e+00
3.315167422007990083e+00
3.483396862161736607e+00
1.390939936171248981e+01
1.526453903994956285e+00
2.615733390831158189e+00
3.105268883007453073e+00
4.031259670595725098e+00
1.065801323864553751e+01
3.115239674548360149e+00
8.729382233795176305e+00
1.633626066308896441e+01
1.319850832831759035e+01
1.893542731300678383e+01
1.173030772083801487e+01
1.397600961175527123e+00
1.588846987040632097e+00
6.779682555642400743e+00
4.709276529992358462e+00
3.991630328008273665e+00
2.234117693189259057e+01
1.070131962518961544e+01
7.143129679535206833e+00
7.430619206318183068e+00
3.004728516397181526e+00
1.268731049285416468e+00
1.180044370651370045e+01
4.167652030786730855e+00
3.985128588871342803e+00
3.439654981132930445e+00
1.299354480271027290e+00
4.762459676503931760e+00
1.009215335152369164e+01
1.737774476525997702e+00
3.903442902502342271e+00
8.472355669398863753e+00
1.794833853007865354e+00
4.159704310660936599e+00
7.672729457665511177e+00
6.789962113151310596e+00
1.236354315218392941e+01
1.051185986450368581e+01
4.141875617121650421e+00
2.714820983934792320e+00
1.756423536970455501e+01
7.844904534044086830e+00
3.890333042604329883e+00
8.236700498125152592e+00
1.422136948504718568e+01
1.894433730367766522e+00
7.789635670736774209e-01
4.227513274154033329e-01
2.863964477520159591e+00
2.011997957393364622e+00
1.511435167071542551e+01
2.704449466335293817e+00
1.369721257603303322e+01
1.114560763556281664e+01
2.569762993182441058e+00
5.731510478441813605e-01
1.969447077655327005e+00
2.583477355254642838e+00
2.163895179910926458e+01
5.682217349487674873e+00
2.744337760700365170e+00
2.223187365277494720e+00
5.298230480450493163e-01
1.578734163278474600e+00
1.985168117652228448e+00
1.055741602517663580e+01
2.809177240398691655e+00
1.746286856256032305e+00
2.500621911166629463e+00
7.916833560759883426e+00
3.354575009468759639e+00
5.282417303969023648e-01
3.144074709237804299e+00
8.169525852050181669e+00
2.552814048708059502e+00
2.440310528274512780e+00
4.328001580100329981e+00
7.537568620818395626e-01
5.994500860165645761e+00
3.184687003580920717e+00
9.592586900459794119e-01
1.461743431999949383e+00
1.947021555740620080e+00
5.877381766405370023e+00
8.623363851486814724e+00
1.335554458800016775e+00
8.566883048941573264e+00
4.132220404065682473e+00
3.230705003409821252e+00
3.085353128088023311e+00
8.427021720288113471e+00
5.022273238543363050e+00
8.492766938222965578e+00
2.168053996705459507e+00
1.244463055668372142e+01
8.691935939990967697e+00
5.604447500460131515e+00
1.785442888702303321e+01
1.946121126519880118e+00
1.575228691075787113e+00
5.016143464146864517e+00
9.314969447559651172e+00
5.600007300312188185e+00
5.645138702360801730e+00
3.700186205254465399e+00
4.727825871687470816e+00
9.060292436720576603e+00
6.939207658192030337e+00
2.375315910896255822e+00
1.508368894077026123e+00
8.615539764554508650e+00
2.019743913005463298e+01
3.144814008389910320e+00
5.194310895571755182e+00
4.581497636402147577e+00
4.254310025879443735e+00
4.074351315589685996e+00
3.742912629153063442e+00
4.153499057199012690e+00
1.259052341807092645e+01
6.530485832291533788e-01
1.654642563922789522e+00
1.320070625424989075e+01
5.366867367021133539e+00
6.432496259208242861e+00
2.832387704833567099e+01
1.553666274216128862e+01
1.832201027799399640e+00
5.322771139261212703e+00
5.290926048473418852e+00
7.185009503297475675e+00
8.216620370442864640e+00
5.885785129918679637e+00
2.420476809563916198e+00
6.315270446500685253e+00
3.924079949694448732e+00
1.577958245230593137e+00
1.563342446970007682e+00
2.940146881250371713e+00
6.507707542508352816e+00
2.336565241522134517e+00
4.544363427166467240e+00
1.120627987875884202e+01
1.794897926401806565e+00
2.428978483393070320e+00
1.534521135589473317e+01
1.830497209285635085e+00
2.142750739224860013e+01
1.476187925825517500e+00
3.686890171575799791e+00
9.476176473809623246e+00
5.866217197524025373e+00
4.221975060740006391e+00
4.290279902728507011e+00
4.289153944425159182e+00
2.181292751526961116e+00
2.444920725311432452e+00
5.249757261278104048e-01
4.768291102452909769e+00
3.687067416204305115e+00
2.960223939309051033e+00
1.138228295723682848e+01
4.512973291151421762e+00
2.574818329310069487e+00
7.142346949068489437e+00
4.529550955542591240e+00
4.450765238400146373e+00
2.547029237317293138e+00
4.793946864760625370e-01
1.969650911246144531e+01
5.607665881218028225e+00
6.053856567983877390e+00
1.024478952062884574e+01
2.533324362903661253e+00
1.964123217982183478e+00
7.592356549274776878e-01
5.124054028303107522e+00
2.496238494290394350e+00
5.510891869814616761e+00
9.944570454865869769e-01
1.356403744248420029e+00
5.304005834849038203e-01
2.190855990937033226e+01
3.394618938711258416e+00
9.680414645564141551e-01
1.539032424564836354e+00
1.689714938137176103e+00
6.135503638393749348e+00
2.996242723102486849e+01
2.293428478214313504e+00
3.538686507828655348e+00
1.138884435846268195e+00
9.405278233760737905e+00
9.138365910161777350e+00
6.373118077298602913e+00
7.175307830082306104e+00
6.730985449279937249e+00
4.012774023086043584e+00
1.841313924536988011e+01
5.755787820577553227e+00
3.572235348308014036e+00
9.103607799596392880e+00
1.957313266130776386e+00
1.421970184329734321e+00
9.528524326867916727e+00
1.048407011147329904e+01
2.206881573922838680e+00
8.875574179928493734e-01
2.842082529029384119e+01
1.677196431477848648e+01
1.795360616218253824e+01
2.402012950414449843e+00
2.664034308534883433e+00
2.475529492100656093e+00
3.348304524888602862e-01
6.334462816788677841e+00
1.224310514185711574e+00
1.128066814075911495e+01
1.662490887472431789e+00
5.500081273150014383e+00
7.272759833039412314e+00
3.582130053597565311e+00
5.613538771635106173e+00
8.344663496834289873e+00
4.956513153275060368e+00
3.969841874780497548e+00
3.550740251824758786e+01
5.184352926990245081e+00
1.995799731169596569e+01
8.234016651783210961e+00
7.262253382384790790e+00
7.660099106548196701e+00
3.806168978027932415e+00
1.320759498399397813e+01
1.601149919076970241e+00
1.157851473382972252e+01
2.657627217344466164e+00
4.558853277002965498e+00
2.699019116525780504e+01
1.105990739892012797e+00
1.176757198045500985e+01
2.924419122622138101e+00
7.288381815587008816e+00
6.166203655976891795e+00
3.510840483259739297e+00
7.404390494548271917e+00
6.920760725938315261e+00
7.686728151716825330e+00
3.140275600932690647e+00
1.147136512534267183e+01
2.319829538921230228e+00
3.842287261435293200e+00
1.767249777889700280e+00
7.987174867224613450e+00
7.232995389456142732e+00
4.890390277017209186e-01
1.062571378142381207e+01
2.205460608925677590e+01
6.286353266524698391e+00
4.231957905984481627e+00
1.430931665624548010e+01
2.924994965398727942e+00
5.334622811264532416e+00
3.721716977801341919e+00
8.789894951843706394e+01
4.426897851269356643e+00
4.659910408007858607e+00
4.027386121471119296e+00
9.122080407399838720e+00
6.212799809079493585e+00
1.574000679113511580e+01
9.605526137350343774e+00
1.396827257632462249e+01
3.858366488605515343e+00
5.973932206986356519e+00
3.075418435404674966e+00
7.714799156265358171e+00
7.129374797244675932e+00
7.983018061394925979e+00
1.824232156875309485e+01
2.126817206282191286e+00
2.572492798463635211e+00
3.894599739633489044e+00
1.490901729350109228e+00
1.327855159092645287e+00
6.367085537901861159e+00
8.028177519848830102e+00
2.391192197534642627e+00
2.707969477923308332e+00
2.291714149719098703e+00
4.594670991680453120e+00
2.724178842124965527e+00
2.885054390017365300e+00
4.055971088141657077e+00
2.212566932058112279e+00
1.529774528126424826e+01
4.492354518118858664e+00
3.081563271454970998e+00
3.477471359961985975e+00
5.203403773157315726e+00
7.312103547629961398e+00
6.833494714554159799e+00
2.015121124233102634e+00
8.526576556768379334e+00
1.824741779492421756e+01
2.784994269638143116e+00
4.848649804780621464e-01
1.574713329379864302e+00
3.776924191497423866e+00
3.312875109022995979e+00
5.024957149318499461e+00
4.368856004599685150e+00
3.991784773816915433e+00
5.874312272712078453e+00
7.237409034982762002e+00
9.984098105347726237e-01
2.366773488927491176e+00
4.981893507231566431e+00
6.459161624181460892e-01
3.795205102331425717e+00
3.005410392099873818e+00
1.043879112071449011e+00
1.804416284834787376e+01
5.647987001461865830e+00
7.869971575049370394e-01
4.755876364233177611e+00
5.692482526403758181e-01
9.822485628714444417e+00
1.123655379980962898e+01
4.054939082933717742e+00
5.329139142722156386e+00
4.467697472736172903e-01
2.590910674148609871e+00
1.012965540492630545e+01
6.805833110180041778e+00
1.029920061044275492e+01
2.016217436906783433e+01
2.956826757738502565e+00
7.775070652860801346e+00
5.808569378038034969e+00
7.109692763607740496e+00
2.681307771199806567e+00
8.953509575759131423e+00
4.240892343305146639e+00
1.150758726210169769e+01
4.690068722458454076e+00
9.688936235812773967e-01
2.900040388943957659e+00
1.493294498443014007e+01
1.498103099059833632e+00
3.350293367813241829e+00
1.758926828365487438e+01
1.015692733431758832e+01
4.061408852246436219e+00
5.335854132274152839e+00
1.058342700548054127e+00
3.044241036088162655e+00
5.941818884618430552e+00
2.222746732184200269e+00
7.709836338617013674e+00
7.968768547810046066e+00
1.471733889468070267e+01
9.025261752740340038e-01
1.308996868212298992e+01
3.149188568279321920e+00
3.770400307152618780e+01
1.302483478257222549e+00
4.771083198082215482e+00
8.435789745753901059e+00
2.009046347975614655e+00
1.375205598148513175e+00
1.333836486907991592e+01
1.108418366116465137e+01
1.286549931550180270e+00
2.364720318613585004e+00
7.897911258021037995e+00
7.206678729267785855e+00
2.258185695407438942e+01
2.316814962048365345e+00
2.419220754468774270e+00
1.737174548582899547e+01
3.492814526852299650e+00
1.313938713657191837e+00
1.349783086116267583e+01
1.166637067302032538e+00
3.310407281167211391e+00
4.858012530409019369e+00
2.850373636936689437e+00
1.046043853809934809e+01
1.158845508883690556e+01
4.019098875912377800e+00
5.888881175389967026e+00
1.917320742183107996e+00
2.594861497524645344e+00
1.220356461915617752e+00
4.525235350809375667e+00
1.719389934257213204e+00
3.630135515846911076e+00
1.094777716623879193e+01
1.199092333226401585e+01
9.686582371461723184e+00
3.423420945111680602e+00
9.429476959415395987e-01
8.228841015865828723e+00
2.153929004760615129e+01
1.210436856551760698e+01
4.930200699936470699e+00
1.375574507212926845e+00
8.756332285839127039e+00
1.411654453743302229e+00
1.679144524296683816e+00
1.380732009931277382e+01
2.865582582677561163e+00
1.181762761709841625e+00
1.363406992907376880e+00
2.736472340456518548e+00
1.487700143768297245e+01
9.817384369000148325e+00
8.521014303592423289e+00
4.601821014280452538e+00
2.388795621242703504e+00
4.421483544515460551e+00
1.286239974544506559e+00
8.315086875299037672e+00
8.580013336334900487e+00
3.034765228390619463e+00
6.517665021880691967e+00
1.347365328375409899e+00
1.691324996006684067e+00
1.817117554059270557e+00
2.184625568955510744e+00
1.631943048848064626e+00
3.120851548833301514e+00
2.367122117294772288e+00
1.961627409693279134e+01
7.443877682497529236e+00
3.314437829828753124e+00
1.012177489182188239e+01
4.381440690361305457e+00
1.082112242742253727e+01
5.220538000512615628e-01
1.401383199747386232e+00
3.611587273585729729e+00
2.595516734023721028e+01
6.260688481737235023e+00
2.846147670826939979e+00
3.760045328183299951e+00
3.699757008016985704e+00
3.926087300997852747e+00
5.517889986589182838e-01
6.471621287797793443e+00
7.054963673519258016e+00
7.393618904495260935e+00
5.653373406912386656e+00
7.362811181779480130e+00
2.323332916949883309e+00
8.060087654306069993e+00
1.181854752743536352e+01
2.753364294483606312e+00
3.852887667671916816e+00
2.147307651957909513e+00
1.843864214737379381e+00
2.257182064890469686e+00
2.502087193918093977e+00
3.772191890022825511e+00
2.170435108936511170e+01
3.746061726210542009e+00
6.373205981023823519e+00
5.401940225027140663e+00
5.331096736791539392e+00
2.617504158081572552e+00
6.553660614207593049e+00
2.101825832345564038e+01
4.496880744352209192e+00
4.961873306273584250e-01
4.322726791335306018e+00
4.993112768978981819e+00
3.520407664325051034e+00
8.498231203853576332e+00
8.224117820214082997e+00
5.021945612209350873e-01
5.977412745339446332e+00
2.635404626404291406e+00
3.036902657384621840e+00
8.115294027480890904e+00
2.727272877081776237e+00
2.259519481513500683e+00
3.738953567868587680e+00
3.237360232997271492e+00
2.365169981679436262e+00
4.108467134383757546e+00
4.214349714681242531e+00
3.931905359089157281e-01
3.080125958272291964e+00
2.051656272200100162e+00
2.373029637667294622e+01
8.311178770960278683e+00
5.263914564596019474e+00
1.748462896157546709e+01
4.688727811253608380e+00
3.225797854282756560e+00
3.808796712801287399e+00
3.521366262062613828e+00
3.115186665822394563e+00
1.396575613996076370e+01
3.100424525275868426e+00
3.904883701964884768e+00
1.337319554242592412e+00
8.574445097354429279e+00
2.095276524079578984e+00
1.262350037033250061e+01
6.732946329027189591e+00
5.709653828494297700e-01
3.176195101005074406e+00
4.034014899489354100e+00
9.654135353696714716e+00
5.163291033294136412e+00
7.714535782476872328e+00
7.634152522068657021e+00
1.226675822848615205e+00
8.225911916959235626e+00
1.014071310767065981e+01
1.464620455816407585e+01
7.907259553503892313e+00
1.411606914118433664e+01
9.566460811758050298e+00
7.070797421542781569e-01
2.837932028531991335e+00
2.268828230846131166e+00
4.555826372794168577e+00
1.175525108038316269e+01
3.406791379238981676e+00
8.046058359819134864e+00
1.031915916954821100e+01
2.067252161603201799e+00
5.788299428312608796e+00
2.356067132365872840e+00
1.189317327217205644e+01
9.530450424190640035e+00
9.735145290425029074e+00
4.952917873752062938e-01
4.081790724112675406e+00
9.972192149874610223e+00
3.721355481493867856e+00
7.725309511305025190e+00
5.287740974978797581e+00
2.168951680099910462e+00
1.004211827999163198e+00
8.233105029170769029e+00
7.402985322815826663e+00
5.317389315182929010e+00
2.112789364508309564e+00
8.893979663532026736e-01
1.111838704664272193e+01
2.054719410682943614e+00
3.388711380912388993e+00
6.819329218646553947e+00
2.989239020025431515e+00
5.599611113166906406e+00
1.350586144908312747e+01
3.912069202715490857e+00
6.265924813151580786e+00
5.734919553981399076e+00
1.820063337018267280e+00
2.863593432092395474e+01
8.027048841825925152e+00
4.963910418234431354e+00
3.112001365724614388e+00
1.090269515842216386e+01
5.066997229193123786e+00
1.466893987529650722e+00
4.231608577993177356e+00
8.836013894198209151e-01
1.839383563162980195e+01
6.781602021104296441e+00
1.078888637358495828e+01
7.021903791357250846e+00
2.022322081709871266e+00
2.363486223703767042e+00
2.069834412494558684e+00
1.090994522991007543e+01
1.335030451540302643e+01
1.858318774452862865e+00
4.828638170284317077e+00
6.967093871429861807e+00
3.528417032783774498e+00
1.846813895295458918e+00
1.107079068356309648e+01
5.854686374204403521e+00
1.528544978620057115e+01
2.330538882654942689e+00
4.799173673997002787e+00
1.444433298913360630e+01
8.119340659814223926e+00
7.518845488616524797e+00
3.225459480249398769e+00
2.283783808532958481e+00
1.775420288256329249e+00
1.044725227243402887e+00
6.979434739398035603e+00
7.943685049492296812e+00
7.759679313117931798e+00
1.347954532130358984e+01
1.407150171575028308e+00
3.481951688208214879e+00
3.629470723700344958e+00
7.548075142871473631e+00
7.144006679237842050e-01
1.289670642963686387e+00
1.300204114559032398e+00
2.798191048748364551e+00
1.150447555720811588e+00
1.204372966587735583e+01
2.476562803025527337e+00
8.945775092036695852e+00
4.042228660366463444e+00
9.336119625869567784e-01
3.087320903531833416e+00
5.344667886663873269e+00
1.541707645093360890e+00
9.384759157252988260e+00
5.200891273890725586e+00
5.993097149015230940e+00
2.158349793444240827e+00
6.306959818277227292e+00
2.968438663355358997e+00
1.843889977116343282e+00
1.950138185301298677e+01
2.589662300159166541e+00
6.251584864055873325e+00
9.964700215707861020e+00
5.679277380804064634e+00
7.951836007103153747e+00
1.212549948607439809e+01
7.830262576472313274e-01
9.299391621953618792e-01
4.628156221516744329e-01
2.725999605799667158e+00
3.993096425500710644e+00
1.070661456658417876e+01
4.679468701567857991e+00
1.211578936150899999e+01
6.113158175008400086e+00
9.729043113879331628e+00
1.862043227833557468e+00
1.474762516982947691e+00
3.514119252632303514e+00
4.332227540653552644e+00
2.962960843934516308e+00
5.628913596116196238e+00
8.374181130227075220e-01
1.697889276375294854e+00
5.468386755192615745e-01
5.846277741706877862e+00
3.049287548181831120e+00
5.684637226065980542e+00
7.262174629787577773e-01
1.524582400968080442e+01
1.331348300950075503e+00
3.445842595294680066e+00
1.541761447886075054e+00
3.600290671357011973e+00
1.558619847606776965e+01
5.761325055362938485e+00
1.400443878207784154e+00
4.765978962291128163e+00
4.876014892480814211e+00
5.124677126562742657e+00
1.623711707201504373e+00
8.735031631313509237e+00
1.443662101314542312e+00
8.195416206872994991e+00
1.370325932470563046e+01
6.205841505726775509e+00
4.702841936091365582e+00
2.156733254504474395e+00
1.717278978805602918e+01
6.524574335510124889e+00
1.545330390558919653e+01
4.381635118802225115e+00
2.206885308518525690e+01
8.051157843973033579e+00
2.671317232051525270e+00
1.362402163769407615e+01
2.309933477932224477e+00
5.588513044821253217e+00
1.594917488564304442e+01
7.256447199307102025e+00
8.223767877922254499e+00
2.184880219187033124e+00
1.472086052105557030e+01
3.246422858513920318e+01
5.995617158763246746e-01
5.550790898617658620e+00
3.259348409958356285e+00
9.291576076945583518e-01
2.966101329668372477e-01
1.163902611555496014e+00
1.124797172880812468e+01
1.115064179976407743e+01
3.557921971775551917e+00
7.654481147173649802e+00
1.053352791161163715e+01
5.774666998819022901e+00
2.474137719725736595e+00
3.604647021498582848e+00
4.284865605608047190e+00
1.979413079716897172e+00
2.317623098921496982e+00
2.043744188351040769e+00
4.771245275313820144e+00
2.072009541749616801e+01
3.913883999876551112e+00
6.808527577802434116e+00
3.033345796078817713e+00
1.049100672407339374e+01
7.637691468123164462e+00
1.887105827662029389e+00
6.995741597785007926e+00
5.619764687722074825e+00
9.292826633604247544e-01
3.314617364886165873e+00
3.313556902308246066e+00
3.106906237413193494e+00
5.664096162251889943e+00
1.481808965431445202e+01
2.742565381165177563e+00
1.306879265733167017e+01
3.123481325063644842e+00
3.359058212761016016e+00
1.509358027665131274e+00
2.342546377469379770e+00
2.698004719381769334e+01
4.373451419522807804e+00
9.459875345978186800e+00
3.046181062325003097e+01
8.561261755791051087e+00
3.854290887715799974e-01
4.116828387730925520e+00
4.213810365921355050e+00
1.058110774253999331e+01
5.862691195372746300e+00
7.757607758761656536e-01
8.812055487795946718e+00
3.325169493644953622e+00
3.249943055920402557e+00
1.384878322349774926e+00
6.196487822702053450e+00
5.667348131893781282e-01
1.030986901110111376e+01
4.788630058024946123e+00
1.336935581571507825e+01
6.290029709095948718e+00
3.623081764403638605e+00
6.747113290472278813e+00
1.539718942069654162e+01
2.072497515648940691e+00
4.706912551632393971e+00
7.212608350294742010e+00
4.775221175471810575e+00
4.757062044491846109e+00
8.671268443174570351e+00
6.577365126432266340e-01
6.552428439177323760e+00
8.083046299094079901e-01
7.625959247603669056e+00
7.681077780337041361e+00
4.390271392542349993e+00
8.607883999813529030e+00
4.645905284324754803e+00
4.226732244492772850e+00
8.920900332496110252e+00
2.167657210656091404e+00
3.491729453391692495e+00
2.246791106586305098e+00
2.494535305816905968e+00
2.074045669626006116e+00
3.437499069960637144e+00
6.160180632159008240e+00
1.761821041310851044e+00
7.752522876716104960e+00
2.096258887452346453e+00
5.268593634001415005e+00
4.863079246420763724e+00
5.735001312754016922e+00
1.049385078914723834e+01
2.695621083066188639e+00
3.921100547421618732e+00
4.970131234592198410e+00
2.302673001329843316e+00
3.462498052471361998e+00
1.131889366865524238e+01
7.446403426653767532e+00
8.596602502358031472e+00
4.724705377813027241e+00
3.120967184244787695e+00
3.867809866773433747e+00
9.786986296791621243e+00
1.371673145350738476e+00
9.435830071092137672e+00
7.602307538206548365e+00
7.038045852985779227e-01
2.308461856370494392e+00
1.048689970273613703e+01
6.675335737687007942e+00
7.149963782687183134e+00
1.498732729807797348e+01
1.471670859043613966e+01
6.383186611259134224e+00
3.187231723529666549e+00
1.978105549346905967e+00
3.419036724248358805e+00
4.226370043911575891e+00
2.113415749818636336e+00
5.340438610696105037e+00
4.147153392572141328e+00
2.957924703919904807e+00
1.204858305428817333e+00
1.049298727260344499e+01
6.494956886490918180e+00
6.860472479728466411e+00
3.633139707470151691e+00
5.230627647840318417e+00
5.253050594566050613e+00
1.179669506275823210e+01
9.659627874991748797e+00
7.922884866223403044e-01
2.605299872887837598e+00
5.913293060934019074e+00
7.826912268456928778e+00
5.655049811619936584e+00
8.167812183084379285e+00
3.102649163539100385e+01
3.940503017860276902e+00
1.736141619925517521e+00
8.059973989144642914e+00
2.343582266079446530e+00
2.741602006265428049e+00
3.481117159184997867e+00
2.103180144997132128e+00
3.092531135482817106e+00
3.824412284732722878e+00
8.169958069651629629e+00
1.808756157604564052e+01
1.842112645338888299e+00
2.300308353091108593e+00
1.847916360975954353e+00
9.126236375336510775e+00
1.137416557457291688e+01
1.759845924939564554e+01
9.113608995486000453e+00
1.899531647143313018e+00
4.700433262333277185e+00
3.109719528814570921e+00
8.218366764277750036e+00
3.370335367763020784e+00
4.303753344654451141e+00
3.271043272737661489e+00
5.926692811225247048e-01
8.754259894276634313e+00
