1.981164261111502567e+00
2.348046547772187154e+01
8.153061332740751368e+02
3.277859588709317595e-01
8.176291532913353421e+01
1.812589367428818434e+02
5.321334271011626527e+01
2.249240364170816520e+00
1.899715100745408725e+00
6.430151640486282183e+00
1.543801268465946119e+00
6.681305224256887110e-01
3.250552076284506597e+00
6.329123973898351796e-01
3.316100810850148406e+00
8.788687266230978068e+00
3.692754287565689797e+00
2.543539315105871879e+01
9.837239930259822529e+01
3.453487787789374863e+01
2.424724059375316987e+00
9.835959845060715523e+00
2.067026977831968537e+00
3.162778372090068846e+00
3.510712046522492358e+01
2.453582375209138533e+01
4.762282474605838090e+00
1.090519056100396824e+02
4.302194220454973461e+00
2.200124465478853431e+00
1.505430591461052181e+00
7.054472100293157411e+00
1.203400216325541692e+02
6.790683929188286783e+00
7.778733018886757833e+00
2.153547577164444338e+00
3.862781143449534511e+02
2.841870431690749044e+00
3.554035052855031296e+01
4.259845894546206851e-02
3.865507378592734078e+00
5.538342247440320776e+00
2.050873664432006027e+00
6.688135625602662060e+00
1.190677827078043727e+01
4.877226485710157711e+00
1.483354776552272769e+00
8.120656997729965951e+02
1.656928458330012077e+01
3.352540416851993665e+00
2.311147225363260560e+00
1.397539022080924953e+00
5.445002811956273225e-01
3.246896085031596613e+01
1.184893923974752994e+02
6.663762148563908694e-01
5.159832401171358640e+01
8.163839064923978484e+00
2.910831781966514598e+01
1.358334586870707072e+00
4.714365874860449779e+00
8.969604640878447555e+00
7.340367618538752303e+00
1.029466942673617824e+00
5.466014635228612306e+00
1.207914168943885258e+00
4.857466152919358571e+00
4.649469975543411238e+02
7.219291076820496755e+02
2.495311131379062797e+00
4.117125223743723694e+01
1.730199970265386300e+00
4.455050907721199849e+01
3.443538991977229102e+02
3.813227151682068161e+00
3.985098752486480045e+00
1.409180742556316090e+01
7.334222017781760883e+01
3.667062614325362802e+01
2.327874567053321020e-01
1.299872048417510584e+01
2.061589530311053764e+01
1.971953857504356478e+00
6.913589612193217135e+02
5.198854536603077392e+00
2.672003912861666208e+01
5.831373612748129709e-01
2.631228327087363983e+00
2.856328081401201757e+01
8.774725092097459545e-01
5.778890554376707733e+00
8.511698389358552674e+01
2.469299297664874437e+00
7.365892985224894218e+00
3.692621830932613314e+00
1.402242881260756246e-01
1.295416256520489284e+01
3.330315785448619295e+02
1.163723772571256809e+00
1.067951433889843713e+02
1.611643488914043587e+01
4.542800036921101348e-01
2.325320847620968578e+00
5.115363848051481455e+01
2.261987384219541042e+00
7.496526226095696188e+00
5.788794766121542423e+00
1.026145547176967598e-01
1.441061180521483287e+01
1.578563487218748307e+01
2.255039222361646001e+00
5.319834995421578450e-01
1.342148394730232219e+01
2.777965548900456216e-01
1.214681430490691882e+00
1.071598561744448475e+01
1.690005080262542425e-01
5.621155952377058007e+00
2.754686055591876226e+01
1.100149679055199003e+00
2.576365157921162830e+00
2.422649609529740644e+01
2.245045243179469185e+00
6.397428437575708671e+00
6.314836119734231978e+00
6.789864015680220355e+00
2.530701128145151912e+00
2.431305301237399163e+01
1.137225233324814866e+01
5.598327956315743137e+01
1.013318659165881463e+01
3.194939355906161738e-01
1.776421401440743608e+01
3.844535981329989305e+00
1.726833611633407486e+02
1.717132956807363655e+02
7.543159520858312206e+00
1.690322697531700769e+01
1.828328997835714631e+01
3.900071555071620821e+01
1.108967428559016497e+02
1.650021547005665923e+02
2.162784426155631934e+01
1.080770510070018453e+01
1.299531546156336148e+01
6.277787208936104868e+00
6.873826297507630301e+00
4.143146752989954607e+00
1.137121634410210333e+02
3.728608048783675599e+01
1.221884902811883578e+01
2.676864457347822412e+00
2.521765515093269272e+01
6.638198552934645669e+00
2.092920119853639704e+01
3.649696041309037753e+01
4.242418420255292255e-01
1.811583587288998132e+01
8.243513610847921669e+00
1.313706995514581166e+01
8.958235774185946410e-01
1.504355215900662568e+00
2.119879380543205016e+00
1.437304236218079367e+01
1.742506788196240208e+01
3.651941820057572841e+00
8.420491269984838212e+00
6.066774627227404793e-01
1.397344977846374903e+00
2.114819051691925011e+01
7.855699042983503944e+01
1.525269882536217914e+01
1.157917519821834595e+01
1.821488594925898763e+00
6.714844539256606026e+01
5.077770745355545046e+01
5.345600786852894259e+01
3.927526629738434139e+01
4.262578805320186071e+00
1.982688759437990456e+01
1.734227697122954126e+01
3.461649666912676793e+01
2.889814089830716171e+01
1.231233658051805513e+00
2.084373213523789445e+02
9.450563103310554425e+01
4.778220781203348366e+00
6.118839510659555003e+00
2.272332645641317299e+02
6.280803855587357098e+00
6.115054617183285579e+00
5.425448966633832697e+02
1.807980409664583931e+03
1.714551462984924779e+00
2.839435714850838011e+00
5.506509054974513901e+02
4.431466437315581430e+00
1.379817640093281783e+00
3.987767618553217375e+01
1.061281331619304780e+01
2.743928952402250943e+01
5.685369221253498040e+01
1.552026038822556231e+01
5.405767089296309003e+00
1.262469979523648922e+00
3.206787447747291075e+00
8.502548123014520343e+00
2.156324286247910393e+00
2.193196414278963946e+00
7.139905089184347275e+01
3.969965188101033959e+01
2.904384769626072682e+01
2.962972778887339675e+00
7.667496377640355831e+01
4.239357476926281265e+01
2.190111407448225123e+01
8.001713679238950050e+00
1.426330244103288347e+00
1.980234985795125624e+01
9.519213378729679320e+00
1.226459198213004598e+01
2.760838313103147534e+00
7.487433898695313061e+00
5.072858114899965187e+00
1.036163901504723928e+00
8.138390455370117849e+00
1.121508351696994765e+01
3.596212060592565152e+00
3.301174300775166159e+01
9.706883712871579917e+00
1.721292897037276282e+00
1.855295472617402686e+00
1.830150142968947335e+01
9.436872114056475880e+01
5.613531339928063346e+01
7.215809602704329961e+01
2.515078123314910652e+00
9.863530086463683233e-01
1.982692370935810633e+00
3.282272098968393337e+00
1.680075707854077294e+01
4.985666715253168846e+00
1.453594226723450618e+02
9.391216311630087854e-02
6.650872265152517571e+01
9.522855222447282886e-01
1.306140025562897620e+02
7.129095503150603141e-01
2.105267338438068236e+01
3.164580101663939882e+00
5.405006500274101455e+00
2.745827528823348018e+00
7.264719929980415491e-01
1.974704797049340499e+01
2.887989609616525755e+01
1.656251454964726033e+00
2.548776573424986935e+01
7.005597962894961839e+00
5.157173774524659748e+00
3.115959415290297585e+01
1.380031707329980151e+01
2.515275478259143327e+00
1.058798527082172569e+01
8.462188414277079573e+00
1.464789157657963470e+00
1.030635038890308586e+01
4.473465781919382778e+01
1.993712527096729970e+00
9.598032210400234021e+00
9.054709546746092519e-01
4.119137336770676283e-01
3.165037353034059642e+00
1.397996537983344645e+01
3.918610590455679610e+00
3.311151645948203992e+01
8.392537812254705187e+00
1.648212072724370003e+01
8.339576878143498462e+00
4.447502364488558868e+01
7.964056031379768141e-01
2.438300827014861838e+00
8.197348593367016489e-01
1.204569048330478509e+01
9.889212279891347634e+01
8.723054166854210507e+02
3.796479173750698877e+00
3.817570752945111678e+01
2.218948521836055576e+01
1.426910038114766133e+00
2.924732269948126628e+00
1.163900809052215823e+00
6.198812930949337385e+01
1.206470983931089691e+01
2.070880946947722734e+00
3.764341479646930555e+00
8.881465350599977882e+00
1.365039627942469025e+01
6.931094509703659412e+01
3.661856288674463666e+00
1.222007355880877277e+01
2.654182566776674967e+00
2.509956569106695401e+00
2.543332570047117969e+01
8.295872852457546287e+01
5.786533101124814032e-02
7.327957594996109947e+01
9.935229330314268026e+00
4.835949135185768633e+00
7.161695859312764867e+00
1.702065967280786296e+01
5.076791549355560846e+02
2.690880589281323676e+00
2.590735361050178653e+01
2.181921768686000185e+00
2.763377627849887830e+00
5.504961040556091145e-01
2.254888456447603051e+00
1.705102389412352260e+00
3.263845672931103792e+01
6.863458480718440669e+00
1.166190561448273932e+01
4.286226815710569404e+00
2.381289924908753974e+01
1.759933958643817675e+01
5.338236914272931699e+02
2.997486505355939634e+00
4.783185582707733197e+00
3.415854152955626888e-01
3.971867236196648498e+00
1.108194700571031319e+02
1.012406847845126379e+01
9.856061657796180153e-01
8.965658336110102766e-01
6.208281321228628968e+00
1.671733429862973352e+00
2.421433726888597349e+01
1.400387245187249885e+00
8.857723990579961537e+01
4.554958142506057683e+00
6.286533932429788640e-01
9.003874772244037095e-01
3.442464431013974480e+00
1.594463387286396916e+01
3.557156222968755444e+00
2.028527285593573737e+01
8.111565604877597480e+00
1.563938650646746709e+01
1.401473728017515441e+02
7.319190041602628582e+01
2.886977675466423143e+00
5.694193072262983435e+01
2.618611948244089405e+01
1.825223374500298945e+01
4.291080831731846956e+01
1.254938137786355767e+00
6.300993611830625341e-01
5.778186684575960896e+01
2.729320076622342439e-01
3.518474787616280075e+00
1.066695428514615855e+02
1.238525027108285048e+00
3.152106617313149783e+00
1.209015609729637175e+00
2.122585911476692644e+01
1.393265463139608862e+00
3.226906070202725463e+00
2.174954627359004888e+01
1.542726658162644204e+00
2.643588360999134679e+01
2.922418394191051760e+01
6.101623477512348614e+01
2.541360355182909814e+01
2.170361558047594386e+01
4.982513062520972369e+00
6.746088426943881444e+00
1.886440414955655598e+01
1.154274086730057434e+02
2.422518906891172996e+00
3.128795817853711192e+00
1.491775013728521770e+01
1.692611218227532177e+01
3.468870300953550867e+00
2.839167481395766579e+00
3.626663768577252700e+00
1.480082958860612763e+01
4.400896942275558388e+01
7.380046667504200286e+01
5.645120952294421457e+00
2.708421426715564850e-01
7.988088305245308329e-02
1.014490940608290082e+01
2.028014015564982397e+00
9.897621331844446146e-01
7.296042218210900820e-01
1.631992346848806719e+01
2.482598064821758488e+00
1.024435960428209613e+00
1.021124020353921225e+01
2.418429910721612259e+02
5.396675186654237955e+00
8.903560839629608425e-01
2.369528661257659223e+02
1.781463465604917085e+00
4.132271661616668812e-01
7.815388729847440707e+00
8.722743440581025354e+00
1.020747240160563081e+02
2.946061392018830105e+00
1.575664047178809257e+00
2.661370435077383245e+00
1.719361632034041349e+02
5.699508206742031291e+00
1.163102773709097315e+00
8.925033767264684004e-01
6.540257603295763111e+00
1.885291997321343338e+00
3.893786937685950988e+01
5.074322050570732245e+03
1.074253332472168054e+01
8.816349082814824101e+01
2.722930178889583175e+01
3.662874553869942762e+00
1.673099999475015087e+00
2.084047530126760606e+01
4.178562424311981260e+01
3.316106008818204032e+01
5.311007045724808862e+00
5.349538855118913361e+00
2.946722900736219231e+00
2.709889311940298384e+01
2.798089081007169057e+02
3.316658851123393870e+00
6.786869635384651822e+00
1.127684788531184346e+01
1.210369717584635829e+01
1.633739140058299233e+00
7.945379817481946816e+01
6.303491411112208453e+00
1.721652014968122479e+00
2.453529248978505439e+00
1.468529900220464812e+00
3.708899095454852812e+01
2.064996549773316037e+00
2.854553455310739896e+00
3.090203209656697148e+00
1.707650451732972030e+01
3.589096369243796492e+00
5.501305541118618692e+01
5.228208846697698142e+00
4.886585600070458213e+02
2.468268910307638464e+01
4.338729225980544868e+01
1.310008117454634746e+00
8.956564711449559013e+00
1.482475100895271147e+01
3.529344413356211074e+00
6.223906042467432620e+00
9.018740257165168694e-01
1.737918305981251299e+00
4.012643503467072215e+00
9.196368341753886622e-01
1.893602862301706935e+01
1.863987178596291585e+02
1.587196702115827751e+00
2.268439542642002760e+00
4.690901243290946709e+00
5.410686613887983221e+00
1.503718522954157422e+01
2.505402274103906635e+01
8.835459090280889427e+01
1.200103790260083542e+03
6.473652023124243371e-01
3.180238813199109771e+01
1.928707872133015755e+01
2.520958182581610174e+01
4.747251013605830394e+01
1.594779382641774568e+01
2.892291386467137499e+02
1.658739633934007696e+00
6.970265685487970764e-01
1.550204562728798408e+01
1.977456168573424655e+00
1.961729638265101983e+01
1.133647006808903512e+01
2.482109136417432749e-01
2.772252506203762401e+00
7.561927138289404127e+01
1.425196799485595136e+02
2.097039316958132282e+00
6.907546835337439006e+01
1.323822324088671065e+00
4.152001335190316222e-01
4.851653006659770995e+01
6.979133600843072216e+00
7.822621381925407569e-01
3.922783477792891915e+01
1.926013763126326523e+02
1.535313786927995849e+01
4.469784755915721774e+01
6.572363463139326845e-01
7.923577282304954394e+00
1.134375118046831155e+01
1.558391255230012984e+00
5.892927752841798039e+00
1.990219781848743708e+01
1.208304392020670015e+01
5.494988607619187171e+00
1.463327214714168267e+00
1.650083851470306895e+00
7.269049856951109945e+00
3.586425979081409476e+00
1.328080863160749381e+01
1.775610239545639502e+01
1.259328899677372533e+02
1.817371168717399499e+01
5.377506917996919711e+00
1.742396971916274708e+02
2.755262655062330168e+01
5.619415097179574659e+00
6.303806067584885930e+00
8.174780539847429361e-01
2.532252641254926218e-01
1.374147466626856584e+01
1.676932612007766693e+03
1.645969173530021123e+01
5.507845661454124908e+00
9.164411372424888569e+00
9.737572655463804239e-01
2.133911368549868115e+01
3.446958467115113933e+01
8.198131051707676420e+00
3.434796214834600647e+01
1.185645563084798582e+01
1.097042662668540771e+02
6.433719035076522914e+02
4.945246587248296777e+01
2.624050053863387575e+02
2.488040552105134751e+00
6.002324886008194582e+00
2.144740889995410527e+01
2.049997032474640832e+02
5.472466508554957088e+00
7.913347751469796520e+00
6.748748432771606076e+01
1.681413722995302606e+01
4.172594527083752780e+00
8.188213684436624007e+00
2.018294178937193983e+00
1.420410992603779121e+00
2.961841563679343814e+00
7.047548377516257290e+00
5.826549970271663881e+00
1.401449498527853876e+01
8.423437397447422370e+01
4.522766023759858811e+00
9.056217326576611271e+00
2.162002901397997334e+00
1.373975130181350313e+00
3.517879158818092833e+01
5.870279359155154530e+00
1.809618512151396530e+01
9.573410465483644316e+01
1.628038725155611246e+02
4.527115141829122003e+00
4.066116338191720558e+01
3.041943258866032807e+01
2.502261725997540487e-01
7.989239211726162360e-01
2.096240768566144652e+01
3.692497856103990728e+01
1.395445697286606332e+02
4.500811642271325042e+01
1.420856638022504947e+00
3.543155235449081619e+00
6.173545278464844799e-01
1.812635597235258444e+01
1.137702570590568341e+00
2.380272349454472636e+00
9.888030977213174699e-01
1.851272788052583385e-01
3.317991334836871715e+02
5.135252645612673916e+00
1.512789849730774705e+01
4.025233151152435518e+00
1.247286300707390865e+02
5.707828107204337975e-01
1.226889751017854451e+02
1.591749417569891634e+00
1.549315161932778651e+01
3.170792292272589208e+01
2.214316945328156816e+00
3.842092108393010630e+00
1.319028345391276114e+00
1.369150359215910555e+02
8.929405828322369842e+00
1.755775807218963180e+01
1.185293770206610420e+00
4.008757711534486567e+00
7.772276785529550480e-01
2.075325489508951460e+00
3.916040809567593328e+01
2.843732656638718481e+02
1.137804565721557637e+00
1.159811833454658903e+01
5.714607260168096392e-01
4.301497273172134150e+00
1.029079767611090013e+01
3.826409054168341299e+02
3.018219271990830954e+00
1.230847877436985272e+02
5.084112252264164633e-01
2.516071411658907575e+00
2.204252931418832162e+01
3.967459624613736224e+01
8.321945252610206012e+00
1.158340248145203155e+01
2.413689340611479217e+00
2.598277121151305380e+01
4.029126507662540213e+00
1.071375986234420097e+00
8.665907922635140537e+00
2.237861629696597188e+00
3.555968862101095738e+02
5.022265358740818328e+02
1.333985071962944913e+00
8.942442014207966139e+00
1.132741559623620908e+01
1.391539256392711188e+01
3.254113815424216405e+00
1.838126033354296807e+00
1.868843058184488726e+01
1.738850619915176976e+00
4.465380023880545224e+00
3.288533866713091225e+00
3.333826952138441158e+01
1.441847166056967069e+02
5.972303602507995635e+01
1.696287023273175691e+02
3.191044308449938427e+01
2.102935845350858557e+01
1.508465681895924781e+01
2.196415461363859549e+02
4.611210830902829017e+00
1.463563205940510770e+01
2.764015887168176988e+01
1.205215981530518654e+01
4.893043732313024918e-01
7.140490641021782992e+00
2.748558175200805476e+00
3.964563949635215412e+00
3.592770954273023509e+00
4.918986684474989346e+01
2.586776568844864066e+00
7.844707414682070556e-01
2.744086477081143727e+00
2.469730832729812064e+01
2.493218015364566664e+00
1.085605567373415514e+00
2.884140756929073746e+01
1.934968099188563162e+00
2.603271682482713345e+01
3.245183404905347402e+00
2.159317071609341383e+02
1.787836114345040528e+00
1.681641851874167981e-01
1.245760321365047218e+00
1.825594453761229374e+02
1.696176543057603681e+01
6.893793870431832005e+00
4.587607974822747181e-01
7.895160494647375238e-01
3.563168759388849338e+01
5.841293328698301934e+01
1.693974020097665623e+00
4.629898547279807097e+00
4.616466825160967069e+00
4.765302870101292143e+01
9.252157985119623618e+01
1.617981052487066584e+00
1.233185096349808241e+01
3.383167612668004587e+00
1.096348688594450849e+01
9.038552304217037658e+01
3.603489336991765768e+00
1.359943713636525997e+00
1.652849361868058864e+01
7.421402186201038376e+01
6.457024054354116060e+01
1.963444941936735404e+02
2.385779935975046229e+00
4.131033313088845915e+00
1.710890227345266723e+01
7.148966635247774093e+00
5.326692917582431797e+00
5.625933896471401852e+00
5.455931725680831512e-01
2.976361593895432200e+00
1.706508055538851565e+01
1.149893817660966100e+00
7.243519451584541358e+00
2.716585290819153897e+00
2.408678742281075813e+00
4.243738061778731918e+00
3.697259721182591363e+01
1.729367340313240575e+00
1.204884380901020258e+01
3.379923176818878972e+01
1.561861142862062025e+03
1.367143077547292478e+02
2.478052829984298100e+00
5.128152595269627056e+01
1.657043603566984302e+01
1.941254893372815760e+00
3.145643969150323755e+02
1.539100533738642640e-01
4.216302948448346299e+00
4.566377033455434331e-01
3.402396473760828144e+01
5.658331897789557807e+00
1.254053114947688563e+00
4.245916437039287672e+00
2.976587798009754238e+01
2.443151856523307242e+00
6.029942376775180080e+00
1.367750218844308696e+00
3.013068592241580745e+00
1.073814677499851600e+00
1.465238826554452256e+00
5.291957815717426428e+01
1.024293500994767570e+01
3.087950696770508596e+00
1.420259112767087650e+01
2.992009944387561404e+00
1.976821977335639247e+00
2.136826794118646689e+01
4.501675704988920002e-01
3.393578234332402133e+00
4.789098963592259395e+00
1.953096586138248103e+00
6.028451351093656818e+00
1.196184463643999152e+02
5.290817406379007437e+00
8.488380132771929709e+01
1.405496200145565311e+00
8.567093755939659161e+01
3.006335185625352580e+01
2.100926036722840706e+01
2.774428248566705446e-01
1.712609698787001093e+02
2.042105741241665717e-01
1.640671149628000869e+00
1.002716547519588985e+01
3.252652937519466381e+00
2.319605234984116748e+00
1.051657650027723534e+01
4.531933096952274753e-01
2.048413787794731433e-01
2.103557841941184892e-01
9.946091284678063582e-01
1.148208480830504419e+00
7.406903429149259921e+00
1.696816532443444885e+02
4.689121950597249011e+00
1.889426929066630123e+00
1.053021896437259741e+01
2.388990752070846213e+01
6.949088992588338343e+00
4.907626246310217155e+00
2.449421624179676515e-01
3.546324097829218402e+01
8.398933015536634628e+00
1.271541140612742282e+01
1.127906066299152688e+00
7.683542263277639783e+00
6.251243685448683607e+01
9.114991279233052524e+01
7.708862164255592120e+01
7.732275499426853571e+01
2.167389145641395487e+01
1.628246484733155031e+00
7.687524804300500136e+01
2.012778605106820162e+00
3.539298550772784324e+01
2.197375513247280310e+00
3.165835410254147941e+00
7.802785205736189766e+01
7.113060710032175216e-01
3.796003398487422231e+01
4.314197304267015198e+00
8.309201182958315002e+00
2.158524415183424583e-01
9.594172247202223502e+00
2.555469872901159789e+00
4.407549724555655501e+01
1.665416633982312655e+00
4.985873820536063761e+00
1.152937857015122916e+02
3.486158406793092190e+00
2.204276249365300533e+00
6.756546941510398474e-01
1.571826225925271956e+03
2.132702615380568716e+02
3.466961154452308591e+01
1.164766696817804643e+02
2.008025063145907652e+01
5.143102133502446272e+00
5.592738847490062781e+00
3.206150739858251608e+00
1.820998360194703380e+01
1.716113928389826171e+01
2.971244169567741178e+00
1.202885578546950551e+00
8.503264988165487921e+02
2.040162125202039878e+00
8.565591385569007343e+00
7.428388659766818947e+00
3.177837882289636440e+01
1.122849701988885229e+00
2.035775686342185509e+01
4.259076286428704350e+01
4.598388626194136464e+01
8.386654169238783041e+00
1.789736074456750998e+02
1.344545063961908093e+00
2.300193932592895152e+01
1.013728008892903460e+02
3.690043148026151520e+00
1.562157654161900222e+00
9.881737083357890583e+00
5.555388471589353117e+00
3.731640185554921718e+00
4.996874896016942458e+00
1.188804590929166238e+00
6.638555329291238039e+00
1.674553014185539423e-01
1.756775840201843408e+00
5.213193163021674792e+00
6.618820359049287561e+01
1.792735403339123579e+01
7.001635833032603173e+00
2.120565404988853597e+00
7.740913287532158904e+01
1.478333872955098727e+01
3.071353545547397346e+01
3.203460057949759854e+00
9.186217404790273378e-01
5.827131247559331761e+00
1.474209469217866442e+00
1.164205337539138974e+01
5.126364814707706330e+00
6.985771327669382913e+00
1.601359872935743889e+00
5.928260331932507121e+00
9.211060949089761252e+00
6.864954553041404495e+01
3.402910900050312826e+00
3.017842627229410937e+02
4.990956097701115368e+00
7.504739036202248137e-01
3.158870889247085145e+00
5.975359196712300758e+00
1.662504099424981785e+00
2.966310620159627320e-01
5.093956157807593144e-01
8.154898667943902524e+01
1.139548338427754492e+00
2.808759289366537359e+01
4.670981801792397192e+00
1.251742831009302570e+01
1.268731309598920802e+02
8.325321997730422652e+01
4.574836388315736357e+00
4.259127198795042979e-01
2.050696340252091687e+00
3.560283609867899202e+01
1.313137719790597657e+01
1.987719098837884557e-01
1.390458718964635798e+00
5.122231526998960227e+00
6.467835862997693752e+00
2.519567898924621741e+00
1.144246443057184237e+01
3.239768661521114268e+01
1.489535683053409798e+01
6.044206033233459507e+00
1.065098262338508711e-01
6.706199014432285388e+00
2.501440405122647981e+00
7.307445058818560213e+00
3.440950210963116707e+00
1.349336335651962671e+01
2.976195444527657230e+01
5.108268787914922449e-01
4.255558954930046411e+01
8.833723930273675862e+00
1.274187656113287659e+00
7.248355966701949704e+00
2.484323250513554182e+00
1.588734383216990764e+01
3.551862732241174658e+00
1.923639512457013723e+01
1.744116272236634870e+02
1.705875105230382216e+00
1.107198832150902206e+02
2.453597035666135628e+00
4.417220955027993767e+01
3.869121798088647779e+01
3.280828945077295344e+01
2.041450238817507756e+00
5.495045795128038435e+02
1.373968545979697975e+00
3.188243283581791587e+01
2.793776462560070839e-01
7.030033801957227269e+00
8.901146278879158658e+00
1.433032633352603558e+00
7.602190931066009405e+00
3.025127089758396504e-01
2.730205834899723527e+01
7.006298691718233052e+00
2.289390303711719366e+00
2.414771618801752240e+01
6.019801334403971360e-01
2.455685402543160833e+01
6.719891443958935007e+00
1.109992823280452567e+00
4.252155882406467668e+01
2.450569820800425802e+01
1.154440890673033948e+01
1.373273433450441061e+01
1.052049874859723211e+01
5.352771705743710129e+01
1.443863635927912226e+00
2.752424084785829450e+00
6.651176585180746059e+00
1.102103603531336091e+02
4.034560571033492238e+01
5.444247391744218012e-01
6.791733454389865976e+00
3.102578291194923565e+00
1.696671467748833484e+00
1.170774468146575653e-01
9.181174684199180369e-01
1.319933025841980134e+00
6.291751756794787553e+01
2.527658233809853883e+00
3.017950562285583338e+00
3.000117162709111085e+01
1.169541560187789875e+00
3.291952859547794219e+01
1.436113040044053601e+00
5.259813527415943213e+01
7.686499385297447695e+00
1.557986611270548849e+01
1.263221459935704116e+00
3.190228508776006944e+00
5.482361039149275861e+00
1.405280666908632980e+01
3.370345588523944724e-01
4.738489970172066990e+01
9.819361071890579495e+00
5.280889677647773084e+01
6.341397526981346289e+00
8.201283371641487907e-01
1.131495219296289356e+01
1.343259465765338234e+01
7.953653994880259148e+00
8.460302140680234118e+00
4.556582460976804860e+00
4.677053732645999773e+00
2.617440546940688950e+00
1.079542576768006246e+00
5.093704871206989893e+00
6.763884113647183227e+00
2.697482010033073863e+00
1.852840706576702967e+00
4.579125759544650620e+00
1.636944206848528927e+00
3.559019064664973087e+01
4.771138805204692090e+01
4.943205116726300474e+00
1.493234125967239265e+02
1.417847974387846932e+01
6.645169324584219339e+02
3.674877419840718140e+00
2.644362503920050145e+01
2.000335413674092138e+02
1.471769580005396927e+00
7.073439517943668875e+00
4.186224893950304704e+01
2.615233849319893125e+02
6.675293200892022938e-01
2.006069063385986908e+02
8.908518574978205873e-01
2.591179284877699160e+02
1.010181944803434021e+03
4.868934284112795297e+01
1.400631522858167388e+00
1.894914264633543155e+01
1.191788684910954021e+00
