2.463577675463689332e+00
3.071425626748652604e+00
6.631360011473736993e-01
1.612547827754310248e+01
1.083166967122703994e+00
2.151638989042753192e+00
1.783147098016358401e+00
5.235457360047087727e-01
2.541582219722361202e+00
1.678846755061869445e+01
1.857981268529823371e+00
1.397525466697322472e+01
2.098651634599275617e+00
2.287613007042266666e+00
5.080760998192648259e+00
3.511242396578865055e+00
1.982118257888212609e+00
1.345122985195511589e+01
2.359755284611537718e+00
7.931088959286282325e+00
3.852328232950382736e-01
1.601869866146764299e+00
6.786942246395479827e+00
2.247967846290191307e+00
3.831213744266944055e+00
1.441554397398787657e+01
5.467470820668193232e-01
1.871749804878132473e+00
8.190077563020425888e-01
2.990590277600623903e+00
4.592963682013309068e+00
3.658259023738461568e+00
6.746934001331100106e+00
3.664216425685603795e+00
2.657830161921038581e+01
6.072861657794214274e+00
2.907525822081840516e+00
6.657874163574279081e+00
1.030406771836863022e+00
9.106612619965555044e-01
1.321762998823717794e+01
1.800697246887558389e+00
1.154272037766613579e+00
2.690596133853140337e+00
1.476852081786048876e+00
3.352394143333206955e+00
1.053623702378446492e+00
1.684914810915601358e+00
8.172981631686189630e+00
3.973728106590856068e+00
7.415105582339123202e-01
8.703492023272636047e+00
6.961732489961039994e-01
9.722203229661298129e-01
6.899370524276036143e+00
7.436992248148452056e+00
6.783553712186765061e+00
3.335800057445369671e+00
4.417605198051619553e+00
2.240801869616968922e+00
3.633453576922464734e+00
1.316255134531311555e+01
3.234989148349921351e+00
1.282244875631999292e+00
4.139513561899139660e+00
1.530861837418873161e+00
1.235632992691836129e+00
4.072517724657991778e+00
6.303422776302756159e-01
4.507865461465514478e+00
1.255192888397151485e+00
6.241514704333200214e+00
1.749932924341404572e+00
5.485311093988323172e+00
1.944504737806789896e+00
2.156019396211987527e+01
9.029915033741813701e+00
4.871900702813526607e+00
6.554253183044119524e+00
1.058209028169882826e+00
1.469344327577815523e+00
4.269851338538717300e+01
6.514572656898633518e+00
2.109307869610062003e+00
1.804814139220698888e+00
1.895665092835970178e+00
9.029343473621397109e+00
3.050195481590152191e+00
5.022804198968634282e+00
2.292729808507929956e+00
4.316652467484740185e+00
5.133154049858635659e+00
8.092737126254565538e+00
3.994501445099578607e+00
2.706057086808491441e+00
6.400020962383827339e+00
4.394136941933140861e+00
3.115715690109195357e+00
3.331417826471661403e+00
1.019268785795843346e+00
8.179210191886989278e+00
4.188025003765510235e+00
2.227496925985550380e+00
8.693105339071687254e+00
5.422318920028905254e+00
3.666108627281867260e+00
8.134310656533942918e+00
2.231214596084746482e+00
1.929910387432376417e+00
3.789171476198196498e+00
1.766402638706788597e+00
6.383215759340060913e+00
1.179268227485042786e+00
3.364735530327607194e+00
1.354058716708042009e+00
4.722173216350473268e+01
1.445841287275077214e+00
2.075508313249729841e+00
1.432359846587944796e+00
3.926947079894582693e+00
1.427836753817054039e+01
3.332188141185224439e-01
4.860075034320530563e+00
5.499921504922479443e+00
1.142586661561638373e+01
1.415355382794150430e+01
1.277137210518692001e+00
3.319159323344720747e+00
3.793999352306724582e+00
1.216178675342954207e+00
2.536918892907848111e+00
1.727624311835733062e+00
3.484382788000597309e+00
2.241191477013347111e+01
1.299793259017512748e+00
8.580122144812574181e-01
1.317830705103531619e+00
3.539123818995610904e+00
1.567379729735761451e+00
3.507422311740411747e+00
2.611917559270520428e+01
2.118561734928777973e+00
5.057556678250341164e+00
1.154745955882598540e+00
1.112374658127300631e+00
6.064797916797830979e+00
5.791874798032448091e+00
2.268368665315944721e+00
2.944934122759739203e+00
5.991009835675185968e+00
1.570882540573712127e+00
2.973591159159075126e+00
9.961959048074254808e-01
1.088133856338264094e+00
4.661137630861329484e+00
7.535550412963998301e-01
1.417723095889325791e+01
4.398378562171315842e+00
4.958381544403302144e+00
6.450997227361402686e+00
5.246543658223903783e+00
2.761751407100465183e+00
6.207506820688680760e-01
6.353818866704175505e+00
2.054900233509516116e+00
1.111464535396253117e+00
4.038630325117803288e+00
2.145967038202448940e+00
2.147805449246043885e+00
3.715639168956673899e+00
8.727540326222744227e+00
1.665527534868733062e+00
1.564895647251104860e+00
1.272101958498293861e+01
6.666625999790201540e+00
4.408387964093688716e+00
3.598115890966345987e+00
5.645786176625495756e+00
1.352631204505549967e+00
2.104155472022587237e+00
1.161589211326510496e+00
3.488264403702227234e+00
1.025297861371061181e+01
1.170509442904944208e+01
4.129427965791425237e+00
1.544880306729138120e+01
1.191323367367641595e+01
2.021600618214898226e+00
3.932154525939335787e+00
3.327108648985436457e+00
5.674189411086572044e-01
8.023153967181496427e+00
1.120780772275518533e+00
1.916903293537363107e+00
7.569268491517858521e+00
2.664823429243162956e+00
4.834630294942575901e+00
1.389776580570011788e+01
5.725612852661560837e+00
1.317004588468010384e+00
7.289749199287265391e-01
1.258014969899378777e+00
8.916247323113780654e-01
9.327904831048506651e+00
4.152739343895459179e+00
7.121468995483925646e+00
2.688062792107991594e+00
1.457321922576557682e+00
2.592046384877992438e+00
1.498604913034489616e+00
1.229034627046282635e+00
1.648393126680493204e+00
5.905815916740897897e+00
5.535596530266597703e+00
6.091952571760581137e+00
7.165880111175305878e+00
1.939009215166529687e+00
6.124412350765144453e+00
2.079867357697978747e+01
5.900708323729980664e-01
5.359683480739521499e+00
4.568747490490020269e+00
1.734214917128407141e+00
1.025802025569092635e+01
1.205686972861079731e+00
3.799622849741853159e+00
1.114435526142864230e+00
1.421101249886664863e+00
3.524569189309152417e+00
1.486676016544767265e+01
2.039678355535992527e+00
8.575613725695836465e+00
1.005678273383646459e+00
1.774108169926488898e+00
8.244306361438351161e+00
2.185390493593066807e+00
7.470493815373757229e+00
1.573112258363205740e+01
1.666023739384385971e+00
3.663341777653466025e+00
1.064733201850514899e+00
1.318558756733760662e+00
1.429307912490210519e+01
4.572162649395879797e+00
7.632007614074179713e+00
6.301540275468767049e+00
5.556260586237353749e-01
5.461958799605952208e+00
2.161111503912305221e+00
1.666441208962036313e+01
1.357573142207382455e+00
2.826139252790027534e+00
1.744292588807458344e+01
1.440122006282778422e+00
5.485215652043601509e+00
4.638455684956137581e+00
3.326254393412729105e+00
1.202810798356663158e+00
3.756199795345413595e+00
1.180237536344395322e+00
9.899763365492011857e+00
1.015195354556047036e+01
3.704265220594869845e+00
5.890393557865542640e+00
9.157767503241261986e-01
2.586232511744727702e+01
3.976639973562062558e+00
1.786443357376472196e+00
5.565151291613439355e+00
2.570548825075321009e+00
3.533920795677973903e-01
3.012866619543677071e+00
4.310856414667542325e+00
4.005157561618768014e+00
7.565475501516104373e+00
2.915154245372221009e+00
4.239157030353934985e+00
3.771385296776890073e+01
1.166684685634590268e+00
6.976589780530815244e-01
1.952806125328069298e+00
1.687912187176332512e+00
2.694693743106014061e+00
1.728926582869204864e+01
7.922099206194387122e+00
3.855278759801088917e+00
6.033506417584835191e+00
1.233836475869970251e+00
1.999983925356324521e+00
2.925767664938621060e-01
5.263243292094867520e+00
4.413637342502862104e+00
3.998213605043733576e+00
4.047649106440180944e+00
1.778826855488141945e+01
4.505356740638602475e-01
3.367683657236714367e+00
2.626939104882130671e+00
1.638117317929469152e+01
6.794372347120251732e+00
7.526998116680397644e+00
1.420876270385048823e+00
2.645898380982487197e+00
9.950798625037978740e-01
1.026339878088896373e+00
2.989635872850520570e+00
2.574385111490423483e+00
4.586607987403964692e+00
2.161195050082842961e+00
1.865260103582054185e+00
8.562890858627982826e-01
1.588634762776157228e+00
4.086361836956227123e+00
1.954645040642014830e+00
4.883721314902045307e+00
5.695331757437511300e+00
1.235792770644076777e+00
4.570272406451643121e+00
9.277587543112099766e+00
3.665086546088607733e+00
1.674264515540607956e+00
8.891045752797314350e+00
1.379088821548157595e+00
3.550454085053560416e+00
1.035013773000087678e+00
4.538345814184442162e+00
8.382644898001593292e-01
1.007725170088192712e+01
1.664305125701536214e+00
1.925373724235243111e+00
1.194706736922436452e+00
1.612153324819689759e+00
2.469937602871625781e+00
5.927210103274398456e+00
4.059720774064449422e+00
4.226505200161557951e+00
1.709311241324402175e+01
4.762082394835988275e+00
4.579091547591529476e+00
3.787923633047119765e+00
1.199799193204915460e+00
3.910179493369348780e+00
1.551849429287349036e+00
5.345752033505215550e+00
2.340582248845218594e+00
1.617826449756919471e+00
4.363608341195504892e+00
4.735667823123418430e+01
2.966199585081715995e+00
8.866655184700061199e+00
5.921673103851370357e+00
6.542765567092660106e+00
5.692655392660976865e+00
2.835465093224308841e+00
2.042061573526859775e+01
1.677372230608067838e+00
1.632286823301082279e+01
3.623660222910519035e+00
1.585875518675408546e+00
4.865561915346137134e-01
1.166032200615539249e+00
2.677470581237684044e+01
2.143376935308423548e+00
1.556790250238579310e+00
6.032267214074018558e-01
7.479369452074305258e+00
8.313433861219795551e-01
8.815282202148541302e+00
1.577045789998083425e+00
8.974046038358000743e+00
2.667529124281325714e+00
1.688046970619265785e+00
1.252432771713958815e+01
1.557395845978841065e+00
7.854586679007495320e+01
8.204449206845570330e+00
2.127981072145268371e+01
1.816995503778409926e+01
1.426579398493466044e+00
2.376568780119283630e+00
3.354136842166369981e+00
6.104650845308253082e+00
4.572389430138770194e+00
1.859836491063014563e+01
4.278397376328473278e+00
3.681954663759788193e+00
2.040494757008371796e+00
1.768644485064104543e+00
1.781000714395793993e+00
2.544747451361149881e+00
1.199870459099600550e+00
3.696205629860456643e+00
6.101425452803939109e+00
3.361529263559204672e+00
2.980494268653098189e+00
1.756173249808244963e+00
4.087389146964916620e+00
1.605736344095155843e+01
4.561417798794508371e+00
9.045339731313820408e+00
6.211081324905450174e+00
1.844855495775023257e+01
1.209955880336137213e+01
1.388377618341567121e+01
6.553788715052019098e-01
1.407123489541335148e+00
2.051674080488470331e+00
1.163183161848173519e+01
9.597889274655320158e-01
1.009978679899031029e+01
1.272995753842636368e+01
2.482410177133489171e+01
3.516363162717046631e+00
7.863085057995984339e-01
1.036074603040352260e+00
3.775110960589453502e+00
8.539714350680412958e-01
1.461890403536284966e+00
2.383880316516109321e+00
3.036918810373252064e+00
1.133379647844473936e+01
2.600443974961567317e+00
6.423242919644195581e+00
1.179248806508134795e+00
2.070362665948018321e+00
2.981988572650696057e+00
1.947054560608320273e+00
1.819086621588829944e+00
1.876501519901059289e+00
1.444213415477714646e+00
1.051820954288533727e+01
2.249061269152102138e+00
6.819798435897089561e+00
3.154930256291906154e+00
3.841483647294942294e+00
3.224757576041948681e+00
1.315609562749921047e+01
3.707229070948935057e+00
3.048421744950623946e+01
5.935703150610486034e+00
3.782939241992432144e+00
1.893762336565369964e+01
2.542615008901240703e+00
7.009237275168347381e+00
4.043228005385781643e+00
3.617949018671234196e+00
7.691757362194528547e+00
4.108153904584009197e+00
4.579050945339555589e+00
1.380769124038332851e+00
6.730775245545014274e-01
7.585748671578785851e-01
4.983348757566422371e+00
2.399509987613209550e+00
2.737935059366884083e+00
1.378274618113042083e+00
3.232315993812192811e+00
2.495073600957215199e+00
1.108358573264019320e+00
3.071697568483314544e+00
3.403362517733261594e+00
1.389433729199946299e+01
7.143549327465578358e+00
6.655390362167751483e+00
3.967440084805866185e+00
2.606986788493598439e+00
2.693513170769497478e+00
2.736078185370998117e+00
4.461593690939610113e+00
8.227204064166869557e+00
2.335219896693138342e+00
3.252912745731131317e+00
1.822468095224603246e+01
2.566272802002837139e+00
3.184882458178364129e+00
2.796984405530496876e+00
9.161710130311652378e+00
6.731257585134448052e-01
1.555039263570984431e+00
2.085773616821922083e+00
2.673437903032239049e+00
4.283042106893600875e-01
2.102723819492544610e+00
1.602659372995621334e+00
3.866766481055729177e+00
3.629965974792771277e+00
2.562193677986441376e+00
1.770502357849325303e+00
1.257578362391180038e+00
1.690593970757387376e+00
1.609867981859902430e+00
3.637391102922383768e-01
6.590683355523291986e+00
3.823089694188947618e+00
5.359130334329202938e+00
2.023770429074864374e+00
2.388089486120144045e+00
1.822100565662084559e+00
1.118380643817030951e+00
1.573081445877979379e+00
2.230819025969442926e+00
1.066151242647507402e+01
4.686928876179933257e-01
1.483454099712336216e+01
2.086063387021748206e+00
1.111239146427953184e+00
1.164397718323629682e+01
6.083212975388406107e+00
1.357249652302644094e+01
1.091451005464555202e+00
2.126000375436909096e+01
2.789600095982323502e+00
1.142903275094857563e+01
5.471728789245134950e-01
2.703782287276022434e+00
2.117572268182058792e+00
5.833413776842647280e+00
4.336172835028369477e+00
2.766221391593681744e+00
7.175007044831996694e+00
2.035514201928795952e+00
4.654448604529706657e+00
4.414935619259949817e+00
8.168702766656775083e+00
2.574735583046659837e+00
2.872194305444678797e+00
3.596605757394837788e+00
4.174465557369011925e+00
3.194629663060044145e+00
2.357252474939401043e+00
1.956922109403484988e+00
1.002870354380508866e+00
1.155164626259542526e+00
7.121249055254207150e+00
3.231801595051813969e+00
1.990578395341795925e+00
1.479488715391063414e+00
4.536161586032237736e+00
1.391804082688470334e+00
5.909460717753508341e+00
4.440383077771484110e+00
1.859745458208798441e+00
2.601334804956145774e+00
1.058680245833219757e+01
1.814242752776028977e+00
3.404752318118599685e+00
2.574070151214140623e+00
7.658889768032127066e+00
1.044859035724939744e+01
5.054433598132622052e+00
1.468393349562285399e+00
4.294557927183381807e+00
2.626293097232268003e+00
2.432911593084071455e+00
1.148480789727933882e+01
7.064093290282820625e+00
5.294855181825059098e+00
1.102146739284251531e+01
1.235099211862824342e+00
1.036853308171470900e+01
9.368043609374032687e-01
1.172709216964697543e+00
1.999311154691775227e-01
1.826727104569665583e+00
7.038527892702779454e-01
3.479476922955077267e+00
4.288530173588945615e+00
4.680753993424215054e+00
3.528615231818545972e+00
9.325872807726684144e+00
1.649635059723743025e+00
1.090178520419275321e+00
3.520109935301516835e+00
1.746726335618365766e+00
2.818646238616765487e+01
4.430295208632998083e+00
4.298508844794138639e+00
1.521907016394338008e+00
5.559203963583934094e-01
3.730657780653892530e+00
1.013637571758383338e+01
2.621741949421614759e+00
7.903272515845746859e+00
2.828516370613760600e+00
1.001339706622146331e+00
1.188939948382598200e+00
5.363681551556787497e+00
3.692187669624688695e+00
2.453025587386796769e+00
1.799323804733292320e+01
4.734079492844483483e-01
6.066666199533798931e+00
2.960490472523339633e+00
4.981900109129471232e+00
1.979483030147471734e+00
5.065116372396289535e+00
2.166375931831572288e+00
4.355187386928887960e+00
1.678435799027307551e+00
1.457144789873225221e+01
2.149241681812070315e+00
2.196579945934066025e+00
6.405121289735025591e+00
5.421223774277721397e+00
3.015941832981810400e+00
2.985501430487818908e+00
5.634153805807764925e+00
2.481456408786094414e+00
4.021873391724975377e+00
1.770680410881984912e+00
5.798972508489020683e+00
3.250484661973379041e-01
1.267411604701458749e+00
2.463559364683149955e+00
4.741537521317216175e+00
4.205852463274172282e-01
2.072091332224401672e+00
5.661884562486006800e+00
3.590695910618291631e+00
1.350650622579252413e+01
3.805158082450623147e-01
1.143338432536875615e+01
4.197099073204027420e+00
5.395387718480686878e+00
1.755543236777408422e+00
1.819534807372296559e+00
1.703273590083573819e-01
8.155293084595459874e+00
8.536451789789531119e+00
1.365096410659782489e+00
8.819602945417721607e-01
1.208180752416069925e+00
3.237739939662086730e+00
9.574266196456715505e+00
1.313722019299349286e+00
2.277758928495561719e+00
3.644304224044328855e+00
2.332430527557486588e+00
6.922475411056601136e-01
3.766300436477165281e+00
1.752996119882973103e+00
8.691058865105102393e-01
3.712536557343185883e+00
4.033382167647773464e+00
1.290521689831449104e+00
1.166337608818875271e+00
4.262016380023828432e+00
1.807124929345823805e+00
7.657140192125632794e+00
3.818471145312655413e+00
2.667886124177574647e+00
3.428277374089474083e+00
9.920133886895458275e+00
1.167164255384964733e+01
5.685759567861911279e+00
1.105606583852803126e+01
1.947634893028451941e+00
4.257982679086432576e+00
2.274463809993807040e+00
4.284681348376961019e+00
6.543967362897083362e+00
3.905292298582978106e+00
1.964789943494753111e+00
2.535659118702088044e+00
1.784808815882100719e+00
4.283433756117405622e+00
9.667286346369472483e-01
9.031487498332815278e-01
1.053467395993894939e+00
1.845706460233392132e+00
6.242586611051275547e+00
9.265785525816879087e+00
1.068452382573859660e+00
6.019132203874049125e-01
1.414066865592694011e+00
1.241683527644968033e+00
2.462343130598048102e+00
3.999836116325031998e+00
8.753011957245671937e+00
1.035874001731320382e+00
6.609834383966778582e+00
2.839493488010682576e+00
5.793564127771009709e+00
4.445042617308793353e+00
8.685252923812781800e-01
6.793236596081396073e+00
7.898512275961612872e+00
2.759634331014068742e+00
2.158670850312652156e+00
8.837175452941922416e+00
1.276093827365682287e+01
2.298327804024179244e+00
1.733818425428867771e+00
7.441869310295503581e+00
5.821149668812827471e+00
3.773189802435919393e+00
1.341501825720571084e+00
5.125862555313479341e+00
1.011977052119401588e+00
2.286276550236416405e+00
4.365454415456474280e+00
1.393850628858543717e+00
3.946060613172054143e+00
4.545218645655581535e-01
4.876205007410352898e+00
2.871121316337969631e+00
2.831480595896626795e+01
5.055750795024035682e+00
7.506939819774641975e+00
1.531712340789935567e+00
3.874978891171658724e+00
2.270902335404070271e+00
4.769616021817672191e+00
3.189548349019630802e+00
6.595493136358254738e-01
2.352808057258451324e+00
8.999494061046445781e-01
1.750954393871174020e+00
3.730846589708822325e+00
8.833880786799156226e+00
1.787722632457683813e+00
1.089789933625121998e+00
3.091436703051790857e+00
2.662911544552283294e-01
2.923044395085294234e+00
6.227777528141156260e-01
6.614910390981686206e+00
3.818994728180770348e+00
6.705092939927636664e+00
2.315875364263754399e+00
3.914382475577802722e+00
5.925539547858510225e+00
5.181302098228926845e+00
7.608123571087912485e-01
1.460821856752384296e+00
1.312875511835696729e+00
2.652578568883031895e+00
6.061240373210040389e+00
2.604035760595430737e+00
9.036894317419111866e-01
1.602749587888421701e+00
2.819634741650596244e+00
3.366126130969491648e+00
4.664785694694636220e+00
5.292725917837982630e-01
4.420678598049891050e+00
4.647421807824115625e+00
2.507873544569591928e+01
8.439472498557563540e+00
4.636021563544205359e-01
6.582945169049226664e+00
3.724568022430472691e+00
1.212317643882997675e+00
2.574424544703415307e+00
1.888395656234366893e+00
1.855902641301285350e+00
5.905080101067384568e+00
3.287035982955211377e+00
3.119615062154986518e+00
1.103730941477741867e+00
2.259513727620954704e+00
6.994744005351804184e+00
9.040565185928524983e+00
1.582781194502822952e+00
1.557725110464285523e+00
8.880046330124375942e+00
2.219862662292450217e+00
4.768308415309344461e+00
5.598114989384825879e-01
1.442153675532867219e+00
3.536908737586204499e+00
7.057977879880894534e+00
6.557548741547204685e+00
5.338344866358512242e+00
6.332905788849506834e+00
2.538882104943731122e+00
3.628782208891255801e-01
1.116432069960056772e+01
5.199294992729799780e+00
1.925987643810918470e+00
1.828091834356083023e+00
1.283087272417477331e+00
1.510887198238926921e+00
5.943063850703882878e+00
1.308459370625126184e+00
4.226839261058771835e-01
2.410590828127118890e+00
1.796092047076246923e+00
2.899770033320479556e-01
1.789007051367677681e+00
1.579110271132336374e+00
3.841426538237262989e+00
3.009559357096171173e+00
3.270927256341090938e+00
2.099847144563360857e+00
2.080506154974294475e+00
4.412827189934481531e+00
3.453846648334140568e+00
4.624983428965990129e+00
3.762455076384396691e+00
7.111165260764487961e+00
1.057635481376089537e+00
3.971806186380117509e+00
6.664524086273652337e+00
7.143514854812677228e+00
4.121878721112937960e+00
1.601202777901223673e+00
3.503408444821264567e+00
2.222276113062374492e+00
8.376362990135616471e+00
2.195216353257444464e+00
2.352500639178284114e+00
7.747368978883498736e-01
3.442442817070992866e+00
1.198804798222704138e+00
3.400542060255354215e+00
4.770069154379148912e+00
4.318920326172504431e+00
1.023315802120903895e+00
3.833718399270409360e-01
1.630342927286200672e+00
9.187893624721725772e-01
1.404450469964755754e+00
1.227122097230819442e+00
1.407408217651492155e+00
3.237476028680029039e+00
6.229191587308690048e-01
1.133583387599129537e+02
6.796426013631590157e-01
9.944811454290599650e-01
2.096636844160657631e+01
2.392859038088216650e+00
3.224074877269944128e+00
3.777530070487996827e+00
3.837507879808931044e+00
2.472296445918750862e+00
1.885474706557951796e+00
1.302591591115000114e+00
7.865262672651710529e-01
6.584574427574869659e-01
2.108888656517992288e+00
3.388401867203632012e+00
5.431586823792038388e-01
3.394848906421799928e+00
3.549447233719063455e+00
3.761875256600004658e+00
4.865218951528054170e+00
4.976574468026124798e+00
6.630971447511712746e+00
3.626168803663826212e-01
1.438423002462087874e+00
6.310822823732675779e-01
5.296387065738223932e+00
1.518001008422475628e+01
2.048926116090002303e+00
7.897776152107801595e-01
1.138275770654101793e+00
4.151934210193994090e+01
3.913807579515783619e+00
9.964537392926622772e+00
3.770677051971023541e+00
1.980858886837340016e+00
3.965490121842600857e+00
4.450627454755863965e+00
1.020528499197288852e+01
1.248985215274403537e-01
6.170001123828608769e+00
1.816460558851526486e+01
1.097281076143477208e+01
5.729041025024671718e+00
3.907786611445035696e+00
3.497851868298346378e+00
1.852621489854328729e+01
4.158061131894011275e+00
1.236529871558607141e+01
1.288872604119936094e+00
1.082269932086549247e+01
1.974198598944796101e+00
2.267190594714826091e+00
1.183676918131466360e+00
3.168608359567630650e+00
3.729813925869900348e+00
4.933906033103518940e-01
1.008280144564355396e+01
1.199018497341318223e+01
1.789034293845765689e+01
1.272106829027909169e+00
5.738121731255412250e-01
1.148863710093641632e+00
1.419845492034347956e+00
4.758383838284588663e+00
4.740305675753763381e+00
2.477911588439472457e+00
9.141816719287683135e-01
2.259798510456796805e+00
1.284242092519634726e+00
1.557282402420745449e+00
2.701027569542641338e+00
4.649754630924480381e+00
2.786941747126602920e+00
1.132020786531112710e+00
4.803698104564836591e+00
1.013254526652530130e+00
2.854210002806973456e+00
5.872829930949233557e+00
5.686900113508500887e+00
3.897361862254487441e+00
2.391569357801089701e+00
1.254684922817835391e+00
6.842306024237043705e-01
1.168691100299475316e+00
1.075373390120122119e+00
4.580139522145532993e+00
1.673473268865144803e+00
1.789712825684636188e+00
1.679924768116978440e+00
2.818148565346358048e+00
1.760989930271835480e+00
4.933441585275742725e+00
6.242799359940195636e+00
1.130486134552121769e+01
8.110211541920557821e+00
2.768462128382510379e+00
4.110871729601902835e+00
5.115072750279787250e+00
1.087996493559444389e+00
1.065429992300428869e-01
5.951997298093564481e+00
5.694724373225803493e-01
2.846785415047487167e+00
1.083192613541199778e+00
1.767468797283977766e+00
1.399749803436712625e+00
6.091134390502124241e+00
1.472901537469359390e+01
2.529834768431442615e-01
1.538397935269960382e+00
2.121269561143931170e+00
2.799136612533308366e+00
6.830617083363663689e-01
4.592410093243781688e+00
7.219346058674785738e+00
2.790226647512418001e+00
2.051775075522154879e+00
1.449810750158846417e+00
1.440576540301385711e+00
2.458255547836732280e+00
7.990246421563552914e+00
2.762797932611452456e+00
5.048156215023080762e-01
3.027257325089162787e+00
1.868070571508090749e+00
5.391028896253495795e-01
1.423136800955602466e+00
1.909789737740331672e+00
4.965441399900443642e+00
1.054315648464127841e+00
3.365328171314158290e+00
1.641558501435203876e+00
4.738474069066308303e+00
8.536515964908291565e+00
1.982388027628402494e+00
2.591421139036052423e+00
4.878687869442620340e+00
4.599869219115611862e+00
2.206580668859773553e+00
4.755781301369683689e+00
9.119233442956520719e+00
4.652231766807909175e+00
6.674789659863405333e+00
9.106482931545079040e-01
1.785132146444423196e+00
2.140572069377846276e+00
1.221380259023770343e+00
2.669288431951470919e+00
1.641197081090919330e+00
8.202879858285804460e+00
1.565836350578692526e+00
1.016164835405670930e+00
4.520404610382862565e+00
1.255967638386702889e+00
5.429994779681418748e+00
1.318540338488130459e+01
1.207798007058315415e+00
9.301328008552846027e-01
3.120146289083828961e+00
3.044856697321884020e+00
8.509464305685680019e-01
1.407990122531108490e+01
5.898357760341122358e+00
1.522542784586254694e+00
5.720231626801624003e-01
1.372561427550049729e+00
2.876821731062178866e+00
6.667448904304140278e+00
1.219864473369371760e+00
1.055680856371554066e+00
8.466475195804443743e-01
1.894575172846734823e+00
7.676211389811705699e-01
