2.042527738009277449e+00
3.480074102390194213e+00
1.316873329109504276e+00
3.380545704753517899e+00
1.354021154525779203e+00
1.476956152987168425e+00
2.581418951604095291e+00
1.741888939811263803e+00
6.947946116279704043e-01
8.462751942143657002e-01
1.363963472672401478e+00
1.889861698432014903e+00
1.433790583128512042e+00
1.120670014056531327e+00
2.741840645631701712e+00
2.958364233348964589e+00
3.186076170755961723e+00
1.597334526952406852e+00
9.377732395041652458e-01
1.265892002660358395e+00
1.871069311181313921e+00
1.386924811083908970e+00
1.741689957681080703e+00
1.109749991588364404e+00
2.339403314624664887e+00
2.042099389314814495e+00
1.690597663401663953e+00
4.774394798694056696e+00
1.024275192089691533e+00
1.828647634391220134e+00
1.499058181692147995e+00
2.451631015212528020e+00
1.328958990952209485e+00
1.634350532651827281e+00
2.212409289725590256e+00
1.838489379915919208e+00
1.430054296596794838e+00
9.795736484659609555e-01
9.334198637339948812e-01
9.619307588924783659e-01
1.152223106434396405e+00
1.054025871022096661e+00
4.154676747703125450e+00
1.096260970496328868e+00
1.487420159834843325e+00
1.271719835252163922e+00
1.553920527025621334e+00
2.158861155260991538e+00
2.904877152733492895e+00
1.888303667086206339e+00
1.670459238721219597e+00
5.546228382731052120e-01
2.216189142140413182e+00
9.321825161012116112e-01
1.111082579887326283e+00
2.048240319327363057e+00
2.004936753937597960e+00
2.347472357944092813e+00
1.397171935284869049e+00
1.293267138614874412e+00
1.964510305872832596e+00
1.461573675967764885e+00
1.162476731418157216e+00
3.146210154116104718e+00
2.514021237210943394e+00
1.058319417930458695e+00
2.337525181083918380e+00
3.047010484409660158e+00
3.227592016447331069e+00
1.556058762541286944e+00
3.982353397385256066e+00
2.895574736068302624e+00
1.885207416930846147e+00
1.210076606103182906e+00
4.523611310710254685e+00
1.113373911606239552e+00
3.512316084992528786e+00
1.668644130228419176e+00
1.381421192726428604e+00
1.193399820499818853e+00
3.091078581121323943e+00
1.726567583549035501e+00
1.273591785733923620e+00
1.574282778729350962e+00
2.755165318694608345e+00
1.493712754733074188e+00
1.636363038860702890e+00
1.399571922038431060e+00
2.595877086787436117e+00
2.219133119496621731e+00
1.193150895152359503e+00
3.000435609687981842e+00
8.954668786462265384e-01
1.925367667801786364e+00
2.482482905628090375e+00
8.493192882399667187e-01
2.729360059064591226e+00
2.898986573315919912e+00
1.082455317736156442e+00
1.448533138767104100e+00
1.960415447645655229e+00
1.975524792816637287e+00
1.011353245379121857e+00
1.614717243518469125e+00
1.157394254383433907e+00
1.261515881321034094e+00
2.198184108110509349e+00
1.561292355975885116e+00
1.932510519233478830e+00
1.762907328783354988e+00
2.072952673465097817e+00
1.936431337594284097e+00
2.103374393970307565e+00
1.556283679593256641e+00
1.198658109393220039e+00
2.518525799915224628e+00
2.440250226728188476e+00
1.438846673404650334e+00
2.081173786166784723e+00
9.419901011350555464e-01
1.142546214970961760e+00
2.696189409733439568e+00
2.444365693717382104e+00
2.867000347200562071e+00
1.322308024551306138e+00
3.421910715558292626e+00
6.755240026103890294e-01
1.237139685247632626e+00
1.400115882973990367e+00
9.806627190279711970e-01
1.794539965162843309e+00
1.587170935525213267e+00
1.785445130866448959e+00
1.911800366373245463e+00
1.517290910227530931e+00
1.379828255412827387e+00
3.778577091007579547e+00
2.494779605174910042e+00
1.431423543555923938e+00
8.779837312237603886e-01
2.068284180991165400e+00
2.523468106233957453e+00
1.814891883089849500e+00
1.908183526363870008e+00
3.365634633522933683e+00
1.773872805850866818e+00
1.074317560545247963e+00
2.823505170917958385e+00
1.207626633213676026e+00
2.207102125041699558e+00
1.390661586934510252e+00
1.019124111331761728e+00
3.321967858756152303e+00
1.893261845698231971e+00
1.409954616944644634e+00
1.387382355989468907e+00
2.383188664351602704e+00
2.523078632076385386e+00
1.390999696941281671e+00
1.007102552184856892e+00
1.403378159067725672e+00
1.080425706260274232e+00
1.272368240687639762e+00
2.193400561172522245e+00
3.459546466084157501e+00
1.297973329071449022e+00
1.645750589866290969e+00
1.064279939984231094e+00
8.903031017132093661e-01
1.937731217528058769e+00
1.147537228519803332e+00
1.245054506031678665e+00
9.769319960466437136e-01
1.050380638409023293e+00
2.110089717714197288e+00
2.741141786683765957e+00
8.115029737408390176e-01
7.620477010755140057e-01
1.448042671108351165e+00
4.681477689998212455e+00
3.370406284404085184e+00
2.223375406203743410e+00
1.362579985625061330e+00
2.655115575782305726e+00
1.466106884368078456e+00
2.409435452922701337e+00
1.321897831134138945e+00
1.696629622101252011e+00
1.420730374646167471e+00
8.658183148906691828e-01
1.164853546966779341e+00
3.228713444538477972e+00
8.722234470792247230e-01
1.870426054454927822e+00
2.628249963975622272e+00
9.431917618062728437e-01
3.429752879997309378e+00
1.805541189473718333e+00
1.322159313692082616e+00
2.932686144842853615e+00
1.723200507627581590e+00
9.454000461927669630e-01
1.067363344097136180e+00
1.204678780400894489e+00
2.008044915418582210e+00
5.466437128301888659e-01
1.445664012997634140e+00
1.023466323059139427e+00
2.390727533224469514e+00
1.101792203335992593e+00
1.712602513354865019e+00
1.792666064561217576e+00
1.467701512170846545e+00
1.897021029011624726e+00
1.222788589510069412e+00
3.852550790314813067e+00
1.757564974248468470e+00
1.039272700146633976e+00
1.490716510319240795e+00
2.024712248736685538e+00
4.327969826351281135e+00
1.656114718393970175e+00
1.591956817331291463e+00
1.212746019477952464e+00
1.511374739634125719e+00
1.583913817006608937e+00
1.909359419341070341e+00
1.908654900582618108e+00
3.247720185969245943e+00
6.161642501787193416e-01
2.419021837280624698e+00
2.310100226208315011e+00
1.682666529196771288e+00
1.663781935140346224e+00
1.465955838974843051e+00
1.296912035366274862e+00
6.294242787151744789e-01
1.175701724635569434e+00
1.176149498914613734e+00
8.434307198758970170e-01
2.795606822824347137e+00
1.469352554435440661e+00
2.929225317572671461e+00
1.610729058895877586e+00
1.699866465826988637e+00
1.706334150232681868e+00
1.700118886320881595e+00
4.694895105941540692e+00
1.728302227848560246e+00
1.611098971612692221e+00
2.368426387143982126e+00
1.204735597168548056e+00
1.199789460497492799e+00
2.188498147463199928e+00
1.927256906723319396e+00
9.189537396679378078e-01
8.369260408162058074e-01
1.562881376239310782e+00
1.057506538652177364e+00
1.053936400731483092e+00
1.360401353009076386e+00
1.470780601237527296e+00
1.797584023688034272e+00
1.522981550903994119e+00
2.054288991608954174e+00
1.038448870392715273e+00
1.468159167182878866e+00
2.350740792680756641e+00
1.371282608755500343e+00
1.706228777241147743e+00
2.967326628141375267e+00
2.029458060594515167e+00
1.196246357581571162e+00
1.448818442467912027e+00
1.399757784210418077e+00
8.143445934284966325e-01
2.190476578861505264e+00
1.549776697069155995e+00
1.511086154518543001e+00
1.324411425659982156e+00
1.382508916462259041e+00
2.258775729259097531e+00
7.861420886007971509e-01
9.122663793162841817e-01
3.430946254680164564e+00
1.474488729264631148e+00
1.182658641729796845e+00
2.967820999708930874e+00
1.360119953502947343e+00
1.193466322880087915e+00
2.314383352182651787e+00
1.853190905013077483e+00
1.918205308065189074e+00
2.453006334636062213e+00
2.452690291513615506e+00
1.337769858256018018e+00
2.181795223888145507e+00
1.058037901790920721e+00
2.262168500561107631e+00
1.425137444810443688e+00
1.618040146470903995e+00
2.569315875692604223e+00
1.834744517488413384e+00
1.619156340443378861e+00
1.926495430034023570e+00
5.876138087081451689e-01
7.754181150657442068e-01
1.309541578782898785e+00
1.535640148268081040e+00
1.254200500193551449e+00
1.271551967529209959e+00
1.597608526624055170e+00
1.262225764435850772e+00
2.459090223172604617e+00
1.233948186017383986e+00
3.587564202166461325e+00
2.511543309564726378e+00
9.310779216365567823e-01
9.967806587158558607e-01
1.576072694772195248e+00
1.285128254038276241e+00
1.573686350776517084e+00
1.671560547527718210e+00
3.526795073090616128e+00
2.087561364414407539e+00
1.985852199545824037e+00
1.383943012086267244e+00
1.670761680138299399e+00
1.627684195742675977e+00
9.987588685137375188e-01
1.285300770019001559e+00
1.903352963331655712e+00
1.271722331188039457e+00
1.556375832891957689e+00
7.632516789563117410e-01
2.153661641048758124e+00
1.772801998144304170e+00
3.226466575065628728e+00
1.387307588188183560e+00
5.517063258192508535e+00
1.082354067976170509e+00
1.890908157584112015e+00
3.435116319726953193e+00
3.893120166720043240e-01
1.004326643648172368e+00
2.018600187405939383e+00
1.615452000275238387e+00
1.416059296742999019e+00
1.605162149575391606e+00
1.175890776496698820e+00
3.354691370682440166e+00
3.925099725076456991e+00
3.593875985979782861e+00
8.640359504718935213e-01
2.003958305367413040e+00
1.246447657206169346e+00
2.375694211169773862e+00
1.961831439498477270e+00
1.514348462506880377e+00
1.572051188293185353e+00
1.621069810244736953e+00
9.896241361910941281e-01
1.178984125362176449e+00
1.232633934921838925e+00
2.220856773170551968e+00
1.517766559184236419e+00
1.110967578022985736e+00
1.383082383474179000e+00
1.732648087774516732e+00
1.559241881567936305e+00
2.090546758319862253e+00
2.005681920047761135e+00
1.136304418976382458e+00
2.290538179811768771e+00
3.017075177427035015e+00
1.893621404343786452e+00
1.030921509894816124e+00
1.166358074243809773e+00
1.614785732098163784e+00
3.153024590367746960e+00
2.262613197179653923e+00
1.632140974486957274e+00
2.948153683476513187e+00
4.598961084589351600e+00
6.447691994496793644e-01
1.574004975402674811e+00
2.745316582288486629e+00
9.700576666686422378e-01
1.604559898165751397e+00
1.113426408390939759e+00
2.560563783571998986e+00
2.014116900458604587e+00
1.861125181110605986e+00
2.147506575455125244e+00
2.260437590189082080e+00
1.302590142803507600e+00
1.811866399903543590e+00
1.576172702547768090e+00
1.904303612392679979e+00
9.007423329992386707e-01
1.073470109894495206e+00
3.679860566232760366e+00
1.325674517215904791e+00
1.897182803603238987e+00
1.529203043991404165e+00
1.529713895169375837e+00
2.279849223183930462e+00
1.328249546894279431e+00
1.405350700415865850e+00
2.481977734796881663e+00
2.038891163539142681e+00
1.372886402229487990e+00
1.874529799831765153e+00
1.578376445080957424e+00
6.987455600104520714e-01
1.539116579914290739e+00
1.663742557612345463e+00
3.239729338704610662e+00
3.765503130961611156e+00
1.874572813959754836e+00
2.988317186901238376e+00
1.112210865335487409e+00
1.212428550788770876e+00
1.423612972480612582e+00
1.842551793413039540e+00
5.950060631644242815e-01
2.477640959358784478e+00
1.165125448819740672e+00
9.133662876886938786e-01
2.909439312084058926e+00
1.660660301587378873e+00
1.092413887794620342e+00
7.992653103799469694e-01
2.400428581449613574e+00
3.016538221611823722e+00
2.188203139224763394e+00
2.355937111333105349e+00
1.016220503442763601e+00
6.416158068984835205e-01
1.050429871504785950e+00
3.187767740412930095e+00
1.381663502654469688e+00
1.515867733907265258e+00
1.163933968544013320e+00
2.144569610442017549e+00
2.925195817396631703e+00
8.301980323713801235e-01
2.321891695294669322e+00
5.817274426971050794e-01
2.133226399525707251e+00
1.559428461077806860e+00
1.408501285960508165e+00
1.592213114354542380e+00
7.661054816522717692e-01
7.521709964546406946e-01
2.147094603719852834e+00
1.667968441791585876e+00
1.603141150566699036e+00
1.624690568732660712e+00
1.424519963303120251e+00
1.184053296215537010e+00
9.782866306791274669e-01
1.395481508608880539e+00
1.535504774608411838e+00
1.626529750634984728e+00
1.023240404247297564e+00
1.713795888155482006e+00
2.588477105732851502e+00
1.135041349205661909e+00
8.182882179765771369e-01
2.899668130133908672e+00
8.501798698008510291e-01
1.091102131227494221e+00
1.663399205363280453e+00
1.794674479459903660e+00
2.140257855555064204e+00
1.132201500102363090e+00
2.785101401795055054e+00
2.726191252655763897e+00
6.614942586574972250e-01
1.862842282099538282e+00
1.491286293231838034e+00
9.432287693205263501e-01
2.832635752590739742e+00
1.856402603826681430e+00
1.587378942956940264e+00
1.813746587896428952e+00
1.410441142323259456e+00
1.199239886723839854e+00
2.099478358394204491e+00
6.781382095768953011e-01
2.825858754065879275e+00
7.694086567732714155e-01
2.306023278726489600e+00
1.524994618235168353e+00
6.443703543271744882e-01
4.723320673106856660e+00
1.303663609747858887e+00
9.341571874753602511e-01
1.365157890929828532e+00
2.553646124398698980e+00
1.738088284492260938e+00
7.981874519220979458e-01
5.323077317116631235e+00
1.630042895688969651e+00
2.456769395517373500e+00
1.332905259322676228e+00
1.745914216023042309e+00
1.699439013751687266e+00
1.078752974588653268e+00
1.705552155159082872e+00
1.366050016849809090e+00
1.497887131432747543e+00
2.205980712259090759e-01
3.618648943183199851e+00
1.066947971614139679e+00
8.224304519389552537e-01
1.255981989684639366e+00
2.741945687622107997e+00
1.585372762447406547e+00
1.512018811978414590e+00
1.055324904765047256e+00
1.883817113387104669e+00
1.509615373924461323e+00
2.698394656276446923e+00
2.691712585769922228e+00
2.313193278856167545e+00
1.595781244504477225e+00
1.082618172995117201e+00
1.620730917252341197e+00
1.167197668014255285e+00
2.725860682552674774e+00
3.647848697752077207e+00
3.191835323033368255e+00
2.284610307465961387e+00
1.070118822718941543e+00
3.092922527915558550e+00
1.445192193833686467e+00
1.179150662107111946e+00
2.627109200795056942e+00
4.001500979140503844e+00
1.526240902712425962e+00
1.364750066060034905e+00
2.098639674390701870e+00
9.387380737830081090e-01
1.574271869911571864e+00
1.169671047381404927e+00
3.409468789510095021e+00
1.917951908376297254e+00
4.404503048645029839e-01
1.847684587486075891e+00
7.772698245427469566e-01
1.611455680146326674e+00
1.591453167618499087e+00
1.284755956201333094e+00
1.384863586125209212e+00
1.688937001952889538e+00
3.627123784385645755e-01
2.023213282016788295e+00
1.557776421128302502e+00
1.011113052911870591e+00
1.304332054660566564e+00
2.540946822288726814e+00
1.464646284225778805e+00
3.401089377337115582e+00
1.572394549261618035e+00
1.773400722604348223e+00
2.086413499101321456e+00
1.155203887858190948e+00
4.175610643763499219e+00
1.659883295058951935e+00
3.352092201487555823e+00
6.672042450725237384e-01
1.430878643419503993e+00
1.402750433703388699e+00
2.268497907579676287e+00
1.921221624411464379e+00
1.222880473796273737e+00
2.833607136775444513e+00
9.915697972994809151e-01
2.023626038171307151e+00
1.964152263921182362e+00
7.428848890234097668e-01
1.947082912959959611e+00
3.557089202031527009e+00
1.369743762665878162e+00
8.163248823157975842e-01
1.157377440227594034e+00
1.502240269566524677e+00
2.370812517652222340e+00
9.603485337509625186e-01
2.537508336009306475e+00
1.210362123341212515e+00
1.727741852655903854e+00
7.043546800032725042e-01
1.638043301132591445e+00
1.220301947632432160e+00
1.914502140858364232e+00
1.649997536708445844e+00
2.060684737373067676e+00
2.204792476405128543e+00
1.396526176099903926e+00
2.685766247491776504e+00
1.688857173426115521e+00
8.934107332122683820e-01
1.504802586574705447e+00
2.106724917013964582e+00
2.758748295953497909e+00
2.355776668865387613e+00
4.256358382682241093e+00
2.281587381448902274e+00
1.614007845820957243e+00
3.189788131641068336e+00
1.930866566550886398e+00
1.340886721643416157e+00
1.408706013987725658e+00
3.343570001756317911e+00
1.168269241475013764e+00
2.822621627394779509e+00
2.561644536206920009e+00
1.296534549766831024e+00
2.711144644559353445e+00
1.345752832753141837e+00
2.468598795764540554e+00
2.657824560987841256e+00
3.424353502003008476e+00
2.785083739764757205e+00
2.935369445357277840e+00
2.251518285514169548e+00
1.425407343041773522e+00
2.519616494646723659e+00
4.351966250607738118e+00
2.003210340661008892e+00
1.653006047127617784e+00
6.975349592048404324e-01
7.343522827808326436e-01
2.131126173839061444e+00
2.644476042569403162e+00
9.959367063857166302e-01
1.160079673252178978e+00
2.305808776291232931e+00
1.331357818125457282e+00
1.813136181073625508e+00
3.778208301799679703e+00
1.471141265807204057e+00
1.625782132395572122e+00
2.275620257786554745e+00
2.221646784858931412e+00
1.477939612458793572e+00
1.657229494919447488e+00
1.589228957965157285e+00
8.079406288989183782e-01
8.093602747774359951e-01
2.072432730103169973e+00
1.278136542251954832e+00
1.466028083806764970e+00
2.663990585340295425e+00
7.392122534074572204e-01
1.842388638539656398e+00
2.552667030590805908e+00
4.079269098952984507e+00
1.354530018312779083e+00
1.455669180138175811e+00
2.014944866075869534e+00
1.383149461000508618e+00
1.773506156595987537e+00
2.677770900700811474e+00
1.707100439640126144e+00
2.179206358314213610e+00
2.654883395538170099e+00
1.400706288341490913e+00
1.007265802402088850e+00
1.899332710765541110e+00
1.186373230057353512e+00
1.049828210460142408e+00
1.472290694509592601e+00
1.682459977583462107e+00
1.404004123759851064e+00
1.443327388032212832e+00
9.410307755112835570e-01
1.133691042805593963e+00
2.348138454221073257e+00
2.419985117833506560e+00
4.847798519551857588e+00
4.051723338103031757e+00
2.573314336574807459e+00
1.884823523311866866e+00
2.087872693400107948e+00
1.289142819327368850e+00
2.379083663969227658e+00
2.028246399252779497e+00
2.836508816808828382e+00
1.742542846564024028e+00
2.009678246880012509e+00
1.952929369785624703e+00
1.134024166742302109e+00
3.849856243396226896e-01
2.782340529976339738e+00
1.356658272765625339e+00
2.564623250978312452e+00
2.442717138900970308e+00
3.793513538762641524e+00
9.942543852295988582e-01
8.741939086317038754e-01
1.610411847421889142e+00
1.492956325975209664e+00
3.281016441521239280e+00
1.934110104217622528e+00
1.064209429158602838e+00
2.820049191142225631e+00
1.554282376704171797e+00
1.718359869312316102e+00
3.205212327984811260e+00
1.701921577843429567e+00
2.058186613741959992e+00
2.296896489558813315e+00
1.913248505948557110e+00
3.659584457299392302e+00
1.059439033895634763e+00
3.165864468170435764e+00
2.259050970008723347e+00
2.137051956103513284e+00
1.766090326835149771e+00
1.456102033873845070e+00
9.149893599249310228e-01
1.562180305015828941e+00
1.617859180726943347e+00
9.152516651081501475e-01
1.143322391651236725e+00
9.115288817396265397e-01
1.388262815972285402e+00
3.172051999594894589e+00
1.688296951676231616e+00
7.494294952197172455e-01
7.227366104665916557e-01
3.161634858715944851e+00
2.064861980673525110e+00
1.440789033720988765e+00
9.287694035585684071e-01
3.089856118948242525e+00
1.649557356679781872e+00
2.769933206731573172e+00
2.264647424485025429e+00
2.714488773399401200e+00
1.514868723816060081e+00
1.430106780983932957e+00
3.474219710460939581e+00
2.323091449970072109e+00
1.902900037718518345e+00
2.717770090619232803e+00
1.820378219920251173e+00
8.531396653469982549e-01
1.261470007854757602e+00
1.796312168060922199e+00
2.152470001411795231e+00
7.650110454098376644e-01
1.704280837495253609e+00
2.399802983621023067e+00
2.103859644507269255e+00
1.212332317534421389e+00
2.214298055764699402e+00
1.623590655050950904e+00
1.639780223061544362e+00
1.212690813381462895e+00
1.145982414344765887e+00
1.493671396552306740e+00
9.895781230346892832e-01
1.399028933914129080e+00
8.591870380255584028e-01
2.353533214068005197e+00
2.624146434991325272e+00
3.630184582273827676e+00
1.729055843769467415e+00
1.951146484560255967e+00
1.507729046824386465e+00
2.120427974231898993e+00
1.078313008011363427e+00
1.957499187886331260e+00
1.111061693573749398e+00
1.291126827723180437e+00
1.754413688920986036e+00
2.057356158267184654e+00
9.227829298145198145e-01
1.868915828626233733e+00
1.590186146522676758e+00
2.821755822284418791e+00
2.445611620911608775e+00
2.019223073010575575e+00
1.025298571446561890e+00
2.357219613411476011e+00
1.976528730545874080e+00
1.714773711904929332e+00
6.191996385283846660e-01
1.173042869229173224e+00
2.186214011357304088e+00
2.679903997308009878e+00
1.802714071169682963e+00
2.018381710399860474e+00
3.610511149109044027e+00
1.715161171474850477e+00
1.934366015503433900e+00
1.230814493669246223e+00
2.223132452859633013e+00
1.528326033752050339e+00
9.426307830946945021e-01
1.424399853328870202e+00
1.155078822013493545e+00
2.179877889922841039e+00
9.209006459749906615e-01
1.917169215237615187e+00
1.559331680397942677e+00
1.223560958430895074e+00
2.529824475478180013e+00
1.607077530306439739e+00
1.887626731451863993e+00
1.896401008043394620e+00
8.960434711163132171e-01
4.779442331482710138e+00
1.311627390118535130e+00
1.917412369718367593e+00
2.092640146523494948e+00
2.370710040521561979e+00
9.499398149444620021e-01
1.728483011768206623e+00
1.541965838528797539e+00
1.497393514745035459e+00
3.265351272422876150e+00
2.464296280790299942e+00
1.900743017542370961e+00
1.110137146411746434e+00
2.749030103250992063e+00
1.091131699244199948e+00
1.738903784249794304e+00
1.554553585522119308e+00
8.811341801410890184e-01
1.423614711482616535e+00
5.898532521806826523e+00
1.496362206631959513e+00
1.404850073641551456e+00
1.276409120665768837e+00
1.764368677384331230e+00
2.425601617316371694e+00
9.407531822256698373e-01
1.265162601476717441e+00
1.325017667830024282e+00
2.961010291179510645e+00
1.992085127649367182e+00
1.844605799002935420e+00
1.385782641911695867e+00
1.782664675317940484e+00
1.289612498455998457e+00
2.918572618437032418e+00
3.748566873147112677e+00
3.516038105200522068e+00
1.266929888145446492e+00
1.034872949767929873e+00
2.173978040315641458e+00
3.002730866986838443e+00
6.619038321490032795e-01
1.078036092665721313e+00
1.228239217155848939e+00
1.797980071306788385e+00
1.279193527794023399e+00
4.596117076966755199e+00
1.555675962015532487e+00
3.226828690521176490e+00
1.252183722311297709e+00
2.090964795703830426e+00
1.613842489721773132e+00
3.815920581703919456e+00
1.206782885891650725e+00
1.742182715131151305e+00
1.667130013771902730e+00
1.119222319765809548e+00
1.435198071258672492e+00
8.754867786793971707e-01
2.136166058269763468e+00
1.150609843335658189e+00
1.632494100223156774e+00
2.218000457076109377e+00
3.743652437196427041e+00
1.498634358744235007e+00
2.665075489808614417e+00
2.497381240974544614e+00
1.611522071805910006e+00
2.517097219229381899e+00
2.339166175080528820e+00
2.656853437650525063e+00
2.635325898598230410e+00
8.472707256083433780e-01
8.508918874820772249e-01
6.416740812972309138e-01
6.244800434680400913e-01
3.286453325056144070e+00
1.861295614874094895e+00
2.306662397078093729e+00
1.854996734547281978e+00
1.937752992035738142e+00
1.788364398871018057e+00
1.087672492236612776e+00
3.084976319458767602e+00
1.656845384690373235e+00
1.996700720405547802e+00
1.428232632045823181e+00
1.659299646999994549e+00
2.787339334902683152e+00
2.535804958460607050e+00
1.495709050538430507e+00
1.337782468466253816e+00
1.950951489333271782e+00
2.085556333213352431e+00
2.974520295595222574e+00
1.260374962945793875e+00
1.909702147957942131e+00
1.258765312531681335e+00
1.715860225609330936e+00
1.137386651816482130e+00
2.210602971806448380e+00
1.150344515899852205e+00
1.862025928005487607e+00
2.042705698317716756e+00
3.651571276402832300e+00
2.830907703384879071e+00
1.802563362733904828e+00
2.875167135073542823e+00
1.595418984690544661e+00
2.608123899032332549e+00
1.074353539415739300e+00
2.596501805632364324e+00
1.727055042739550794e+00
1.796630924180852462e+00
2.199627062819533130e+00
1.011040207945610669e+00
1.317585693075655762e+00
1.489205417482689642e+00
2.709885283026904901e+00
2.559148198363298654e+00
1.854547252952813086e+00
3.864619093548366635e+00
9.847700011123045050e-01
7.610266258899058833e-01
8.492021200967256878e-01
1.370184286081213898e+00
8.762087624185177503e-01
1.699246335835144173e+00
1.683124276778493300e+00
2.273758481559373656e+00
1.213934214607423234e+00
1.329336611143973057e+00
1.049277356166975705e+00
9.367020267745731488e-01
1.641795304040003067e+00
1.975555642086163743e+00
1.098511158506360941e+00
1.290620003113190251e+00
2.258822289745012313e+00
1.474668268703098750e+00
1.106986939843267681e+00
3.702993408686127363e+00
2.767974426498950979e+00
2.712924767884580035e+00
1.097959296806678031e+00
3.402139348517316364e+00
2.038526030605122497e+00
2.740778879195150175e+00
1.502366758562209359e+00
1.812146483689941689e+00
1.286669497068537948e+00
1.054730024425548418e+00
2.692915716071286880e+00
3.417349694581127029e+00
1.218546194259607640e+00
2.175832026808066644e+00
1.942483652253465642e+00
3.221235431133646188e+00
8.498452921959654960e-01
3.629205488904191146e+00
9.579258807882748972e-01
1.101760176407776459e+00
9.937855459279443249e-01
2.158047346656450038e+00
1.545729876480848031e+00
1.769029434467390693e+00
1.344668107456308492e+00
1.074082706253117747e+00
1.995575056046107187e+00
1.524180655626734104e+00
2.521578426707407505e+00
2.144424175836329383e+00
1.780661951909876084e+00
9.486984343726415636e-01
2.940507721444401312e+00
1.578037722443677016e+00
1.298611361115517226e+00
2.007198686736335613e+00
1.702772421438880412e+00
1.958936699039264262e+00
2.123912812461995259e+00
1.432999675351770863e+00
2.051553088464049157e+00
