1.897631682665493980e+00
9.331272941881734173e-01
4.195880547230938618e+00
6.226152059249711712e+00
1.166051524132342587e+00
3.899435501174131513e+00
2.154850945705212517e+00
2.597506060817188267e+00
3.890950824793737439e+00
1.545634829205065230e+00
9.733860978467347991e-01
9.916006228372543641e-01
6.555127926813451467e+00
5.069417166602176117e+00
3.181737651855413240e+00
5.196744344695346740e+00
2.799762883578012396e+00
2.070950542097014235e+00
1.499953740777363764e+00
1.084250615989676758e+00
2.536351571755619538e+00
2.569316353106946949e+00
2.327078558099811900e+00
1.063023220146147141e+00
1.385004762573402992e+00
1.482855989805062613e+00
1.799027206181747829e+00
6.278269931667852077e+00
5.328691697424034146e+00
2.597621830721574376e+00
1.575688363047958118e+00
1.240698708614694334e+00
3.755477856618921084e+00
2.086307974020311207e+00
7.875557575196513449e-01
9.895689610578181084e-01
1.145123311096508889e+00
4.373263601296315528e+00
1.751830533181143235e+00
4.133657090707914428e+00
2.112115350070014941e+00
2.513442999539576839e+00
3.705797401024561122e+00
2.567195366963606951e+00
3.376538160858371995e+00
4.694509127081682998e+00
3.946854837355380674e+00
2.322270295133274320e+00
4.489256086167686455e+00
1.353137329216133722e+00
2.094249298702444140e+00
2.215419149537448451e+00
1.406670154025768893e+00
2.865407666235577189e+00
2.662480374249970083e+00
2.272538357289712430e+00
3.817001781079572886e+00
2.361007958935357198e+00
4.681675188613839467e+00
3.969336048714399823e+00
1.229348224601621409e+00
4.868928200612460344e+00
2.381616732209992371e+00
9.925923294639238392e-01
4.463351325194704344e+00
1.028375909052788018e+01
9.022501519488027810e+00
2.523660541008392322e+00
4.528201709315061052e+00
7.175111896908781262e+00
1.649554469327650930e+00
1.459492759314133803e+00
2.588338567016817304e+00
1.186195391254077469e+00
1.860085166551334490e+00
4.572063735386906913e+00
9.205772489404299819e+00
6.281365854487324096e-01
2.629668826123320979e+00
3.209194103100008189e+00
6.076811475283450115e-01
3.070755249614764537e+00
3.673055364757949359e+00
3.146798484547358665e+00
2.077581462605883278e+00
3.854663261669054819e+00
6.927696622670347359e-01
3.802995056335428670e-01
1.786915553106886545e+00
1.293842875594021224e+00
1.704245687189464897e+00
1.945545117114870770e+00
3.094289225264538423e+00
1.980845861831202370e+00
2.338774421362884048e+00
2.238151673541377562e+00
3.704555463769839907e+00
2.190949651813959953e+00
1.609434296416162535e+00
2.325222748556111885e+00
1.114223997242275388e+00
8.528668847100229655e+00
2.413725133741701168e+00
2.008353562593570008e+00
7.499483014248897739e+00
2.669253789242308716e+00
4.857545293230968397e+00
8.265230869929025559e-01
2.724271379225221335e+00
1.322831742287763568e+00
6.710809932010993739e-01
1.757642614015577198e+00
1.880615596158211611e+00
6.414779953282094827e-01
1.666053455014865126e+00
3.697267836008162778e+00
2.880332739174020329e+00
2.474708761639475618e+00
5.847609882041434615e-01
4.543528832753109370e+00
3.402454700442796742e+00
1.287924344521402809e+00
2.259437011613566693e+00
4.742874663631160836e-01
3.442609651145702720e+00
7.227821224130093203e-01
9.170818555026643004e-01
1.383705010635033261e+00
1.319386065331596525e+00
2.629154829801267024e+00
6.071866515544641629e+00
1.674807388376480022e+00
7.530325019461347580e+00
2.244077859111469841e+00
9.976096189416719939e-01
4.470630840012590923e+00
3.041273429050582067e+00
2.479560137969019085e+00
3.001068358664752633e+00
1.698104930884902775e+00
2.956068686366490006e+00
2.189331409447678567e+00
1.020151068358345015e+00
2.257390546012379762e+00
5.455385341514594089e+00
2.783949139807776696e+00
4.017043185953744100e+00
3.592460417945374296e+00
1.719035520054431831e+00
5.031047127229946181e-01
5.945730244820529364e+00
1.380278010201017480e+00
1.140690505653692677e+00
1.174597124087834787e+00
2.344011707430612823e+00
1.226784565646946268e+00
4.865858969198630035e+00
2.102322484368457367e+00
3.677240282577183716e+00
2.640192760763531599e+00
1.441094950203593683e+00
4.704966039492830987e+00
1.915044817368140917e+00
1.252573980368611561e+00
2.420253280628783088e+00
6.092663915414288089e-01
7.991474666687897965e+00
1.006045010509225568e+00
9.106218149955090269e+00
3.242946739166419956e+00
2.597994616342981455e+00
3.446920776052517787e+00
6.063353745211753854e+00
2.443163505712722117e+00
2.028667111769926201e+00
1.227442447489000443e+00
4.100798820518042120e+00
4.676484937375557038e+00
1.292682079814231333e+00
2.075104378861899690e+00
9.483841761215191513e-01
1.960567004042666595e+00
3.879769515040930372e+00
2.012399920483027849e+00
1.083317830335148724e+00
1.102592256012021377e+00
2.616599057172481313e+00
1.355507919155002350e+00
3.095204326553492091e+00
3.549356774583919183e+00
1.163414585360816211e+00
1.939420733440482936e+00
2.260731377636805650e+00
1.820915592371172842e+00
1.956652965779209108e+00
1.736043115680410809e+00
2.825445190504602966e+00
1.682001658216239592e+00
5.952268409251919579e+00
1.598241364624829464e+00
1.114392519696598916e+00
3.430673967044822970e+00
1.263821179573661579e+00
1.239114243258737202e+00
8.303616293302269469e+00
6.734801068240395816e-01
9.572769643278720153e-01
3.208346504632996865e+00
2.821788953761592555e+00
1.630440181502117447e+00
1.220559012423136247e+00
2.677059011826199875e+00
6.137537731386640161e+00
3.324400060757529474e+00
3.068339242620759411e+00
1.379345042883468819e+00
5.843214239649027197e-01
2.462565934619629360e+00
2.259268221892073214e+00
7.228095095645629131e-01
6.806805586279881526e-01
1.592423981977072023e+00
3.286165955956404705e+00
1.674494866410443317e+00
3.933799070147351973e+00
7.826094306980522219e-01
6.036635475989642785e+00
1.220667698708431281e+00
2.623281038373570517e+00
1.455272410891071733e+00
5.050067160363836294e+00
5.372350007961237406e-01
3.092683957575178333e+00
8.533593511690852340e-01
4.568260391452054203e-01
1.414453748860933890e+00
1.278239390287221777e+00
2.517643571751256193e+00
3.294372965898250794e+00
1.793657584100639024e+00
1.908086266350023097e+00
2.933504911491019662e+00
3.018776760004706183e+00
6.502550588608652760e+00
6.960228367322760512e+00
1.180637818715985388e+00
2.093306823208803458e+00
2.277096103056953424e+00
8.257488692558155208e+00
2.811209139979418570e+00
3.874484962569937352e+00
3.443979321985646713e+00
9.617615779284675037e-01
2.306549234876080767e+00
1.490025484715173043e+00
4.320695521487635027e+00
1.328785402132039106e+00
1.128050161664886142e+00
3.388860406513574564e+00
3.542204110338013301e+00
4.250143596520110090e-01
3.802970080034794975e+00
4.309091374919058026e+00
2.456569090611263828e+00
1.592705794852129708e+00
1.452752594222538551e+00
3.985013627007177206e+00
2.467338674579112379e+00
1.190192998424022930e+00
1.347177826578535464e+00
2.430496770230990755e+00
2.971706534556386448e+00
4.015121900103746810e+00
1.657695167273467884e+00
1.015646924717007238e+00
1.138075587146317735e+00
1.457551227768387081e+00
4.133495650415301981e+00
1.456416042841183422e+00
1.682384788679661014e+00
3.136265524619252787e+00
1.064179741456986150e+01
3.253396335422342744e+00
6.178683327532953129e+00
2.586742601404089292e+00
2.327062712035552039e+00
1.860365558937554731e+00
3.325353055078204889e+00
2.206006435914755759e+00
2.462406739772870612e+00
2.232254514122305800e+00
1.234052001725690140e+01
1.079868344917621403e+00
5.119045536161253906e+00
2.873348281494194634e+00
2.833217036220566420e+00
1.689001154125827853e+00
1.651924307101476641e+00
1.773738860977996490e+00
2.181077983235991891e+00
5.467192025352760609e+00
3.152907073557132289e+00
1.186860455171129258e+00
1.857751915663232944e+00
2.845165556965580489e+00
8.006677754542917969e-01
5.413153689588875439e-01
1.924307653288481967e+00
1.257010537100480052e+00
7.196866894601726683e-01
5.785348317312868360e+00
2.998321542546315666e+00
2.819034434039183523e+00
2.755313551582099230e+00
2.196052814797712749e+00
3.860711713052020766e+00
3.399968238775399776e+00
7.742049460631101887e-01
3.248879751356215984e+00
3.103011673156979899e+00
8.003763595880452053e-01
2.397674679048898305e+00
4.219315997269882601e+00
2.067392031375697492e+00
2.669026220167859620e+00
2.787790432854471145e+00
3.610469250580269351e-01
5.687265091134435124e+00
6.665730542180630991e+00
1.719866236807739535e+00
3.026197657893910264e+00
1.903161390575958345e+00
6.222919854719219934e-01
1.625976129780065227e+00
2.859161319489623931e+00
2.319859170951011684e+00
1.626793338520012844e+00
2.668004631375287428e+00
1.714297516461437798e+00
1.789298560215850653e+00
2.468618117553075031e+00
2.721473506063456504e+00
4.902002411564532203e-01
4.104908061570718303e+00
3.783757496272310838e+00
1.760196787143326835e+00
4.075389060309192679e+00
1.799033268974741473e+00
9.850470271529382371e-01
4.476896796724667560e+00
1.069652242432687084e+00
1.934548379028089959e+00
1.718931206995715222e+00
1.308805974216710855e+00
2.607733171409970740e+00
1.085543799974535206e+00
4.464393611291985309e+00
3.473053152336932570e+00
1.879703444255007572e+00
9.901299427871376180e-01
1.445466766670973069e+00
2.247976360665999707e+00
2.912479814989020088e+00
1.982954202106037123e+00
8.519630612212138132e+00
2.294422642757532049e+00
1.343667673258936324e+00
6.295516921987363901e+00
3.154937529759265225e+00
1.325695287066631201e+00
2.704969005729906506e+00
1.535452261644344230e+00
1.871656840432318836e+00
4.346774337137549793e+00
1.898655130528844159e+00
4.813339040784538891e-01
2.183276451641769089e+00
1.778366092920248720e+00
5.510434745815181223e+00
3.932364496353565109e+00
3.586155349998847441e+00
3.156342593042468447e+00
3.745776529712850689e+00
9.218631362348019831e-01
6.450805866408845901e+00
1.753168841468323080e+00
6.355127997247831395e+00
9.203894952998756818e-01
2.917080152711875485e+00
5.285222056376532862e+00
1.031193522370789539e+00
1.187348998283447088e+00
1.185696995122745179e+00
4.081133915690343672e-01
7.586284059922312473e-01
1.503808176650326178e+00
1.967185326373934506e+00
2.238155457889887678e+00
2.525785498866389034e+00
8.365177487582139193e+00
1.657139066396107863e+00
1.383952708763565909e+00
2.539873746793225084e+00
7.376196291069314626e-01
8.599931252717176733e-01
2.221773450651321369e+00
7.414671150900299601e+00
9.396681275878010497e-01
1.819219680203593814e+00
4.831198623901017619e+00
1.216291106797898536e+00
1.706670143124707995e+00
1.979921043105122402e+00
1.258276866367537217e+00
3.849102815158215840e+00
8.171383603549349672e+00
3.125740736326779956e+00
3.844120272551841300e+00
2.748709747755877064e+00
3.954719522294464884e+00
3.442519167734027441e+00
1.151448465578009284e+00
1.788452640756957202e+00
2.651219563196107742e+00
7.654686271434034239e+00
1.560970120594008304e+00
1.769276325343616119e+00
8.185606440075668955e-01
3.650566767923059786e+00
2.336914664264772235e+00
1.545618578882679062e+00
1.026537770950648021e+00
3.788512694549652782e+00
1.078168504684667628e+00
1.108844851866665815e+00
7.059696615149486654e-01
4.432611482801662284e+00
9.737689642656950362e-01
1.690716781607020103e+00
2.834472483791222519e+00
1.528310540076485591e+00
1.303112622157695411e+00
2.492962575712842188e+00
1.286719199489113841e+00
2.867244086007298520e+00
3.000108017081752898e+00
2.648668598888093584e+00
8.355715959040630025e+00
1.408839811103200335e+00
1.445257751011815417e+00
1.296910279872955707e+00
4.393736468087261926e+00
3.517228119050950674e+00
3.208429799987111863e+00
1.111314528485106257e+00
2.327548134755516251e+00
1.825855623850905385e+00
6.895696311489126984e+00
2.009936205376017693e+00
1.014588360176465365e+00
6.299867894216172104e+00
1.470654062103287751e+00
7.753826344293761608e+00
1.771474741594645685e+00
2.488113773231981796e+00
2.140000993011195618e+00
4.339756084448970874e+00
1.118517503334201191e+00
2.938767194970577812e+00
4.705984904016536352e-01
2.765909326688981817e+00
1.826672322640683577e+00
1.632514835253087382e+00
1.946597092078139468e+00
2.164852389534899668e+00
1.329342956175530999e+00
5.559618595907546812e+00
1.075907052695861177e+00
1.849940930494343716e+00
9.493455613965389173e-01
9.688613432149129068e-01
4.017391188813357772e+00
9.538524057856129446e+00
3.646881174654716951e+00
2.760964788543258663e+00
1.101076486706297874e+00
3.463398636633412409e+00
2.143056956160825255e+00
5.379026361690684155e-01
1.667196211390417515e+00
5.048340028155145376e+00
2.024671630829886215e+00
2.012578189899860259e+00
2.642044154190687166e+00
3.320914375127235196e+00
9.143995771262214411e-01
3.704470381687592351e+00
5.836991574440781427e+00
3.302113055586944235e+00
8.052040375488074275e-01
1.492963755143516424e+00
5.944671731391963476e+00
2.711685887236921388e+00
8.616593826238396758e-01
1.188590952722109684e+00
2.968293911537950969e+00
5.034246508535351605e-01
1.560213683381525884e+00
4.682323106516282252e+00
8.016455040788796893e-01
2.292652101588815494e+00
1.426273694039087214e+00
1.704574522223641697e+00
5.090512845223651439e+00
2.374481066345127012e+00
9.232723842249680457e-01
1.692428011510129560e+00
8.365439421019176258e-01
1.828632083344867709e+00
3.421015361240453245e+00
2.866610126452115548e+00
7.605374222247061944e+00
1.779915602569795086e+00
3.995092187429201136e+00
1.389887426072980547e+00
1.061765505053513525e+00
3.971685915345295470e+00
1.010324647791519981e+00
2.927311476338573915e+00
6.204364862535431513e+00
1.285946115641813270e+00
2.416522365663920091e+00
9.198133159799367631e-01
3.416562697828100070e+00
3.393844652311235333e+00
1.842320908723124706e+00
2.918329704068358232e+00
2.232661661780967588e+00
4.265612602525734154e+00
1.573399491530119931e+00
1.565034690016178898e+00
3.604871338071111264e+00
1.297939800302587710e+00
2.259391873968409126e+00
4.801180766159886204e+00
4.785499949408688281e+00
2.466105686496546490e+00
2.568838541752950899e+00
1.616376752381232240e+00
1.701622004114784925e+00
3.340633877026077059e+00
1.736895114692114328e+00
2.184103256401674020e+00
9.743709075152751087e-01
1.854207215322506652e+00
2.782610745105727368e+00
2.864237942845499152e+00
1.242222693874753592e+00
1.504428254738308990e+00
2.175631731323857121e+00
6.366055780032475298e+00
4.091167250151141133e+00
4.272435982478505423e+00
2.025754482772067266e+00
6.386176841808024029e+00
1.026983737472553226e+00
3.689416597301764522e-01
9.123109292036623019e-01
3.773007678937827514e+00
3.076067832241144995e+00
2.804287746109807244e+00
6.091638083943647253e+00
9.837313111814427913e+00
2.225768847304354203e+00
4.161893800216349248e+00
3.323034085850810726e+00
3.387220636645690508e+00
2.909806923935380762e+00
2.705370262406772586e+00
1.629428087922247359e+00
1.519715539476486965e+00
7.871186959533055250e-01
1.467681734099409052e+00
1.731568512745728317e+00
2.140577367585313251e+00
4.147811773518270684e+00
1.962651984271752248e+00
6.295954841521734124e+00
5.651531171145345311e+00
1.484613017459543549e+00
3.127590968256542592e+00
2.091547845336925615e+00
7.063022286260026705e-01
2.674455707492713774e+00
1.997030355706969962e+00
2.814312211516397433e+00
1.073619963308140468e+00
2.804821587247780190e+00
1.590681472635756322e+00
2.813054173127972568e+00
5.625519726735564774e+00
1.150717094283949749e+00
1.997781039108643686e+00
4.104568210578293908e+00
9.986607990140332625e-01
1.334829450604234857e+00
2.693849070405649471e+00
1.463847861394823369e+00
2.068742198047343273e+00
2.439673713181699455e+00
2.325717091103984835e+00
5.497050161676682478e+00
1.413228386467987985e+00
2.489512287968470794e+00
1.301437926517102994e+00
1.957017042708862897e+00
4.502030611323520226e+00
4.461255810362338536e+00
2.249116370354574013e+00
3.638096864752339510e+00
2.766250630212686801e+00
3.170387525024189745e+00
2.503142442811014501e+00
4.031047086093819232e+00
3.047908697469631001e+00
1.981178041390406541e+00
4.114975015225967425e+00
2.917465410205054788e+00
2.961443296595769770e+00
1.293525901992744531e+00
3.460737827592457627e+00
1.321053026096826066e+00
2.324690758765227461e+00
1.809469166397609463e+00
9.634513532429253013e-01
3.920074150662137491e+00
9.252417903036657121e-01
2.043561758207459000e+00
6.712803508123356799e+00
1.327976482436961314e+00
1.003735014090902311e+01
3.420969243305265639e+00
1.999775695376264428e+00
2.414887523868846309e+00
3.666489826823313258e+00
9.994572579829235082e-01
1.599836641592793374e+00
1.520834174034410013e+00
2.718643930071797499e+00
7.031312192972777098e+00
7.627881784408068189e-01
3.769654633321751991e+00
1.749573209747923963e+00
3.020582554367500894e+00
1.546941007977783000e+00
4.736085055401460409e+00
1.454643989954164107e+00
2.694193754004217567e+00
2.315348322295760930e+00
7.696117798344322969e-01
4.499761532694442678e+00
1.651481893984352967e+00
9.674592650094510082e-01
2.343036846298759190e+00
1.904059148318784089e+00
1.826505918605566103e+00
1.723261430033213415e+00
2.930130101704131018e+00
1.655206512410404951e+00
1.249879639294544376e+00
2.978913926352586117e+00
5.268376956694453828e-01
7.246940604739769975e-01
5.141990779668843103e+00
8.677828167149543859e-01
3.630447006606988936e+00
1.279499698529286578e+00
3.084120875186732391e+00
1.674646208987645268e+00
2.197719032771265013e+00
5.312607549014995101e+00
5.449781811198167736e-01
1.823837028446608555e+00
9.163836964949491071e-01
3.462144729037222479e+00
6.760669372540868416e+00
1.874251020173600679e+00
4.091541826358544576e+00
1.319822261196456958e+00
1.615434875362979916e+00
2.874795638911700202e+00
1.101510170584849346e+00
1.893968337887945275e+00
3.293217096783949582e+00
1.753236183702671980e+00
4.997641909446992159e+00
1.868813993951401464e+00
1.237410217852456196e+00
4.784470249376340689e+00
1.392104436029031334e+00
4.997604366547813370e+00
1.407268542788828514e+00
1.068926101196909118e+00
1.192350934476342550e+00
5.885895764663312768e+00
1.853040573213235342e+00
1.621088854551047342e+00
2.310378029978444214e+00
2.048241957876630881e+00
8.677743304294598392e-01
6.857584226120747584e-01
3.508724638399126405e+00
1.919295792399964506e+00
2.831549237125372542e+00
1.837353597418612816e+00
1.217355911463873452e+00
8.566318992012351696e-01
2.894121768829413188e+00
3.366864074808136653e+00
2.881314596250207138e+00
1.866125868996028059e+00
2.559251081413075557e+00
1.637763688652847716e+00
6.155851615049539483e+00
1.697990068503354877e+00
1.507196112728883541e+00
3.312864493440064173e+00
2.193022254858203013e+00
1.548470601599093888e+00
4.009411771177921580e+00
1.772591147777502485e+00
2.860879938241881693e+00
1.463581472257610150e+00
2.121037406331577557e+00
2.359893116645733535e+00
3.437882568652958604e+00
1.892130402661613919e+00
1.627978802150693349e+00
4.044295044111796855e+00
1.326502398897462021e+00
9.849818364376751179e-01
1.505636737363926503e-01
3.641101867188553776e+00
1.354703319738113976e+00
2.436368398222020115e+00
1.995260303958143133e+00
1.522875221353275910e+00
3.538916633325429384e+00
6.621478390800729086e-01
2.253839337560978429e+00
6.152438071181054013e+00
1.543648978209160472e+00
1.748813600508393185e+00
4.056646859862548027e+00
9.821976885102658983e-01
4.984258133451483275e+00
1.721385875804673615e+00
2.033082491871542441e+00
3.888310236803662612e+00
7.194729192962033615e+00
1.848728119294961614e+00
2.085429517576873337e-01
3.550933442597979273e+00
1.785058060705547289e+00
3.202353817200259467e+00
3.342146527385986055e+00
2.663989314389270557e+00
6.089038138190513427e-01
1.083460803377811033e+00
9.945957289513933652e-01
7.237500389551863478e+00
2.207421901839303757e+00
1.582448051132610001e+00
1.908515359924839672e+00
4.353639705890738121e+00
2.824370214667892398e+00
1.123476335361401235e+00
7.365264559066284633e-01
2.128452613133157811e+00
2.440679339732509057e+00
3.133294612415001623e+00
1.266714603605541445e+00
1.115239813400534574e+00
1.282797957297888036e+00
2.256071555812431573e+00
9.179375304074025577e-01
2.014751103038394220e+00
9.866138668121059441e-01
3.592921831284091816e+00
1.815260276336227108e+00
3.312175352409982398e+00
1.253716629124659532e+00
3.002744398917963409e+00
1.707406916856709644e+00
5.238457731048804078e+00
7.918335488175102244e-01
5.500041911010163931e-01
1.763472289497944434e+00
6.308103135041388754e+00
3.195006260770663520e+00
2.590021392527549704e+00
3.856604819799738681e+00
3.042819542131422139e+00
1.542123707852155690e+00
2.741254956003267296e+00
9.754841182779284692e-01
2.426353302170836557e+00
4.760384707801747162e+00
1.996504440256694046e+00
2.389252738669089382e+00
1.714170638273113889e+00
1.218311877195093818e+00
1.548630557085012294e+00
2.528572974593608969e+00
2.695728257328637412e+00
2.672029710816714143e+00
1.106404724411140128e+00
4.298131214969098224e+00
1.486424573952703110e+00
2.418930201018555159e+00
2.449500248205912722e+00
7.152065033191260524e-01
1.977261005001567762e+00
3.834169202102047258e+00
1.345017973811455381e+00
1.859324868918507567e+00
1.859244686612667952e+00
2.803399437546854500e+00
3.170832708647900233e+00
1.943093025590353795e+00
1.176230132251346872e+00
1.041927168490125899e+00
1.299488330401130876e+00
1.313557320528229599e+00
2.033878468069131085e+00
5.856629812838082927e+00
1.778861705294381368e+00
2.502561696369316913e+00
4.061238903581680937e+00
1.433812035615525948e+00
1.741022100088108981e+00
6.660570047844676100e-01
2.463162942891070184e+00
3.996039713795100923e+00
9.295528587319774605e-01
4.693692301459229554e+00
3.159228942380683414e+00
2.659374790267034161e+00
1.900541371924896472e+00
1.277244763893701673e+00
1.956751964682555744e+00
1.395710090649699309e+00
4.433310635310283132e+00
4.850424050438811641e+00
3.699207849670470782e+00
2.048722807250077160e+00
2.995066624162936009e+00
1.876390390832894717e+00
2.116104860945316801e+00
2.494329481312877572e+00
1.152880873456531896e+00
5.027795291075992878e+00
1.925722489717005548e+00
2.699434531722013642e+00
1.806448071630060603e+00
1.026535164323689076e+00
6.713873950141623581e+00
2.042571006274831014e+00
8.361618636511299885e-01
7.815162268568631276e+00
7.360084200665993892e-01
8.304339453600940724e-01
2.901242907869936882e+00
1.389323272129161513e+00
3.572175901726801328e+00
9.217973302895612342e-01
1.284392182849384501e+00
2.674651292727356910e-01
9.704740573832021377e-01
2.215322368879229398e+00
8.387181805832049974e+00
9.980688038728499079e-01
1.412411044848135289e+00
4.951569850987316834e-01
2.679947381111719373e+00
4.562210390243000901e+00
9.031548211217033106e-01
2.514526628815383358e+00
5.232289843471219726e+00
2.671650368023003264e+00
2.356812841444586581e+00
5.095472819146821486e+00
1.689656711938952727e+00
1.302967952138573304e+00
1.422146357024560714e+00
1.325950885108298616e+00
3.933761349766609072e+00
1.058267946904662304e+00
2.420530952031353156e+00
2.765073121176820248e+00
5.809740835740797582e-01
7.291981203914480458e-01
3.604068272925221361e+00
8.680081395882403017e-01
2.029721523469214972e+00
2.154268407690952625e+00
2.757960813037232395e+00
2.048515303783121411e+00
1.662991029636836648e+00
4.786635676161973940e+00
4.174287361818350917e+00
4.812415746384419712e+00
1.888928496017888037e+00
1.289210986470836762e+00
6.369055422414872325e+00
8.348602703049131657e-01
5.281406861866529967e-01
3.896670071389171763e+00
1.322348733311566882e+00
2.374917763785279412e+00
1.638192754410846330e+00
2.353382294473498337e+00
4.799287734894251756e+00
3.914963900832816091e+00
6.908852297501721473e+00
3.904698113536720250e+00
1.626754054734679489e+00
1.143787855696044575e+00
1.600981221488276152e+00
3.213524150181680916e+00
1.292362708222651424e+00
1.163975765837838239e+00
1.774415757707228147e+00
2.447274421174989278e+00
1.794464538497929418e+00
1.303985413429044060e+00
1.726476329782506536e+00
6.150516814802818644e+00
1.577889568302221601e+00
5.923192281390652347e+00
1.918749986590635448e+00
2.132820111310958389e+00
9.454922816386833517e+00
1.488461356020925663e+00
2.153612458408260100e+00
9.145055866569699043e-01
2.059613948666292771e+00
4.847701399856620963e-01
1.960107244887858702e+00
2.345415138166576430e+00
2.527269671918665139e+00
2.754115972999427786e+00
2.470660909338804334e+00
3.731943298429033717e+00
2.821156219824930922e+00
1.899244961007266808e+00
1.062610760110444863e+00
8.247792342999138437e-01
8.702091722432498955e+00
2.736168470485492943e+00
1.897750652345430722e-01
1.118604268376717448e+00
2.511996551851355619e+00
8.448453222918306249e-01
8.561088135449755887e-01
6.617994796797708190e+00
2.779123311934206697e+00
2.945436274948955990e+00
1.563558736431081009e+00
3.117832574966675541e+00
4.205132947459132353e+00
4.379563197847575751e+00
3.596773506688154542e-01
1.833014267587673052e+00
1.826684879169361286e+00
7.431720307490317090e-01
3.048587037128662303e+00
1.308815171916705378e+00
1.005552510007553524e+00
1.550576492571514864e+00
2.287818377815218795e+00
1.098054621209082704e+00
2.357559236567833061e+00
2.115764865731254663e+00
1.823297882094558897e+00
6.000141235491398106e+00
4.802010056064601962e+00
2.447060115790517631e+00
4.019558314633836282e+00
3.993827153096705551e+00
4.596136901555762933e+00
1.728558900818714772e+00
1.559186369753946311e+00
1.588668232001084313e+00
3.288605312226869248e+00
2.876165984105807372e+00
1.502972722295104369e+00
4.190812998418034674e+00
9.326912126052032903e+00
2.567615150186769668e+00
