3.134718964454862089e+00
5.018636093266472642e+00
6.386090602045690012e+00
8.903608086958715973e+00
3.347739275645384982e+00
4.866237705830679161e+00
6.384454696600734280e+00
1.339768165097973363e+00
6.015320425379248270e+00
6.023861250895598651e+00
7.206051156005527369e-01
9.042495932158319816e-01
1.593107810743642005e+01
7.373581912962785090e+00
1.487694673034591730e+01
2.580759135811912408e+00
3.822099050384816898e+00
2.589547497901161677e+00
1.428120921668181253e+01
5.248834349411122702e+00
2.432355309045732383e+00
9.453283314604988163e+00
6.665146034841259670e+00
1.235143419918031560e+00
5.855659872750450745e+00
2.727402535060289068e+00
1.550133175113291184e+00
9.194548115451437909e+00
4.424222862635174280e+00
1.789861555297460427e+01
3.430689154765223403e+00
3.209594778246020130e+00
4.091955712554129931e+00
3.807129718662526141e+00
3.416852405066888920e+00
4.792718809303377014e+00
2.407669802468154874e+00
2.054003694605019525e+00
3.840462451975076963e+00
1.511523669192168740e+00
1.626564375821859310e+00
1.315289255879244834e+01
8.682617595199122462e+00
3.295062511976862396e+00
1.603197536610379359e+01
5.079962445482394173e+00
1.932198876095936546e+00
8.523155108974169725e-01
2.617120291248371977e+00
2.149616908696989181e+00
1.614421094027389003e+01
3.868486199983725449e+00
5.700282308875419979e+00
2.806296905841202260e+01
1.855788207155880221e+00
6.074644122604818008e+00
1.222424279104124167e+01
5.972071822276001640e+00
5.313686706200170917e+00
8.320242031461834387e+00
1.709342424002569416e+00
4.486157671403951497e+00
4.574663254648019262e+00
2.055438844342909466e+00
3.847727047045286675e+00
9.823233771984049012e-01
7.411228635401859499e+00
3.454688603321478091e+00
1.420549901114926072e+00
9.554666114046128200e+00
2.437220754627375641e+01
2.584705210290950816e+01
1.623706533930374452e+00
6.493770471964807278e+00
4.827546429057531618e+00
7.761204071601886412e+00
6.186674388347509712e+00
1.857520785437885014e+00
1.244100523572869932e+01
4.859441953371504752e+00
2.349153669784564613e+01
3.389986226028290162e+01
5.169735194840519021e+00
1.066172615587522632e+00
3.887075119128996281e+00
6.040434788831078095e+00
4.065162069469661965e+00
2.127390003554535447e+00
3.412216662976982562e+00
2.226853040841085818e+00
1.235999024876022645e+00
1.268598452465357873e+01
4.450248915311352249e+00
2.242817562944671828e+00
1.596365073059461626e+00
3.209098135264247809e+00
8.610113617149010024e-01
7.183399064071577023e+00
2.149838337011887202e+00
1.184186185671152192e+00
1.897167550185619556e+00
1.205161928762616519e+01
4.135345343666000595e+00
3.174240613329876837e+00
1.155333312626106057e+01
1.945283651278441495e+00
8.259344497545431096e+00
1.613100122566715422e+00
5.588282689304088002e+00
4.645862868979961036e+00
1.249617067186791175e+01
1.708799508490107977e+00
1.111688431132171528e+00
1.330493779173607116e+01
4.390056904272656269e+00
5.221753109298909123e+00
7.446525440947477037e+00
7.643255464282758815e+00
5.039355346670753022e+00
2.255516926321315196e+01
7.615680620735364670e+00
1.667034624561884559e+00
6.116060105487862941e+00
3.829873701269143282e+00
7.707859356845177423e+00
1.958124234442842226e+00
6.469798223914223989e+00
6.553972017242910120e+00
3.639246159167303318e+00
5.347486117579106413e+00
1.158581158081719575e+00
2.947601294607228084e+00
8.757950934267132226e+00
1.743978534043934214e+00
4.160314660942216136e+00
1.659829037620390935e+01
7.066288348948454257e+00
1.146409028131585295e+01
6.273984766431272675e+00
5.528048243647543103e+00
3.659942259557588784e+00
1.872080495910692477e+00
8.894282393823191413e+00
7.573636425807152683e+00
3.051774946759098661e+00
7.840719475973631170e+00
2.872053030414330355e+00
1.848912809612963670e+00
7.945047204765076643e+00
2.977019688743760106e+00
8.512545940257723487e+00
9.340805959477489040e+00
6.559425855285399898e+00
5.593822054929230347e+00
1.407320980904729790e+00
1.025293660818759101e+01
9.094348969585430709e-01
3.790381481545760600e+00
3.381139167208877971e+00
9.192052745085632637e+00
2.161679506923259275e+00
2.343749488122822022e+00
4.682094599415156821e+00
3.577172375081181688e+00
3.272971266605481766e+00
5.008415949114921162e+00
1.474859791466848424e+00
1.641542946902346145e+00
8.366465894861505603e-01
1.760178499374895011e+01
4.399342725718634384e+00
4.664234523203451666e+00
4.153118512741043489e+00
1.717148973582506510e+00
3.133251199797637110e+00
1.122173306360070066e+00
4.632219113642409347e+00
1.909716330509959814e+00
1.198895052894963786e+00
1.866325925188562440e+00
1.882719312070088913e+00
4.395625649068334084e+00
1.274170277864973677e+01
2.601673811373527379e+00
2.519933156826913212e+00
5.917687157269734932e+00
4.628724337714001713e+00
1.222233516681163534e+00
1.070574919507463107e+01
1.562464093947378174e+00
4.484591684398061773e+00
1.176518415843109366e+01
3.988425967306504782e-01
3.954670078949511502e+00
1.079071122237675207e+00
8.540135326895375911e+00
5.145989113543969928e+00
2.746068167460320009e+00
6.353853735658292479e+00
1.661382434709894884e+00
5.635283584380496258e+00
2.885673075474308735e+00
3.963030034580486749e+00
1.106458464284917653e+01
2.031180927018579396e+01
1.520710627823355754e+00
1.035737615864839256e+01
1.260645936447553739e+00
9.667031084589510215e+00
3.399689590482669832e+00
2.523880138154935615e+00
3.810929362837274237e+00
2.805874635456496335e+01
5.894823529302322562e+00
9.062678628274408510e+00
5.012266695268151828e+00
3.693951695854430284e+00
1.406841926302349721e+00
4.364083579228304477e-01
8.907887233831203844e+00
1.460234743479748909e+00
6.592403827389439641e+00
4.573036809072078768e+00
2.388732003676837579e+00
3.107723743531988880e+00
5.484257905591830351e+00
1.635961889743165898e+01
4.892827574011676894e+00
2.054837558523198826e+00
4.398390131394487312e+00
2.942062773360974326e+00
1.333919472033090692e+00
1.013009239565730901e+01
1.301795908540103408e+00
1.614593863719768052e+01
3.109062395028609149e+00
1.734441065009401539e+00
4.038255053833925245e+00
2.796178926146920318e+00
5.524039721730200192e+00
6.087937530687830279e-01
4.663341742469572004e+00
2.691806345643449117e+00
7.971739880213676521e+00
3.831849899898772449e+00
4.289089849077334371e+00
5.024506234302971386e+00
5.085054094306648231e+00
1.772255712622952473e+01
9.895880617611682029e-01
2.737444834451372344e+01
1.870884328865559887e+00
4.122415268621136164e+00
3.209041491380699718e+00
5.893240604534080163e+00
1.879658673122583945e+00
1.080669542104870473e+01
2.486069834702602321e+01
1.689959377873273549e+00
2.251553593436628375e+01
6.233167710496733349e+00
6.179698732410992434e+00
1.288405931722581954e+01
5.976859067795407654e+00
2.920874969977962365e+00
1.327487509490361184e+01
4.475983936646294126e+00
3.371073907586962015e+00
3.884130851374364202e+00
6.098983528127416065e+00
3.388876930679306732e+00
5.895436190766020879e+00
1.168774099348384388e+00
5.101177840882362702e+00
8.393844054098498209e-01
5.795338743692723504e+00
2.457813953914750993e+00
1.218974365360632817e+01
1.496514185879963543e+00
2.869524450250770631e+00
1.050620951077985765e+01
5.921000999810244636e+00
5.034574816839406886e+00
6.617562347170059311e+00
5.973132830256740355e+00
5.562446009847995754e+00
3.421451582238390188e+00
7.016920268458391341e+00
4.958090917937531650e+00
3.905199667124238605e+00
1.406243285269693999e+01
3.010884197652300642e+00
1.299856356303835003e+00
4.277578980330004832e+00
1.311919117005935664e+00
2.723611027037839527e+00
4.769261577455952583e+00
1.775094728821963619e+00
3.109662885730084092e+00
2.711145300549027137e+00
3.328018856552703131e+00
1.102544711385346865e+01
6.155264356921977154e+00
9.409150706850605284e-01
3.613955063806093104e+00
3.353013953274596393e+00
2.323351864551912449e+00
2.063908813821527133e+00
3.358647156305655024e+00
8.832916980921373673e-01
3.383646520649726153e+00
9.846549557046047951e+00
3.196282499248955133e+00
6.144937836043690815e+00
9.572064197207495795e+00
4.682430513082361578e+00
4.904609108129268868e+00
2.219788538778810771e+00
1.506516666939239135e+00
5.935606144119804917e+00
8.766223462268495581e+00
3.231220642357354400e+00
4.541950851188871319e+00
6.145395744707575325e+00
4.980439068122259449e+00
6.306034825819591738e+00
1.856755085370038927e+01
4.938307516405378905e+00
2.632841042321561797e+00
7.844862849261979854e+00
1.070388541113698722e+01
4.104056331499441157e+00
1.145486791380669800e+01
2.671630030982845572e+00
3.643158696277059683e+00
4.334086484011210771e+00
4.000086174901273495e+00
4.582879935490580259e+00
3.902698483544297048e+00
2.662316847003913800e+00
7.670630927159900914e+00
1.084287034299940000e+00
3.166966538390549424e+00
1.908574779292605328e+00
2.534580459633615668e+00
3.378791750297357233e+00
3.397389175454761379e+00
6.143435050869856084e+00
8.170350155329176189e+00
4.449641091044270524e+00
1.698581077170327358e+00
9.615964358323122241e+00
1.148993592407916609e+01
9.551444120252698511e+00
7.929682232731183333e+00
3.909542555235392847e+00
8.474309238233662001e+00
4.348208175166979217e+00
8.911740948919767646e+00
2.864151729868473772e+00
5.748575641884645648e+00
2.422748396616790423e+00
6.137869588455114211e+00
7.095711780326242613e-01
8.753940709623121208e+00
3.295808360278021709e+00
1.388390825181400778e+00
8.115152260342982871e+00
6.276972025703414282e+00
2.233495390744073461e+01
2.262128137167346509e+00
3.611446679262559911e+00
1.165206071323906967e+00
4.396255005258048243e+00
5.399258211129288831e+00
2.945166032489418662e+00
7.051057349525635232e+00
3.272287019671648256e+00
3.743106925155502918e+00
5.259920295771276511e-01
1.134244786454998488e+00
3.358023708285974962e+00
5.514313380408977228e-01
2.962778124198983676e+00
3.642118564272138759e+00
2.095907195426699232e+00
4.927289508317025835e+00
5.238997475940555759e+00
1.165956414816264441e+00
8.063936323662568739e+00
2.722192718479484963e+00
1.453515694237135225e+00
1.184074814064897474e+01
2.837320586087253016e+00
5.417730063207619295e+00
8.734655588777386015e+00
1.661309660223206475e+00
5.234038679928093352e+00
3.947225483537160073e-01
8.615716971434643767e+00
9.456399042203214478e+00
6.194800143597503528e+00
3.925978783658818472e+00
3.985451542971206962e+00
3.912838146673150330e+00
2.376267396723644953e+00
6.795773138203299091e+00
3.537857156940308556e+00
9.148641223360218788e+00
4.450906636433606955e+00
5.171684339604105674e+00
6.763028111444725710e+00
1.481196787469996723e+00
3.286051306605530797e+00
2.638727936133617114e+00
4.923450353450265382e+00
1.393773039438605421e+00
2.832535461067408722e+00
2.765753492745190112e+00
5.132037205116687595e+00
1.240014003991606906e+01
6.683445417564456648e+00
2.536858678211752594e+00
4.736783649453577993e+00
4.370284154161184764e-01
1.332225868125702650e+00
5.369686796698984743e+00
5.232483538584108196e+00
1.175322951369873259e+01
1.347686242377243815e+01
1.353731675172394899e+00
6.810536804732467253e+00
2.106508719877243863e+00
2.520224277772018073e+00
4.178052813113440678e+00
2.246437821010269786e+00
1.795952135437920205e+00
2.758349352852725311e-01
1.729115272140086423e+00
9.227308255756570432e+00
2.745752441603404481e+00
1.064324614405105685e+01
4.686660549605428550e+00
1.120066845414751455e+01
3.328124743174560862e+00
2.022645941761244792e+00
1.155958301251211928e+01
2.148477205806014823e+01
7.097149625751372426e+00
4.341494843562069050e+00
3.057748920271989856e+00
1.020374501971843095e+01
3.319233147192246491e+00
9.239976256255193476e+00
7.200089785286165167e+00
2.286876470481733925e+00
5.803303647939784815e-01
1.220256275860465323e+01
1.054657030941424445e+01
6.021028589078554205e+00
9.884470156142100450e+00
5.074836663203503129e+00
5.506689200629750758e+00
1.675584444233006565e+00
1.156947193526308126e+01
4.733652979664013216e+00
5.122663082753458497e+00
6.688155638656879454e+00
7.676994565525335545e+00
1.427948018144422848e+00
2.988781590920463138e+00
1.273918658609678545e+01
4.797557545863417872e+00
7.508638193692298124e+00
1.927161413193482664e+00
6.939131413678063964e+00
5.663462733226412915e+00
5.329234891117056172e+00
3.078573912349500841e+00
1.143586596634661445e+00
1.562094838266347097e+00
4.961088854788223479e+00
5.492629695176099780e+00
1.346974204942462627e+01
1.250401764388894499e+01
2.369478990827168285e+00
4.759463399557028573e+00
2.416470868963506380e+00
4.575079822602734936e+00
1.257258628573397763e+00
1.850223458348084993e+00
5.458205022764977876e+00
2.521718006092380726e+00
5.867423087818464111e+00
1.249940158338690210e+00
1.183937586165689382e+01
7.538906258964998663e+00
6.377930143373220062e+00
8.358169050378446485e+00
1.069886278458902051e+00
6.948841967084838700e+00
8.330439005582388479e-01
5.979666080126972538e+00
1.108218479522847844e+01
4.835886860659105224e+00
4.501552311201331591e+00
4.556525765787432292e+00
3.756508757920206776e+00
1.403009997603754666e+00
1.502816709025619701e+00
1.574301095202855327e+00
5.504284700609961334e+00
4.593524162725419302e+00
1.605768754411513299e+01
3.506747501784278853e+00
2.939341213562359112e+00
5.051608773681698139e+00
4.157380634086680793e+00
5.563532208968162696e-01
2.087574459446099873e+00
3.330237201286342152e+00
1.246490351004888364e+00
8.036567224306281787e+00
3.680805046024257621e+00
5.853153397630437738e+00
4.739129312528076454e+00
4.032854364982830120e+00
2.792805266540107745e+00
4.515121190837993126e+00
5.663477578888048924e+00
1.236095559819649026e+00
7.539000384352376294e+00
3.479455127606019715e+00
3.648471042138355713e+00
3.561249734165956138e+00
2.535794966679337570e+00
1.055673338456467292e+01
1.069650305403698276e+01
4.555955220045724730e+00
3.391120971133359863e+00
1.172967100699968679e+00
8.302137964380673196e+00
1.361256774074205644e+01
1.895802502773211273e+01
4.587693906882713613e+00
5.049118874974686477e+00
3.241196580540662175e+00
2.975597922001459228e+00
5.047500446619561210e+00
2.690103164423763626e+00
5.985841448109997742e+00
3.794577928019545521e+00
2.530047204404089811e+01
4.078359825009094664e+00
2.913196079513498127e+00
4.398658590598277129e+00
2.689623728850905504e+00
1.241625162652394199e+00
1.063837156303444109e+00
1.581934253514370337e+00
1.665044209310986956e+00
4.780588007725205202e+00
8.415788524464136167e-01
7.751581214700854261e+00
4.263885489786543914e+00
8.537880607967909263e-01
2.116897758349945757e+00
2.387685535498925482e+00
1.114376904748297470e+01
4.045809623300873348e+00
1.205470040680337807e+00
2.493816123508570293e+00
4.193016473591132609e+00
1.243172145129382145e+01
1.890671724200633230e+00
3.598093845826676684e+00
1.322678751843951517e+01
1.552303467368033818e+00
1.291977714105321251e+00
7.347095941119084372e+00
9.549419731561187286e-01
3.970182643570239200e+00
4.708310228215732529e+00
4.762360173380564277e+00
8.964374542598919637e-01
6.710661128746187032e+00
1.099920262821018291e+00
2.272761752752620712e+00
2.267267014918025847e+00
7.495289016192433706e+00
3.024180906628404664e+00
1.922360154921454622e+00
8.439470274272540706e+00
5.719817328070924134e+00
4.599032810419425132e+00
6.288801781826152570e+00
6.073491954312737917e+00
5.358904638061190440e+00
4.159929471071666995e+00
2.921887022082908736e+00
1.432811483100364214e+00
1.919187733285768527e+00
4.090372458511017051e+00
3.535271926054353031e+00
1.783871668001878241e+00
4.814522519999278494e+00
2.075434682810736575e+01
4.843592717688087745e+00
2.114505106579694704e+00
2.076095322465594251e+00
9.986915761427397342e+00
1.338530558580446694e+01
3.365381840238235611e+00
3.492847656820534663e+00
8.618442196575367475e+00
3.234286015042451723e+00
1.390543326873200058e+01
5.361434114674061391e+00
3.328805609881366312e+00
6.142751780468466372e+00
2.148993098860673800e+00
1.949861656128629050e+00
1.665666514865278947e+00
3.389173859757186325e+00
3.433405155820834942e+00
3.650105494813602469e+00
1.089388475360425090e+01
8.265924679099835970e+00
6.078923289166024091e+00
2.850761296147455770e+00
1.853341153921505224e+00
1.098287091407562599e+01
6.613223557691211951e+00
4.201561893890996657e+00
1.583195492089571665e+01
6.107410019005643953e+00
4.648684983209443899e+00
2.422070073183511862e+00
3.035030529562670054e+00
8.860615605063689060e+00
4.913891752431575277e+00
2.370513164437267051e+01
3.473197333548039722e+00
5.881979895726900942e+00
1.529003078974985996e+00
2.479110374835587827e+00
2.092657299669339999e+00
6.159967753609457475e+00
4.240327848133341959e+00
2.286943381478308002e+00
1.228362698967618094e+01
6.650817637437190122e+00
3.839289327727445578e+00
4.316033780070733350e+00
7.303020926869568941e-01
9.420187401995145038e+00
1.409978006178282284e+00
8.042455061658143833e+00
3.859470028785859430e+00
2.904141434067450955e+00
6.016351770815102640e-01
1.105648819552978779e+01
3.709045943335258944e+00
2.933151326587850605e+00
3.934815888001215178e+00
8.019261129244437569e+00
1.245984253316965606e+01
2.180943862910013742e+00
5.129253343493760831e+00
2.370622058457239056e+00
5.879829965673641468e+00
5.806078806306469886e+00
8.381539621854967592e-01
2.705262860619600751e+00
1.124248925636673846e+01
7.588270208876956247e+00
5.102696803834133377e+00
2.571664015263358749e+00
6.549419383717563825e+00
1.489739882133947591e+00
1.028632086083135277e+00
1.474144278560431331e+01
3.912573878705936981e+00
7.102912537655411640e+00
5.785775119529911192e-01
3.535851438772662281e+00
7.990214267037202278e-01
1.508036858822416670e+00
1.293492253090446464e+00
1.758384495332998654e+01
4.251050930879379131e+00
3.157485654131729547e+00
5.303166615826684804e+00
6.256806078574129515e+00
6.215961189482614557e+00
2.031945530768311858e+00
7.340442149603528810e-01
3.886471167000088656e+00
9.171834961928402308e+00
5.442604376283717293e+00
2.277563004053532403e+00
7.135198694869178127e+00
5.900363941676302737e+00
1.583958051026158387e+00
7.744382686393382009e+00
2.752859146494730069e+01
2.727025118330399955e+00
8.525191300537285244e+00
6.667399449131020006e+00
2.736110156879207445e+00
1.217092679474074757e+01
1.042898935102158253e+00
2.223286398009332920e+00
2.963142558664703774e+00
4.817998607823087198e+00
4.297617646319638496e+00
1.995912182903538890e+00
5.738774588505817675e+00
4.168410640598724903e+00
4.457290718055084255e+00
3.345717774546034029e+00
2.718691060021692696e+00
1.815369507826710471e+00
2.660135588511482574e+00
2.471025294891181723e+00
1.281011680072840830e+00
4.219005719248979602e+00
6.725222759776317893e+00
4.226580434038820222e+00
3.136451680010711840e+00
6.919551082385341223e-01
6.064436777951058843e+00
2.941364036134647808e+00
9.861512748854410759e-01
1.036556835005714827e+00
1.203993578236432249e+01
1.611605591980547647e+00
2.809082337090751835e+00
5.888169623459533319e+00
8.874077921361159582e+00
2.824852688967779635e+00
7.218455360153750000e+00
3.033574171071781844e+00
4.666121395330761423e+00
2.073165031956845095e+00
1.322980371675332556e+00
1.644364640070957506e+00
3.715841924240609995e+00
4.358016290236768953e+00
3.915790882027512687e+00
6.684355714333611864e+00
2.688407990207953180e+00
4.660954269147666196e+00
8.549680160691799813e+00
1.661216688041339040e+01
2.739009368897849850e+00
1.859964464818762986e+00
9.070975596613759961e+00
3.579549245218037967e+00
6.430049382640536493e+00
8.627489080178722958e+00
8.093891531396891992e+00
2.153618268220887533e+00
2.368311241140486967e+00
7.221803884731611944e+00
1.176671915524306389e+00
2.597733723907362791e+00
3.855515108207355990e+00
2.285152077412226479e+00
4.591801617980770800e+00
6.256491410041540746e+00
1.187293602872393050e+00
4.023998785149769830e+00
8.888688216743553028e+00
8.571959475540653628e+00
2.794173587672935000e+00
3.827202921832152160e+00
4.966199632066643943e+00
2.160126516575922029e+00
7.991406341219462028e+00
4.763557846588123645e+00
7.554130076875261501e+00
1.751164078381291134e+01
3.733339234489786662e+00
7.174618079118706859e+00
1.196959382214150125e+01
3.014423551659603184e+00
3.592071582585993461e+00
5.148619414256361715e+00
8.358688680309979802e+00
2.793178239936601415e+00
5.987033574763152899e+00
5.618999475788454490e+00
4.731560215106149769e+00
4.918269639342621957e+00
3.598210421957853455e+00
7.306364386406786871e+00
8.267080346953703085e+00
1.304180459326013564e+00
3.230307866433340003e+00
4.075762141642656822e+00
1.623192187948282461e+00
1.982164679187741640e+00
3.205145009580632198e+00
1.571647332704202871e+00
8.553827510716057958e+00
4.322533556254134268e+00
1.198643689448033456e+01
1.109778108613608438e+01
3.604750513406928203e+00
3.765041872931342404e+00
1.413548313106823251e+01
6.638053513457403909e+00
4.837274518795412703e+00
2.078517781587066349e+00
1.189450639570937263e+01
7.747373962300303951e+00
1.968137855949665038e+01
2.011342149291536874e+00
4.382687396235440680e+00
5.389129654015604842e+00
1.570174638196826500e+01
1.194505493374040883e+00
7.072190034725241325e+00
4.115288655244452087e+00
1.876003033163762712e+00
4.003038898426754422e+00
1.914411472031545491e+00
1.948457347776033410e+00
7.692340855265257460e+00
3.946802774533889835e+00
8.287180824902492526e-01
3.375509864520558789e+00
1.328546024299337347e+01
3.144904467962426509e+00
2.844087312561938319e+01
1.087190055948986211e+00
6.230849942937886965e+00
1.584271076214193608e+00
4.178115503217853188e+00
4.038913977597593963e+00
1.039881088881842075e+01
1.200263125074510384e+01
5.718512089358502415e+00
1.226124586996991539e+01
3.843518418022854988e+00
1.406329065087207120e+00
3.026158292574494091e+00
1.650885034606710544e+00
3.056950175844671769e+00
3.594835054498400240e+00
9.759085321545537539e+00
1.053313145869621437e+01
1.635901214309734675e+00
7.321225666858769188e+00
5.855104084709793488e-01
4.504114352416051403e+00
2.179416157076800697e+00
6.287281862872438509e+00
1.828137482546411174e+00
3.316275585906564238e+00
5.507171042184300092e+00
3.856324160542959234e+00
1.656167864873639317e+00
1.079409361662500366e+01
3.298705403995513930e+00
1.383047077376474476e+00
7.501348267597310659e+00
2.647735613206517513e+00
2.029053496771395793e+00
1.590082831020702914e+00
5.405223629691610299e+00
3.166216388487861799e+00
1.575334782773232245e+00
8.842504046931743744e+00
8.217087257159445102e+00
8.568800886521460436e-01
1.608667128020438497e+01
2.007416545633295524e+00
1.739323695210439613e+00
1.211142322799628701e+01
3.683635215164598353e+00
5.100786472952202111e+00
2.367387208248262098e+00
7.935084027890793035e-01
4.954696524607861363e+00
4.116148301539587884e+00
1.189703352012000614e+00
2.317066521563144743e+00
2.745860895508771549e+00
3.967047360877492324e+00
1.309684890349357200e+00
5.430324853380524175e+00
1.082842247335102925e+01
1.732246460933315690e+00
7.407630021796522968e+00
6.453460150908199466e+00
7.587412345735230268e+00
5.260232254209955549e+00
2.952358449716753430e+00
2.863906165499687795e+00
2.904565727065211433e+00
2.720339291960188088e+00
1.843736228357596207e+00
1.419768562886819119e+01
2.586507078536408155e+00
3.310484823605584825e+00
3.770767043135259122e-01
7.148060116968334654e+00
2.065055795945176520e+00
1.579737521120982091e+00
3.183647171168900059e+00
1.237465362130920177e+00
4.679964534340336435e+00
6.875480678904064114e+00
1.812978004212195771e+01
9.503266157676790726e+00
7.089347630794115673e+00
3.399138229485107576e+00
1.929314519941665695e+00
1.599091578211563114e+00
2.344242176528109844e+00
4.556501023514184290e+00
1.443352213706134535e+00
4.065685932582221440e+00
2.366409312144799326e+00
9.678699912239389080e-01
9.541894552104880134e+00
2.678002803542464338e+00
6.138917583894884622e+00
3.138519389230275625e+00
2.537041072181995816e+01
5.187428504118811290e+00
1.014652555806858203e+00
3.013314169778891660e+00
1.163964723000945156e+01
1.259011716986594998e+01
2.885651939176014924e+00
7.558429861822020257e+00
6.653249947424718869e+00
2.816317335669596300e+00
8.702373927154113176e+00
2.447135483977787906e+00
6.563245869143441880e+00
3.671302248807909674e+00
4.593497551507470966e+00
1.303947807431614647e+00
8.590151529619689086e+00
2.967775864787942197e+00
1.187303787276048084e+01
8.047969717246132859e+00
3.338557255255708789e+00
5.073916656422381877e+00
1.025057753436161079e+01
4.184561489090250497e+00
2.089875050898523767e+00
2.173050417815772128e+00
1.104288842381223112e+01
2.098376817002663763e+00
2.314482813323647026e+00
5.475506437814129157e+00
2.249934613054200838e+00
4.747110338264921126e+00
6.473794054344156557e+00
4.907074299395270955e+00
8.743156902728319579e+00
2.644864834870555459e+00
3.062646303869121844e+00
2.228552762491962547e+00
3.031702203009793539e+00
6.567012020779507075e+00
5.380707029367040484e+00
4.942152106801600553e+00
1.320651473675090060e+01
3.878312267116801770e+00
8.302750331009112195e-01
3.029181899882276596e+00
1.367705898673864340e+01
4.505328891044091399e+00
3.465026547057319828e+00
7.177849202491347391e+00
7.325736536875322003e+00
9.370008847375340677e-01
3.312465969493586737e+00
1.574279584381398145e+00
3.063832805175220830e+00
4.520540677683349884e+00
3.875629227456327541e+00
6.021801550033588413e+00
1.403027840829027761e+00
3.480902747669601283e+00
9.092645626503575329e+00
2.086749354382435140e+00
6.284152471293065645e+00
6.186686136621366572e+00
5.811494815438043027e+00
2.452876527013692520e+00
1.588929853901845046e+00
9.817674341706737806e+00
1.162419784803848088e+01
