1.805152381334680145e+00
3.811128974816137216e+00
6.804134727878440536e+00
3.209414032810391504e+00
5.920217096688698000e+00
3.690311956975194541e+00
1.947706257148955400e+00
3.111606209679067092e+00
3.944428303295993921e+00
7.643203514093981354e+00
2.219584353349714601e+00
2.151002654435872685e+00
7.786070761632899462e+00
3.902827115438308070e+00
1.895036385762627340e+00
4.774258994939479805e+00
2.484244426272596673e+00
1.995621455356119345e+00
2.262617464465892070e+00
2.650495598505752337e+00
1.971876840583372203e+00
1.345426565350946291e+00
2.954623802028840895e+00
2.282884377496021244e+00
4.477425562125900704e+00
2.688281681829270298e+00
2.360287935606969700e+00
6.438790696344141473e+00
2.888909567890189045e+00
4.679816114094883517e+00
1.354014138476010265e+00
2.520472825730754707e+00
1.729316592853803458e+00
4.608312097567201171e+00
1.250389756019147480e+00
2.508442777370476051e+00
1.652423675379679047e+00
2.028190127406440446e+00
4.814995977831113549e+00
3.428460196146956740e+00
3.572581773619507572e+00
4.196248751303735425e+00
2.690992413057719190e+00
2.235846422154939450e+00
4.782322932028701956e+00
5.780795413984945341e+00
3.754553926781453388e+00
9.248106956918255017e-01
1.334627766495334811e+01
2.763266706314772225e+00
2.997689282875233729e+00
3.340831910932339444e+00
1.181274760233041121e+00
2.017134883708222581e+00
4.667940646729659804e+00
2.997135258684731518e+00
7.445732967469758101e-01
2.322808719834092539e+00
4.904313047560423300e+00
2.802421844606484136e+00
4.335167585896076758e+00
5.484168805904126032e+00
5.432531094894526014e+00
3.915105113331424302e+00
3.634782728727300682e+00
2.086655723833623632e+00
4.104182587074270749e+00
5.689621246912620833e+00
1.543212726174305605e+00
9.527392630026795928e+00
3.832766608455725255e+00
1.966772541221385229e+00
1.751960924442211631e+00
5.208409966649726996e+00
2.032504424069503379e+00
2.849339631972229725e+00
3.405810029917104576e+00
6.412411093409171592e+00
1.880475429674197896e+00
3.479476670990223397e+00
4.703839324767149499e+00
3.051032885192439981e+00
6.376231221463219079e+00
4.227621972181862198e+00
3.485169938682622259e+00
3.874095398351570463e+00
2.165358702062397445e+00
3.535833383260188700e+00
3.994845315491871496e+00
2.390166476105749283e+00
1.585170925408583509e+00
3.028412428883010765e+00
1.822468377726634170e+00
6.699463766230086215e+00
5.763622292580353523e+00
1.103525667606979566e+00
1.979640481742527713e+00
7.533329736908298102e+00
6.148821055718365791e+00
2.280794341317512686e+00
9.135254738489633652e+00
5.276990528096735744e+00
1.612523758786559291e+00
4.687620301868767214e+00
4.437162598239679845e+00
1.070887702746320613e+00
7.032641091693417223e+00
3.968325417841549463e+00
3.469708985566706705e+00
2.332138112893521686e+00
5.511438423044745960e+00
2.941946501891362864e+00
6.910338617565691344e+00
2.613944273853488376e+00
3.417657627515427787e+00
4.452189977379302555e+00
5.107581614453364338e+00
2.120124239880207373e+00
6.155080391064975842e+00
9.083224932547192765e+00
1.686238403243898398e+00
1.356430438840445118e+00
1.944440371000325740e+00
4.326951522124179661e+00
7.033138574966803169e+00
3.704484076095047929e+00
8.397132865675725810e+00
1.069253375611909362e+01
8.600419906891078270e+00
1.060157352332132064e+01
3.580911700864303437e+00
1.625650235319222148e+00
4.709180974123920116e+00
3.105650739218516865e+00
5.247419116589878918e+00
3.930035634514651655e+00
3.063426646514161522e+00
1.402549301283416483e+00
6.888795274663404022e+00
3.348142364633647006e+00
1.403955050017807960e+00
4.019248545697808872e+00
4.010848883857967451e+00
2.005011142095081134e+00
1.523241895449569450e+00
5.053912154120417277e+00
3.273515437330806854e+00
6.184019469770328570e+00
2.557080964913170718e+00
1.694417890750239630e+00
3.324832426075646552e+00
3.841237009157343785e+00
4.305131142588928483e+00
3.763624872510837882e+00
2.960305814576192240e+00
1.531185654882615932e+00
4.205354471149249207e+00
3.862955094861627359e+00
3.741532309900746256e+00
2.920870424709055335e+00
2.648976721108530885e+00
6.783284526777068280e+00
2.299704287801497493e+00
3.157885650334535388e+00
2.252073636505284249e+00
2.827687606800386888e+00
2.155458839380793634e+00
3.442052349565503100e+00
7.456081522761510705e+00
5.614792068663832403e+00
1.870162675864412316e+00
3.824975768571142520e+00
3.770938212704028736e+00
2.057376391343545219e+00
4.670387148075341166e+00
5.105188961265627157e+00
3.197414415403309285e+00
3.424359226771916287e+00
1.621115291669831926e+00
1.549596682433318939e+00
2.180068760813707041e+00
1.534199311997726189e+00
2.313207987393974818e+00
2.490096742422206688e+00
3.596937760959566077e+00
1.077885044470834330e+00
4.299507810457794399e+00
4.657457863671744747e+00
3.687856485017625641e+00
1.920652128123208513e+00
5.849796176822136928e+00
5.208397254642772367e+00
1.383818270481924850e+00
5.328336897528181737e+00
2.074281175641790487e+00
1.955658788073709520e+00
7.321109406186264934e+00
6.785230806066229192e+00
8.421515966920529728e-01
6.587004671435168213e+00
9.513770379277212141e-01
3.054742396817610395e+00
2.465585834889631567e+00
2.266652474807987261e+00
2.484107495299337831e+00
3.220876926870090085e+00
1.542893553146995611e+00
3.583156754256493493e+00
5.652557061319748222e+00
4.299081791614327130e+00
4.084557760923836156e+00
3.536603703516087993e+00
5.877149705221704323e+00
1.817302291002640402e+00
2.560183721701869253e+00
3.142535276769606867e+00
2.468830618162086044e+00
2.189786475451667602e+00
1.764857951413901116e+00
4.620614877922095687e+00
3.247233698570950899e+00
4.124470293799199716e+00
2.337012329081072259e+00
4.023610275409085446e+00
2.964275715147023149e+00
2.249145498990368086e+00
2.796063855371050177e+00
6.468562785725050723e+00
3.291609713893183908e+00
3.356835539758209919e+00
1.839562687776492789e+00
2.305082125054929154e+00
2.647338870040197190e+00
2.193244291448476879e+00
2.831199772656836977e+00
4.246076493972907429e+00
2.995368076021994952e+00
1.292385702020542926e+00
6.028766941101225463e+00
4.847994504954268535e+00
3.651324976117972465e+00
1.559301555340531831e+00
3.702761544135777516e+00
7.297840238319787121e-01
2.650220870015567165e+00
6.316670542849017522e+00
4.493742049844684061e+00
5.979951246881544336e+00
7.483026568042234317e+00
1.931806303857192875e+00
5.620385681102778364e+00
1.378977007081749973e+00
2.187701083404427482e+00
1.420888988585701007e+00
2.330397422709079791e+00
1.397054269485748623e+00
7.570894302063724268e+00
3.049709233377960071e+00
6.940025506687828027e+00
1.446949206202220894e+00
3.470797081422924091e+00
6.202158355389189026e+00
1.818267034505018698e+00
3.392900276976856144e+00
2.020754507697381630e+00
3.155318622885212587e+00
5.337051625088320428e+00
4.084331970417932389e+00
2.181806238660525921e+00
1.237336123313695690e+00
3.219021754139667735e+00
8.199531571849343337e+00
4.418615674786470215e+00
1.151815386771180982e+01
2.556970596347146518e+00
3.710727337344245313e+00
6.351872273204812736e+00
4.696744359406527458e+00
4.699738098835744893e+00
1.880809153799265721e+00
3.052620773513786023e+00
3.423715223642670669e+00
1.981809948197629678e+00
2.868904207997509115e+00
1.026198676172158564e+01
6.493353851396223675e+00
3.319829671377240832e+00
9.499321422751469512e+00
4.006215155027909702e+00
3.400609060720117149e+00
2.129591721004541416e+00
3.847934724298717413e+00
5.422906550154835692e+00
4.537119116103498051e+00
6.009907402482262739e+00
3.311120804598412626e+00
2.712396592768928638e+00
2.326241851094299484e+00
1.986014737321709855e+00
3.157273281944656063e+00
2.004061566066874800e+00
7.677262230659756881e+00
1.372446988106158061e+00
3.886539352073564491e+00
3.212357442543789965e+00
1.716724978199478002e+00
2.384512615176572758e+00
5.167165498780748045e+00
7.447868723063010066e+00
2.056794216426521604e+00
7.368881129305318467e+00
6.956206719512792347e+00
2.147376334628833927e+00
1.758898305446169097e+00
1.752487298459745269e+00
7.978338633331212293e+00
1.484205077267864548e+00
1.039355943128367521e+01
6.978542688281944351e+00
6.603071022375722521e+00
1.685675867382133042e+00
3.953113245740553783e+00
5.375883156793954676e+00
1.107420332111967198e+01
1.952985186892971736e+00
2.630986955521401160e+00
5.184494194604838846e+00
4.326359681583322292e+00
4.544674598741610616e+00
2.678199618670886295e+00
1.553257311652869621e+00
2.981017625969279550e+00
5.949951336530849844e+00
8.653106674637239593e+00
1.349091521299948804e+00
7.826082245311880570e+00
8.538527597195466612e+00
1.384109393882207550e+00
1.179029072683273860e+01
2.131261195154134036e+00
5.196150459193464854e+00
3.870219615401690127e+00
5.436272083141724387e+00
6.940765308877830719e+00
6.556377237220140763e+00
2.468090582609232086e+00
7.265722517396939750e+00
2.815109203538431082e+00
3.022976476749514418e+00
2.193852356798413616e+00
6.714337516116083648e+00
1.277370791853502574e+01
5.602947006295816657e+00
4.846542179512098869e+00
1.489157069146695322e+00
2.850836586967750552e+00
6.408798258573527029e+00
3.503696925683458918e+00
3.221175630866510264e+00
3.475375276490055843e+00
3.522939775690853814e+00
1.687845014456482051e+00
3.604109220983355399e+00
2.161386021032994709e+00
3.071883715227965883e+00
7.613505650523723745e+00
1.929022873791767401e+00
5.407151529643680732e+00
4.068318670379968971e+00
2.688813127114361823e+00
4.080820334573203922e+00
3.038405063972263953e+00
1.010341427242165047e+01
5.532558934909474146e+00
1.855890348683453261e+00
3.208865762527872700e+00
4.600430093889190886e+00
4.055352727086187770e+00
7.388389350731348060e+00
3.509053952797023701e+00
6.263372064727581900e+00
1.416338291735591559e+00
6.462639264357061819e+00
2.398120331355625634e+00
5.093432004104693434e+00
3.694206403866253208e+00
3.704303758551031667e+00
2.225971849751735565e+00
1.013972827905580409e+01
2.162407980748178637e+00
1.222480898622284817e+00
3.821040033654978352e+00
3.755255035745800107e+00
1.736310229491069723e+00
9.682374403391730056e+00
3.572753485838022325e+00
1.662467122968118272e+00
2.072811702342799212e+00
7.662068999758584908e+00
3.391924532375996115e+00
3.527557219029945568e+00
3.103028954363078018e+00
6.732673512071846389e+00
5.140727711432983682e+00
1.669395956979525364e+00
4.412378350833368046e+00
3.359391929712274738e+00
2.074711201492952295e+00
3.569741126171223300e+00
3.551659217470815921e+00
4.191821868317691546e+00
4.361269987572191198e+00
4.155152802906980192e+00
6.357784708475409552e+00
4.866096071073791052e+00
2.468016889577628437e+00
3.785908678829003726e+00
4.302529735476202433e+00
3.834976446685121498e+00
6.090916896800923297e+00
6.242919558048241946e+00
5.664077349582189669e+00
2.950748254718935648e+00
1.626413142454681937e+00
1.740072335567916628e+00
2.999992503613126082e+00
9.899042559108767181e-01
1.599975349465869723e+00
1.559183038152458955e+01
1.131584253444191290e+01
3.347226562245517734e+00
4.287916900721333135e+00
1.999269095306748900e+00
2.878275553571723044e+00
3.306051183841743235e+00
1.667762270290395366e+00
4.001300737907058647e+00
4.239226044748878763e+00
1.389582199549217689e+00
4.548970541607959994e+00
2.620694925140673703e+00
1.632285984821566727e+00
7.863295938975014554e-01
5.137759777385769056e+00
3.763243000379929537e+00
1.256708086829748661e+00
3.998552247043860142e+00
1.846388582577335846e+00
2.058614365613320007e+00
1.921126568727329786e+00
1.659813909345091432e+00
1.083085254326301872e+00
2.430261764708665506e+00
1.162194744894950116e+00
2.765635578490273083e+00
2.661161758003853350e+00
5.961774116303572235e+00
2.756940007758722722e+00
7.135091799935563195e+00
1.463441230680794902e+01
2.449245662312458993e+00
2.225638214332715581e+00
4.468980633546138392e+00
1.122792512989972957e+00
3.512705012985803510e+00
4.963316258144144122e+00
2.780780582418712843e+00
2.073670126538403657e+00
7.018542702118206300e+00
9.192569064205327933e+00
2.264381755052826684e+00
4.852956227202727568e+00
1.578871764743505768e+00
3.092786999373735135e+00
2.911515493949464073e+00
3.700440471291247313e+00
1.003592015011156491e+01
2.579686164860519160e+00
6.028380161270874282e+00
8.113324448210395001e-01
5.834071130769740599e+00
5.289381271433380327e+00
2.126701154087094814e+00
3.210158793234272778e+00
2.035853687598648598e+00
4.666517629718258675e+00
3.089960317412332458e+00
3.444949359636357400e+00
6.681874023159789289e+00
4.228206183676302743e+00
4.990737278759121764e+00
2.309879631789780507e+00
6.321026756736896957e+00
1.458125303025049035e+01
2.015079623692158872e+00
2.417182569351046251e+00
4.625068842086796472e+00
4.413697187388070375e+00
6.272868620547972895e+00
3.651128810272586400e-01
