6.155592262595861008e+00
1.771626994915124209e+00
3.313029905760855431e+00
3.132984663173026707e+00
6.115636313917339750e-01
3.289866945869349024e+00
2.342741493096026861e+00
1.730134860448241163e+00
1.664225851135555212e+00
2.859174633296627466e+00
3.297513199037383824e+00
2.377358520890942906e+00
3.955961177638174231e+00
9.117269043920209981e+00
1.800102008160954004e+00
2.880955860959272918e+00
4.637198737983220020e+00
2.899007207680539100e+00
1.399074529431135616e+01
4.403572545376239766e+00
2.957715955578100964e+00
2.409968974073785741e+00
2.114638510295653973e+00
2.148869200929364176e+00
7.450343975498155302e+00
5.544702907879902831e+00
6.144483166636574900e+00
1.955571729601107034e+00
1.062937807930639522e+01
4.071820472723444162e+00
1.473743992507092848e+01
3.869210778023019603e+00
5.254481636708921322e+00
1.967722224692550537e+00
2.254665367689443034e+00
3.001438707038897036e+00
6.375312683589178242e+00
8.225350091681692177e+00
3.387532496290457829e+00
1.752552413360138228e+00
1.544425916062684223e+01
8.996110008095859811e+00
6.604009341808408706e+00
9.025417270794697799e+00
1.063257752850962135e+01
3.124571528037210388e+00
5.041133401711165085e+00
9.054070541837610619e+00
3.624217342316510049e+00
6.748380029485923082e-01
3.361956590757593233e+00
1.701962563739964907e+00
1.453609233998083994e+01
3.261536666333339607e+00
1.432691205431537718e+00
8.406829531771455866e-01
1.561573930837231217e+01
3.226191810534789983e+00
4.736310846914786765e+00
5.028907255775926899e+00
1.506674701723641929e+00
4.218888345081733604e+00
4.826065560067263505e+00
5.750452468231253889e+00
1.268651730863324190e+01
1.047359853420418574e+01
7.004353256012570306e+00
9.339783937255971225e+00
1.583704946411331083e+00
1.552892205563288108e+01
9.058836116568842911e+00
4.321943074020840214e+00
7.435520837624942203e+00
3.294230842488352629e+00
1.289832864015059588e+00
3.162446090094953366e+00
3.329018584388628632e+00
3.737390039952814824e+00
3.780113189919540595e+00
4.865280370783658270e+00
3.293164817136916334e+00
4.391949719021146059e+00
4.591267625048628176e+00
2.680517906891943358e+00
9.221151719305329397e-01
6.948323335803878287e+00
4.130307390870357587e+00
6.207274034387985751e+00
4.386625909275863044e+00
1.268069498209766666e+00
4.481282447257595614e+00
2.087251528001213607e+00
1.554538820236054164e+01
4.482158675945385085e+00
2.485796524804642527e+00
8.852846859048912886e-01
1.432758074638301515e+00
6.826914564789350770e+00
5.360129139332295622e+00
1.201850264418389713e+00
1.110083883177196640e+01
3.823444608908473707e+00
2.516097103523323497e+00
2.720400378993557133e+00
5.236410115978303637e+00
3.839807619628393898e+00
4.264060787395624885e+00
3.371878992130702812e+01
8.056500104961264341e+00
6.072849148119035867e+00
1.121576357597973228e+01
1.794934043970958237e+00
8.658830322920319844e+00
7.852929398157106888e+00
3.621825330235487250e+00
4.908009885682949047e+00
2.833833948425689364e+00
1.195791658103190658e+00
1.879898814768355964e+00
5.557803430743375017e+00
2.395606039489247330e+00
9.640233364591487941e+00
3.445412117719648393e+00
3.229130908212222373e+00
5.406895496845764981e+00
5.886168973479508182e+00
2.525865250987014310e+00
1.580823904044066586e+00
1.745264524963685560e+01
2.366789459931770256e+00
4.630955579126002419e+00
4.665533853418838639e+00
5.738648060304731402e+00
5.437517716151493374e+00
3.573383624399616210e+00
4.571504781729983868e+00
6.194206855159333003e+00
6.228887933533027166e+00
4.901847663068051197e+00
1.654592715718941065e+01
2.731747785017294650e+00
3.036967440846628730e+00
1.351477015757789557e+00
1.515212611724811476e+00
6.162644723367752597e+00
1.250361165573990441e+01
7.903414783397716192e+00
5.417120406345548922e+00
1.278869351650602226e+00
1.363704600467761763e+00
7.899926800202236032e-01
1.086494169763181716e+01
5.374714255451716660e+00
2.529889789048127557e+00
2.058744737087181420e+01
1.118570268421264613e+00
2.572131986101807932e+00
8.005671403817890663e+00
2.587843320918105761e+00
1.688324904911571167e+00
4.198867142496725435e+00
1.995246764980466736e+01
5.599116786564010795e+00
8.923651642519473626e+00
2.044261377870637997e+00
1.097308825464455140e+01
6.044134212558310182e+00
1.885263034317817388e+00
4.464056373985990867e+00
8.953977784040791477e+00
3.175257553824267998e+00
5.993916211102119362e+00
7.441495412141475585e-01
1.431608649181763582e+01
1.259520246326515824e+01
9.472607647821177368e-01
2.116693383829956421e+00
1.034236693838541754e+01
1.782058243222112637e+01
4.571183404040375819e+00
4.303275707795179983e+00
1.371109923783861362e+01
6.748012510923415697e+00
6.979292087420169821e+00
7.673354917631124650e+00
3.380142618437009361e+00
1.333274283206813182e+00
4.550694013772681679e+00
1.737759287704038513e+01
1.423063537598068606e+01
3.615981124380156952e+00
9.406290687706384546e+00
2.902004738499396552e+00
1.034120101290077542e+01
2.634969511229095396e+00
1.065395975023032982e+01
1.544530458976518617e+01
4.430704465965972894e+00
4.349382175100899417e+00
2.858618522522002880e+00
3.079237253856931922e+00
1.017125677379042337e+01
3.661399303367478986e+00
1.399747049974751301e+00
1.353044185885002637e+00
4.931712440429773636e+00
3.229220698323851835e+00
7.201199590460642952e+00
4.603759579545137370e+00
1.775718580013136005e+01
8.753995240354934815e-01
5.530116779895634771e+00
3.784891399240394083e+00
9.768264129202158585e+00
1.484244651757534728e+00
8.831374865372444205e+00
9.619579690634626701e+00
1.323268862835349502e+01
5.776299186869903401e+00
3.879676571479770519e+00
1.138946124388886760e+00
5.585058088324354131e+00
2.447276573378089015e+00
4.545162476879543334e+00
5.296075460162859017e+00
5.540473320589757833e+00
5.478439582022492260e+00
6.105043826515484717e+00
4.684343710104579728e+00
1.527022801542389274e+01
3.649452911701219104e+00
3.494324756308133662e+00
2.297373743663440493e+00
8.766497425301174928e+00
5.434792224191048682e+00
1.975744883040611466e+00
4.716499308017062297e+00
4.458090752006614643e+00
1.995881268492287530e+00
2.900826763156103993e+00
5.266272530125724494e+00
1.036350160516055752e+01
7.346227419113511736e+00
3.372039759913780355e+00
1.302186096518862790e+01
2.470615405073231852e+00
5.128674378012968660e+00
1.491221912638929892e+00
5.077963663899536684e+00
8.418972390324030997e+00
5.381478145835490778e+00
8.109574944153088438e+00
2.623013731693399908e+00
4.653254200183266853e+00
4.715655707110380845e+00
2.935984177125519068e+00
1.347370513575246953e+00
1.831461163228496503e+00
7.414124476302274225e+00
3.399413362041459608e-01
7.606173200105819987e+00
7.331055202173393681e+00
8.438129196104559027e-01
1.685009564701953844e+00
7.764041815078309483e+00
6.073307205265073172e+00
5.277186509535847669e+00
5.698802078757739586e+00
5.592389159608364579e+00
2.657848260658189687e+00
1.812916900416152277e+00
5.291574516187013799e+00
1.275953525764485974e+01
3.033148122010102199e+00
5.437290089140278226e+00
1.725088320763519079e+01
3.132321648580846940e+00
4.087619991024233457e+00
1.107506761147848984e+01
4.329416313660566118e+00
5.524127894320653986e+00
4.899439949569567077e+00
2.517456918088206042e+00
1.938162383027972391e+00
3.467230537548363856e+00
4.396073260350807033e+00
1.222951951043710794e+00
3.328981194407393929e+00
1.582965393667886689e+00
1.788472646071093575e+00
4.289021828541755177e+00
3.006550981152187774e+00
1.033951552130031715e+01
3.281598764218341291e+00
2.272401214620301868e+00
1.648810013619688375e+00
3.219046417604461752e+00
5.413083703954590042e+00
9.846818831884760925e+00
1.989003880565996862e+00
6.986616979632580104e+00
5.752958540200383553e+00
8.085623161630259403e+00
2.918243040255195098e+00
5.737531970943565263e+00
1.187453319387133055e+00
3.483398842026361741e+00
1.233069173294129683e+00
8.516468985673771641e+00
3.420296094702419687e+00
2.139635681367140219e+00
3.402740401974168716e+00
4.605805668319463919e+00
4.813445746924036150e+00
3.183586708741890092e+00
8.338363236709660509e-01
6.849338998093493558e+00
5.311517042591057169e+00
6.168524448500519952e+00
3.054466666444284773e+00
6.299478481413417263e+00
2.021589561097172361e+00
4.697886616952792749e-01
7.408046780536209575e+00
1.687205848403547037e+00
5.362238338925653380e+00
8.428787946144985499e-01
2.029885631077067654e+00
3.580739491964029853e+00
2.418992237900266518e-01
5.135556197143015034e+00
2.172744061059789189e+01
3.006507468327535459e+00
2.395818610203158894e+00
3.247260511950569306e+00
8.555379014522699777e+00
6.270966107385476995e+00
3.547489894501405061e+00
3.059331005170575324e+00
1.039577691377369817e+01
1.149922131606689435e+00
1.006866423556165913e+01
1.396673577494001783e+01
1.924663207745093141e+00
6.616718153477476605e+00
5.468257917243344757e+00
6.278038075216130665e+00
4.844774175564649177e+00
2.367285312817487331e+00
9.466059443520170591e-01
5.188843587097673904e+00
2.940327624322295552e+00
1.076778235009986595e+01
4.681236278100846526e+00
8.078644059371455910e+00
2.104389177434665470e+00
1.281658702525778892e+01
5.879652645342785533e+00
7.734175780034545866e+00
3.402803602579504538e+00
1.533353359173429453e+01
3.566565753299342667e+00
7.531367987874435066e+00
1.723111793040639217e+00
3.839087979803489592e+00
3.824660111670332707e+00
5.546884058968581499e+00
7.591523848626980708e+00
4.566757920575973628e+00
4.717908119950094736e+00
3.278260113391358921e+00
3.374746684065766722e+00
6.131215258630226650e+00
8.455319051394114993e+00
7.345401106822240678e+00
2.698993013413812925e+00
5.483520378721569166e+00
1.166329124444488308e+01
5.652931228340407621e+00
2.064014669487548304e+01
5.770899166234764621e+00
4.173318919266582938e+00
2.166299281713035541e+00
5.712210694734976002e+00
7.389234538409253261e+00
5.394318509219068858e+00
1.491594974153625408e+01
1.456806023245595272e+00
1.171802471863319539e+01
6.466356553730139289e+00
4.389768247121843103e+00
3.381374809703157069e+00
3.132750975365252266e+00
4.078053601064357103e+00
1.788147854189091390e+01
4.881042922870523881e+00
3.091026739435616122e+00
1.212730687016980502e+00
2.615767924306418468e+00
1.758672646773648429e+00
1.479733427327231565e+00
8.186554610796051179e+00
1.283085130312213096e+01
2.409192781063025812e+00
6.427994368237124334e+00
3.052874584838783267e+00
1.809162716752121813e+00
4.435496442127018213e+00
7.018720820031650653e+00
6.260681416863289606e+00
2.933115359892827900e+00
6.593334268970285628e+00
1.978938776552497503e+00
1.628388945725410153e+01
1.074015120908205922e+01
1.111990258729800507e+00
7.903345893391321653e+00
1.740855322469584188e+00
5.093822523239785127e+00
6.414819179760046453e+00
3.984872528477141351e+00
1.687033121185693929e+01
6.294742995451049872e+00
1.099135600568632221e+01
2.776016406672199288e+00
4.141996709823684064e+00
5.314219600165245971e+00
4.485256817877855795e+00
3.011035980529522149e+00
2.595932725489152215e+00
3.004659728191218626e+00
4.296105234681509288e-01
8.280554747213376032e+00
2.050692859587512906e+00
4.438097923535787359e+00
7.038790821919401530e+00
3.655622428838850357e+00
2.120880569724913123e+00
1.701616283759141757e+00
7.727329746892856122e+00
9.750911859269702830e+00
3.534608000239478631e+00
2.268349212325766917e+00
1.339065583885806543e+00
5.039629677319092060e+00
6.961536656165359993e+00
3.156917250006926245e+00
6.024490552903946750e+00
2.916570204193305038e+00
1.643441974645269710e+01
2.284247589032891046e+00
2.737905199713554172e+00
1.869924391068763470e+01
4.827187546988693789e+00
4.984582481947182231e+00
9.005415060097430313e+00
5.008510853687891284e+00
1.468002611512856381e+00
4.883292092504763815e+00
2.513575419003584610e+00
7.363818100053959093e+00
2.220257167531032749e+00
3.867811794586219598e+00
6.792114428090389566e+00
1.552150088504639314e+00
1.349795117801079414e+01
5.297014529574792796e-01
7.484029972853830870e+00
8.262870864304348473e+00
6.433456984428359782e+00
8.088931142600147339e+00
1.158676841437992877e+01
1.045640406540205447e+01
1.807313367607981558e+00
2.271264481318633788e+00
4.021550358238720868e+00
2.372380845911761238e+00
4.842493838130518924e+00
3.814359295012767159e+00
1.244599646158622175e+00
4.197642579893855697e+00
5.663327852071153856e-01
1.212783654790208665e+00
8.629833601626181405e+00
1.479169170557104174e+00
4.287064699016676528e+00
2.656916443097996350e+00
2.652270390131437061e+00
4.941796954409948484e+00
2.898733691629172160e+00
3.771019354090809905e+00
1.126234578401991593e+00
1.674594466221876132e+00
3.756043178549768768e+00
6.411148579457075503e-01
7.824690871421196903e+00
2.206014016236204078e+00
6.380895773142415406e-01
6.424536314530921999e+00
2.671275403408260196e+00
1.139775415298803551e+00
2.561254794223043252e+00
1.050571975853753948e+01
6.731212905674031965e+00
1.284115868902127744e+01
1.443618514056528923e+01
1.504739225384911894e+00
3.810333286864511670e+00
3.617701115654017752e+00
5.004890949809828626e+00
6.927446722475458785e+00
3.325489089637392315e+00
4.093922599675119400e+00
2.716463280138478709e+00
4.027572853958464094e+00
2.212400937125710065e+00
2.183950132241756048e+00
3.438698655779911739e+00
3.419597091203221417e+00
5.667083523065684858e+00
1.093226540594529084e+01
1.759164006328893359e+00
3.685954427698132641e+00
1.156393745792204797e+01
1.109528844468113284e+01
7.129301908944348787e-01
3.237665678057255025e+00
8.056622291037111028e-01
6.194317072399731394e+00
4.002612863397586374e+00
4.119890255339696772e+00
7.052373980688701138e+00
2.926348884325154831e+00
1.195767011356882126e+00
2.732640165429361723e+00
6.954250945290113783e+00
1.319047600182323920e+00
4.862237204578482519e+00
2.048563848728281123e+00
1.654838409524804277e+01
7.771505514006387116e+00
1.621967789050373421e+00
1.207997680665976858e+01
4.355925495883377074e+00
3.410716317370178885e+00
2.056128879155370903e+00
2.054057156148678231e+00
2.040342214924498521e+00
4.315923898571455197e+00
3.796561555086590545e+01
3.691597338136586082e+00
2.483433579938827407e+01
5.800496260160468154e+00
9.559154429722264146e-01
3.557290336959952448e+00
1.182317917940533647e+00
5.377109333050182904e+00
3.986003023582322946e+00
1.390988341445758003e+01
1.495956956591498521e+00
2.966626143717381314e+00
2.085176884788321860e+00
1.010765660720899817e+01
2.648168932831381550e+00
3.388990118629309212e+00
2.333483207085402356e+00
1.481105040673006634e+01
9.029364747079830167e+00
4.090311213019916181e+00
2.653730308171589058e+00
4.222107008713019916e+00
4.212196281173508083e+00
8.349969494686288130e+00
4.396628521289738245e+00
1.386713604894522778e+00
4.540482589118083112e+00
1.277777105944055025e+00
1.887491929187817163e+00
6.467271376268148853e-01
5.431698450533750666e+00
4.716723188898070518e+00
2.836550831811168294e+00
1.737614410881149318e+00
2.105412459056702268e+00
8.506115602256316688e-01
3.819875414969662764e+00
1.825132439230749526e+01
6.159759317257827327e+00
4.341749851574226327e+00
4.756579776869226173e+00
5.262720346319549769e+00
4.767064736293764149e+00
2.062185646445097387e+00
1.992781062559701333e+00
8.475056149934564687e+00
5.229581392957271646e+00
3.702311164425160062e+00
1.535819544129554615e+01
3.843603378552951533e+00
1.268165291254747196e+00
6.765993338365277943e+00
1.786216518277041843e+01
5.460563455303056202e+00
1.110653405607057209e+01
3.611405487995280161e+00
6.670813708266255304e+00
1.374250220013792489e+00
3.946441141429837263e+00
2.238569082993266068e+00
1.606704215918220768e+00
3.452647930361859352e+00
1.999648012542730280e+00
1.337266099268565656e+00
3.688775490355551856e+00
2.140167329164755827e+01
1.890181049473922403e+00
1.878056710894714376e+00
6.286776848440807086e+00
4.796139420280455923e+00
2.872837503466320719e+00
7.265131307126388549e+00
4.176783597665234105e+00
4.794039425041878744e+00
3.011408783563460645e+00
3.689327144733399066e+00
3.286854859296478359e+00
5.444916649352054883e+00
3.077499342365639823e+00
1.726510488041047342e+00
1.106127632153302009e+00
6.926708220878174949e+00
6.950565090744150964e+00
2.884076902039718338e+00
1.430602219661887498e+00
9.164014454493599970e+00
4.674957151346112560e+00
3.945340390687181564e+00
4.614845796216413554e+00
4.169410411999930344e-01
4.458801126205219068e-01
1.075761077247068487e+00
1.368607846415263829e+01
2.095268392998671914e+01
4.636980036342801981e+00
2.807246635029901682e+00
1.551086387167625480e+00
2.367444882213206814e+00
3.449882733114141509e+00
4.626283455286751334e+00
2.281687664002731264e+00
3.525134653583795963e+00
2.168618383320000564e+00
3.420126190672588606e+00
2.269042401639491224e+00
3.840775317983446957e+00
8.088329719175510135e+00
6.845646898690493920e+00
4.487103931424876180e+00
2.904857970214425045e+00
3.211026332350766843e+00
3.865901187320040844e+00
5.612358229236471097e+00
2.792645881657499718e+00
6.895008590143249627e+00
6.928189086684900522e-01
3.467146181254838755e+00
6.280095823195179783e-01
2.588410882173542316e+00
1.981757742794358457e+00
1.522047052739742945e+00
4.636353233520322803e+00
2.786928800759103098e+00
2.199120518974348570e+00
2.754163716455852562e+00
3.521617337656992586e+00
8.425670910522004675e+00
5.724304051525892056e+00
2.952567697253766887e+00
4.087697192921180722e+00
1.403437018076579967e+01
3.676939370054491452e+00
5.014764936824975372e+00
2.968335399008470876e+00
2.393597177323007141e+00
1.293356627519681545e+01
6.517639755070224750e-01
3.953021548352266823e+00
4.790833876941524849e+00
2.395972911677860751e+01
1.873321600958004929e+00
6.350745344359815192e+00
1.245823661830454654e+01
1.734408965501422761e+00
9.966492925715971785e-01
3.435976570462224711e+00
7.659539661395323051e+00
6.039581157454663618e+00
2.947816986232917102e+00
5.197663744564543720e+00
1.273737947573173379e+00
2.957099588436039816e+00
3.165487150290934526e+00
5.568823966481499355e+00
1.318477102210598995e+00
8.896243077426506218e+00
1.832170271162704012e+01
2.664989366983149921e+00
8.039445752942810941e+00
1.751754412470971189e+01
1.013982347143377538e+01
3.318972067669506032e+00
2.060911228205864365e+00
1.242629278359306255e+01
4.654323955882940567e+00
3.424982216354425901e+00
2.247866689285137554e+00
1.703599727495755722e+00
5.951735132017335062e+00
5.522714736181086437e+00
1.698909050985936808e+00
3.875027959697858293e+00
7.060785735992888057e+00
3.030443104759528605e+00
2.816988002316857198e+00
8.814078816390974680e+00
2.740109216855862950e+00
3.401128256229569935e+00
3.065694189750640675e+00
5.313598553403842573e+00
1.004036614841147745e+01
3.159567849329597777e+00
9.777075028294930359e-01
2.462164193359553721e+00
2.314715039574290589e+00
1.402048748980276871e+00
3.611605667384491625e+00
2.816850964550329461e+00
3.889807089325041822e+00
7.860213289387547597e+00
4.777311861655781478e+00
1.123940805077969074e+01
2.108493569316937322e+00
3.454788566247112502e+00
4.932287505881448375e+00
1.582036767666308519e+00
9.261035413569704389e+00
3.496956085937280356e+00
1.873398962028164139e+00
4.620880171865659136e+00
6.219853905362816349e+00
2.536483608172860560e+00
3.900707365796873827e+00
2.248940896320449134e+00
3.546314091849168904e+00
9.189134243975162875e+00
5.783956432704251860e+00
1.622183805768441900e+00
5.653301549166834583e+00
1.540045701952686485e+01
3.627814715135481372e+00
4.379071494901148220e+00
1.993509979355810424e+00
5.532418769841854100e+00
8.100655727119578486e+00
1.127666205295083657e+01
1.025832521005142084e+01
2.840438848083948198e+00
3.389151318727177564e+00
7.922454149245524491e+00
9.541139111483971647e-01
3.555463168391220119e+00
4.315409923581214002e+00
8.296220476766805518e+00
5.429689461611346246e+00
2.256607793698684361e+00
4.155661903212682695e+00
7.352049910797480159e+00
5.416782443676639858e+00
3.778377028965355322e+00
5.578204597353807692e+00
1.627772176053494002e+00
3.942002161077822198e+00
3.489712592965496629e+00
5.210521320126908940e+00
6.110330242987315197e-01
1.169172349292258950e+01
8.021144377235462031e+00
5.966257832870528688e+00
6.448279415064926745e+00
1.511513579299493060e+01
2.927517052055486957e+00
1.234436931403368964e+00
3.768554974523286472e+00
1.290925381900501989e+00
5.890168176165224700e+00
1.323104275985441003e+00
3.886469785868910343e+00
1.883073253389009771e+00
1.404371929575663147e+00
6.527220053741416450e+00
4.272181438314764712e+00
4.625796828703395036e+00
1.362304098502781535e+01
1.563616821213410724e+01
1.099372916407674428e+00
3.124600990394937217e+00
5.315792336048181355e+00
2.690839731618630992e+00
5.179359984195894384e+00
2.990547264577770648e+00
3.061585080440758944e+00
2.707174176262572729e+00
2.717991497068050322e+00
1.416765371807928453e+01
3.983064061198025918e+00
6.768159611696264122e+00
6.132545605928357624e+00
3.439337245594852099e+00
4.325083375007107378e+00
5.452226659231075523e+00
1.122442462689883902e+00
1.041358898423907942e+00
6.255795776126768182e+00
1.109250750216270909e+01
2.116870381559257552e+00
3.108334767719985958e+00
1.063710780850259852e+01
1.459297242218294599e+00
3.605220844716240158e+00
8.658194358382326428e+00
4.719081453079883026e+00
1.328373349578252771e+01
4.118951949896199061e+00
1.688746069430040109e+01
4.179197092435169014e-01
8.309802646988481811e+00
2.596290894431513063e+00
9.983665761838151909e+00
2.778729508483634980e+00
4.436265471255679493e+00
7.290776069891927946e+00
3.683645376179668141e+00
4.234714356718344064e+00
2.103703066960370016e+00
3.103660113365676043e+00
3.528942280073907423e+00
7.062574825583730842e+00
5.966370519229487357e+00
9.123878068517526918e-01
5.048448871568732343e+00
9.181556448124322145e+00
3.370187770986478260e+00
3.493413878136786721e+00
6.570900381063494500e+00
3.870626653118749427e-01
8.702375100457189205e-01
4.604199539379716377e+00
1.511531329960974279e+00
3.446995768337442367e+00
1.420983177851198320e+00
6.533998691046351226e+00
2.710516952951854464e+00
2.526584188843710166e+00
1.839975180357746876e+00
4.669418107143435970e-01
1.730457024127712184e+00
2.955621258424433684e+00
7.627082937832687648e-01
5.438039674521434108e+00
5.249152016616720040e+00
4.491571458282017204e+00
6.227975849904829886e+00
3.197926339628049508e+00
6.499553705511437407e+00
8.772448436127175952e+00
8.940422420060347264e+00
1.317714291381619418e+01
4.876074439475947209e+00
8.532340172284271773e+00
3.260935684570391402e+00
8.725203674988161850e+00
3.639588130396581800e+00
5.947104593609396694e+00
1.416933840128746169e+01
7.643195137696340069e+00
1.139770061955205360e+00
1.334618654550540739e+01
1.048240880368402239e+00
2.729794131780878708e+00
3.109185664381370895e+00
1.987305826067259140e+00
4.498401039159144688e+00
1.214985476332993031e+00
6.995691309731924434e+00
3.617150022877219318e+00
7.968540670581962804e-01
1.314714787012180031e+00
1.493803623893360744e+00
1.247064104269583584e+00
3.051483309585852233e+00
4.273405348124436287e+00
2.922590176875349943e+00
6.342708633190227374e+00
6.240099502510418006e+00
2.575658805152169162e+00
4.121096576280111279e+00
8.778989518019701066e+00
5.158651696912657236e+00
1.531403833424756389e+00
3.535628092470289197e+00
1.926652126024447576e+00
2.907745573798111938e+00
4.751082398306623489e+00
3.871038925228100780e+00
6.424637763577560889e-01
1.422147897574104425e+00
4.065007466915459666e+00
3.924122163140115749e+00
1.318961193430130630e+00
3.772725412918359389e+00
1.750731371434067318e+00
1.440349983426763814e+01
2.517499676049392843e+00
2.154926277664982237e+00
2.128478056858915668e+00
2.781581081715092996e+00
1.570190411149045007e+00
1.342463649612436249e+00
1.429805855794588254e+01
1.545745048561709245e+00
1.185606675976600677e+01
6.585239840754669949e+00
4.123862819380048172e+00
1.898490451658858102e+00
9.240724494519495735e+00
3.274555997815857378e+00
3.568853154812719364e+00
3.622467842127536919e+00
1.962324400129655366e+00
7.612315921877681468e+00
1.756230543182861314e+00
3.027039721800094618e+00
8.943119888811455809e+00
2.625179455564115027e+00
5.136889340712390783e+00
5.336720828610854284e+00
6.510070975744671529e+00
1.768865345572373737e+00
5.961109939839050575e+00
4.106898199927691451e+00
6.465183764161658964e+00
7.416697083354591769e+00
9.801577325790931994e+00
2.282091598525197274e+00
7.133998242624096875e+00
1.413973187231574080e+01
1.081695240699248162e+00
2.042899396844651250e+01
4.292698691609651895e+00
2.145967940428686660e+00
3.779808974564792479e+00
9.858212499478554491e+00
2.722395757294943319e+00
3.521483207558829154e+00
7.130508231374416361e+00
3.763199220812938339e+00
5.479842802377752342e+00
4.627673355840087766e+00
8.850067121101067968e+00
3.718381584191311706e+00
1.832585934093456714e+00
1.712897334200763400e+00
7.692677824670639097e+00
5.823744152054117329e+00
1.857125714016492424e+01
9.825160248568417742e+00
8.116399964821550128e+00
5.329151710440330980e+00
1.583975084361789687e+00
4.098070275697367038e+00
6.231906089798564530e+00
9.784233565936929722e+00
1.260067033410754433e+01
9.564891376857646677e+00
2.023812725195351714e+00
1.755593157415742311e+01
4.373056128005872623e+00
1.095482890687948796e+00
2.174611246222525196e+01
6.034914136961585740e+00
7.196749851817296317e+00
2.174691104634572270e+00
1.059421613418971297e+01
3.074943746180245352e+00
1.384996954584879036e+00
4.379081779899141935e+00
2.175226582297819178e+00
1.084355612248269374e+01
3.581298508091660615e+00
6.532573918284754200e+00
