1.745675044444519264e+00
1.630060745694682289e+00
5.634876788283432525e+00
4.949889873934405493e+00
2.486556875706992908e+00
1.478810102986862995e+00
2.562666644228551949e+00
2.506078099718851426e+00
3.777271358268308177e+00
1.050245211615207452e+00
2.649751899250067488e+00
2.712554830818862506e+00
9.357908155928421623e-01
2.842565152725048172e+00
2.375876767796021749e+00
1.367755648412114222e-01
2.810821463360408945e+00
2.425330162299487391e+00
4.392581140036687648e-01
1.897544470128678107e+00
1.096340339128271424e+01
4.038432396104383315e+00
1.146605091878781346e+00
1.999501657248739628e+00
8.061600104042421222e-01
4.215635746890882274e+00
3.395868064038397804e+00
3.913751088180423832e+00
6.204323013755071337e+00
3.848931437589786064e+00
3.749145326091182451e+00
5.161328618593165274e+00
2.385785199651399235e+00
4.020164724664304856e+00
3.728820517132446888e+00
4.150520324620362800e+00
6.804337732197454969e+00
1.543223919834347146e+00
2.658322431541990660e+00
2.410280139267509725e+00
2.040086667871865433e+00
2.108776567962428850e+00
1.081253583271399421e+00
6.880622280250841882e+00
1.682478486437127607e+00
2.183196719860525548e+00
2.259477749019647153e+00
1.277056341569287490e+00
2.039746717562480605e+00
1.910189553483895963e+00
3.349208968637247708e+00
2.470990620288340711e+00
7.744737798933668316e+00
3.353434935942690043e+00
2.880694651096185943e+00
2.166733534444704290e+00
2.687113572581683485e+00
1.547003428818292559e+00
1.236859854405251147e+00
2.816548252276706243e+00
2.039087858344526882e+00
3.889700765287255280e+00
3.658711161724514049e+00
1.300573320565257696e+01
6.289456475849498629e-01
4.948416649990976524e+00
6.305955506204897532e+00
4.423021531256587369e-01
3.441568785378329443e-01
1.836329322272935771e+00
2.483600454241809696e-01
7.449129799404285990e-01
1.431477939936999899e+00
6.711910033021277755e-01
1.938161930507666497e+00
3.676544711514679875e+00
2.968060959399559717e+00
2.259802603680881372e+00
2.723337178576855866e+00
6.209989720586327477e-01
1.147914468808585609e+00
9.161159128360088388e+00
2.408898538539689937e+00
1.111443203349168352e+00
1.400897741719557743e+01
5.603585419616323726e-01
5.963594386678426895e-01
2.630670440861606618e+00
3.006268696441359189e+00
2.730079583444640967e+00
2.748859155246744290e+00
9.760689043855922398e-01
1.988560454841516334e+00
3.312898837789893136e+00
2.419932311254889612e+00
5.045462074469489799e+00
1.557810512141627468e+00
9.490826440429902533e-01
2.141461759107257112e+00
4.498343574128718103e+00
1.645961027188140413e+00
7.498606270816085662e+00
3.235859679275772116e+00
3.251527013090480089e+00
9.185638112089187235e-01
3.795095465150872371e+00
5.680221386531513872e+00
4.918336200363327748e+00
2.854968292032411536e+00
1.233027275120819777e+00
7.412855459965006943e+00
2.592979018213497966e+00
1.047407598252735106e+00
1.651269138880084641e+00
3.002945206255148491e+00
1.761874057012824402e+00
1.148848493427984252e+01
1.258178908492629944e+01
1.695914245655724573e+00
2.007486464189950137e+00
4.929206067138967029e+00
1.028125147465651423e+00
4.202133215347135575e+00
2.403066102518950364e-01
2.550529510546833301e+00
1.152145648003970457e+00
2.246995507855134466e+00
3.615171363137332339e+00
5.591436155754625492e-01
1.112360594346494702e+00
3.985605368980129182e+00
9.981684238233132778e-01
5.506798658630543741e+00
2.712609468758865550e+00
2.761471789673701327e+00
7.810188161106944804e+00
4.002927853606752073e+00
1.591871376571050600e+00
5.996704009925779566e+00
1.803088965601554960e+00
2.384213787139185747e+00
1.505809883920443859e+01
5.968852896344954750e+00
6.029485411180627530e+00
3.894855406885925575e+00
7.415413777129464812e-01
9.671884685177523089e-01
9.433268510660496320e-01
3.933978255529877455e+00
5.226438297914339337e+00
1.467557414279514472e+00
8.570615370867489258e-01
3.792949712951772856e+00
1.543772288032977835e+00
3.249157011491949909e+00
1.170761379134087177e+00
1.191843959807392572e+01
3.777226221236310799e+00
5.717617244599082937e+00
8.892874092831812405e+00
2.415806119675055541e+00
2.873783655643557533e-01
1.956132772619197491e+00
1.617693101726032978e+00
4.047666931680712565e+00
2.541701776739799357e+00
2.851048108676241810e+00
1.061471797182361954e+01
1.896058947743439305e+00
1.470712264409197445e+00
3.799005424829941635e+00
5.789794473379964224e+00
2.421217501931852423e-01
2.412808869019860136e+00
3.165925893529978552e+00
8.161474505628907750e+00
4.911742434847180760e+00
1.960918898173378722e+00
9.212341568071694908e+00
2.088621226030762390e+00
8.538807094657793195e-01
3.036418807586460211e+00
5.986794136532354038e+00
1.561087666579385580e+00
1.615699905453379603e+00
1.908070092564662312e+00
5.002922851646783187e+00
8.016144384949537738e+00
2.800835573053428007e+00
1.453884096417465965e+00
3.235032818075355365e+00
1.871966617376593423e+00
4.738394801750042129e-01
1.798391162936640031e+00
9.436101123796452050e-01
1.765121018999958658e+00
1.752635587791628424e+00
1.418234852506514487e+00
3.124545453629315350e+00
6.078043292140018039e+00
1.955166747549441641e+00
4.036737033925439810e+00
2.682435179687602811e-01
2.450506056277427902e+00
4.394221093251935883e+00
3.626644039449791634e+00
1.836686849334689287e+00
2.331451653761730025e+00
3.729036461761682242e-01
4.437369449046458136e+00
5.032952740000815162e+00
7.016372034150272441e+00
1.248041682941422925e+00
1.139509756687884012e+00
1.031901253950913810e+00
2.063896637344110108e+00
2.925537670780993249e+00
5.687386194169387288e+00
2.144203065938770969e+00
4.433749311016899952e+00
1.908319407798903855e+00
1.233054857547345673e+00
3.045116891035834605e+00
2.055917116952750145e-01
5.854805528752383692e-01
2.815409374855257774e+00
2.620849169922592647e+00
1.734717892838529396e+00
4.512594812217726847e+00
7.103281096939171313e+00
1.505492224181821603e+00
1.035589168209011035e+00
2.221500583948774921e+00
1.009055348030752031e+00
3.831825767307625696e+00
2.151190959515870915e+00
2.007033588713817096e+00
1.245745310062985833e+00
3.429941090426716244e+00
6.508111735087820371e-01
1.503009086022963459e+00
3.113490692672563398e+00
2.008224110445993915e+00
2.187298078749830399e+00
7.132859027137623542e-01
2.482211074127507633e+00
2.127434667069371343e+00
2.279510468460879569e+00
2.219988879833581397e+00
9.051588181560158430e-01
1.487285277978957154e+00
9.085839422578882996e-01
8.042157952515961439e-01
9.932188529638906749e-01
2.033171198156594528e+00
1.244596411639378530e+01
5.916925002079763685e-01
2.824599115522442805e+00
5.804567953860827467e-01
1.573650131392638762e+00
1.438538518879930672e+00
2.686975065225760129e-01
1.014226197060229095e+00
1.493088152771994803e+00
2.712321619231629732e+00
4.221454510549136785e+00
1.623963200646435512e+00
1.432449512625032062e+00
1.864689314634051520e+00
1.034790437690837672e+00
1.832208475090898459e-01
4.005680926730035729e+00
1.051217053422482017e+01
1.529005145725278680e+00
1.347570531639547875e+00
7.755929686068852025e-01
4.196575333714001044e-01
3.402172508657740568e+00
2.555612356995468293e+00
2.127329224095646065e+00
1.429911770719704878e+00
6.577208109661710767e-01
3.609651582544146642e+00
5.578796438915452072e+00
8.753651670818762831e-01
1.914407426691195235e+00
3.344137690906844540e+00
3.015478663752921840e+00
1.604808011337956808e+00
6.623766769302538160e-01
3.337062881406497983e+00
1.907846922051754879e+00
1.783822027031138902e+00
4.660580799862099610e-01
3.155199392618697196e-01
2.598144812289335359e+00
9.668127694615435974e-01
1.361942384764067482e+00
9.197770259922921632e-01
2.406206717231089698e+00
2.136014920901453173e+00
3.199795574568772061e+00
7.446624309857361457e-01
1.967942181766126897e+00
1.035794822737963017e+01
1.219106041505351179e+00
6.450888327073170947e-01
4.256648552439271427e+00
1.116552911971247841e+00
4.699987235419037290e+00
1.602789927671781811e+01
2.358586461852392457e-01
1.859932012488832553e+00
1.690325298009495159e+00
1.132665606321598517e+00
4.039342618951192065e+00
4.271230759727393522e-01
1.470953148097496221e+00
8.668707548325109702e-01
2.844239108009716244e+00
4.914390880364298830e-01
9.327718406620232328e-01
1.959747155966564014e+00
9.417261270408349816e+00
1.263672467514824760e+01
1.433311069653391057e+00
2.529205137842291062e+00
1.976253744708984073e+00
1.063957939252327733e+00
3.200684657285052026e+00
2.094072852433772614e+00
7.188210177531691336e+00
1.412322102093977572e+00
4.897017241893168560e+00
2.767424327371140524e+00
1.704469676110998089e+00
4.584413576729732931e+00
2.445977772605496092e+00
2.433858774495689659e+00
4.979272495500220330e+00
2.501519590791649428e+00
9.854485826549781446e-01
1.051993681171433792e+01
1.290018468817025799e+01
5.521550325597611497e+00
8.630273420040737720e-02
6.138783326375500948e+00
6.365581383871255383e+00
7.876983499420857626e-01
9.021246090827207409e-01
2.698210832508208146e+00
1.566797585460134812e+00
5.684791857826317241e+00
2.747551223011085675e+00
6.788035177835461731e+00
1.101929383001642337e+00
2.521684694953830075e+00
3.427382779934263546e+00
2.123729539392201993e+00
2.542851541192006515e+00
4.040136778270553286e+00
2.922416065684244391e+00
5.616660740919007466e+00
3.998361100583558425e+00
1.147991015713852425e+00
9.609287176410088449e-01
3.566590851860625300e+00
5.873380031162009907e+00
3.224157368255742728e+00
1.761326902231231228e+00
3.450053085475257131e+00
5.733465497487982843e-01
2.152616433882432290e+00
1.160606201704145857e+00
8.463681413262790443e+00
4.078038457613811119e+00
7.742395173237238026e+00
9.108346787986974391e+00
1.824214926464730491e+00
1.297177974688743296e+00
7.398975066552798019e+00
1.414029767045304808e+00
1.230666511786574047e+00
1.558795612384345608e+00
1.480444865004326926e+00
1.588865660813777447e+00
4.473677034160635557e+00
1.041962413596506742e+01
2.347218643978224772e+00
3.517654901944222257e+00
4.817893861407306133e+00
3.743000563899324895e+00
3.105782622382548652e+00
3.289643744155038352e+00
6.097175287750074002e-01
2.932054824543818938e+00
7.671306640319331960e-01
1.136685055346132733e+00
2.741299083611002718e+00
1.355435747105823818e+00
5.673401960211629458e+00
3.261421347679887006e-01
3.223385007316613704e-01
6.343878614431789353e-01
3.689712462668958359e+00
5.640780870880044873e+00
4.941502834883970685e+00
2.416284394555527903e+00
4.285688323771218222e+00
4.424720056243864441e+00
4.275227695356141666e+00
9.698673846085474892e-01
3.773982543424605485e+00
1.084674571622859851e+00
3.582652743667855133e-01
4.132610141510962620e+00
3.806663308162174353e+00
9.354814023369733889e+00
2.426979465225441945e+00
2.516040034802277781e+00
3.303226622367325227e+00
2.336216666479362658e+00
1.924255002725591357e+00
7.101983577688864457e+00
1.390657089862999740e+01
4.464851521767034370e+00
1.122000579652372210e+00
1.401941909322824475e+00
3.694783611105771026e+00
3.140991881742099867e+00
7.287710810510851900e+00
3.490487476067463568e+00
2.561003191009088020e+00
2.263964734728630912e+00
2.888280191295459876e+00
1.546209267070802973e+00
6.828395267765505317e+00
2.934591770232831465e+00
1.926299816888835004e+00
1.710703474286736192e+00
7.727408453238657771e-01
5.862357818031370682e-01
1.144463370503862709e+00
1.670940853913410251e+01
2.050085739473941349e+00
1.833722854558332394e+00
1.159205228502501850e+00
1.438794088046397190e+00
4.035450139778752998e+00
2.469014164470797912e+00
2.432333978701459731e+00
9.772377125232345474e-01
2.259880572903360196e+00
3.853104829961235267e-01
3.308049239388220375e+00
1.130824749312451916e+00
1.540091493499777808e+00
4.318280417277908234e-01
5.465293111762002276e+00
5.183353262398497918e+00
3.400058998832587775e+00
2.387892227799508937e+00
2.857972807636093737e+00
1.575029767612772247e+00
3.215598792678332263e+00
1.796206553121024507e+00
5.258838450997986413e+00
2.861936159114827127e+00
8.491600027110056459e+00
1.637280799820412014e+01
7.816489112038421672e-01
6.085422782851628298e+00
4.408199059577103007e+00
1.922690840770979293e+00
1.928801070973138465e+00
2.027297731835324157e+01
9.207871889185653913e+00
5.883544072797736391e+00
7.875751545283466548e+00
1.084638549335867008e+00
6.241659577500651146e+00
3.452421094206524543e+00
2.825294370262484200e+00
1.837212772289677165e+00
3.998945959453015231e+00
2.391193546190986563e+00
1.480365026715707133e+00
1.793123045865909404e+01
3.126066087830941420e+00
2.288404176477822460e+00
2.635028686845297230e+00
1.087683808797728302e+00
4.343827601308269060e+00
2.215359602538991002e+00
4.595954800547795038e+00
2.239937340014816591e+00
9.841030265185594095e-01
4.460388303299425594e+00
1.211348284307763867e+00
1.056055806859987101e+01
1.414789250062514103e+00
4.723632415679760221e+00
1.179274343005821235e+00
1.056336946857155512e+00
1.184616075346700992e+00
3.185746854458024302e+00
2.571399814167949049e+00
1.352854902757658406e+00
8.012583241856434668e+00
8.339601150320792300e-01
1.089459483147338315e+00
1.152838698770033865e+00
1.557139648949077415e+00
1.767741576765386347e+00
6.394643454402140215e-01
2.153669699027971340e+00
3.453836524166911115e+00
6.627406546202704307e-01
9.850598141585548140e-01
2.376045048245694513e+00
1.008164292802249840e+00
4.679314847030529911e+00
3.185140636101371214e-01
2.101478176185683999e+00
1.595913962720462820e+00
5.250015048311990062e-01
8.065942822682033997e-01
1.572341198814963370e+00
1.475980995888929836e+00
2.188473685003403446e+00
1.707792961022816858e+00
4.583225442308115127e+00
5.779405990899065593e+00
1.565411611617858023e+00
3.651385105058306824e+00
6.919930706465812209e-01
9.320859179645731851e-01
1.395128732024637275e+00
3.567955612227793338e+00
2.072342208810744069e+01
8.244627306174618919e-01
1.539513853991857140e+00
2.472411067658448314e+00
2.555420613697004573e+00
7.682930188687426387e+00
8.486576631078732724e-01
4.176696046305444554e+00
6.218715496455909930e-01
1.919767852928506358e+01
3.632231280243424454e+00
3.127966080728745712e+00
3.213126288164532163e+00
1.823008264336732243e+00
9.548376556426004802e-01
9.957100084112495253e+00
3.563470195519036765e-01
7.986561713849472666e-01
6.508415264538908174e-01
5.075230852358796341e-01
5.379656410266691502e+00
1.403939935100503522e+00
1.431214671290846896e+00
3.271197560431358564e+00
3.425559155363082198e+00
3.436770740958423609e+00
5.824909920319941703e-01
3.811024634085894203e+00
1.566346825508569296e+00
4.755674951219471147e+00
5.685895416379564971e-01
3.138081345094550834e+00
2.504971654281714866e+00
2.921017937046619828e+00
1.482087881029428678e+00
8.242623320735557257e+00
3.336096196615082388e+00
3.018647788253242314e+00
2.573663092577200828e+00
1.926858808493292052e+00
1.195040681656768689e+00
1.708647393941687076e+00
8.390738890336332245e-01
3.161206709506942936e-01
2.180600100564378696e+00
3.347947418944213105e+00
1.542463036510359764e+00
1.391461430596354631e-01
4.377910433296420933e+00
5.361262025023194155e+00
3.119947685848319718e+00
4.246711095854584506e-01
3.514191749248986585e-01
1.339703341125202618e+00
2.166299005671267874e+00
3.122039328326200014e+00
1.681191886990065720e+00
3.675097701855220222e+00
1.069558652904658125e+00
2.703375615429490786e+00
5.065691477883379479e-01
7.602583279586097031e-01
2.756227327782805769e+00
6.348520754321282489e+00
1.036189201797149551e+01
1.789711874398678404e+00
6.485360507972650623e+00
3.945789831297272343e+00
4.522057077070370745e+00
2.693295968425660991e+00
3.027645949412011817e+00
7.686501311051890717e+00
1.432135917308252626e+00
2.083428574165916647e+00
6.776418718127528162e-01
6.106111605484016991e+00
8.202279991504134671e+00
3.575183720882666893e+00
2.700790565629507256e+00
1.650805729044016124e+00
1.500374483173330775e+00
6.673288582201643004e-01
1.183095910087510694e+00
5.804423998584479882e+00
1.520587444897833151e+00
1.023176463102953848e+00
2.159448356867487817e+00
4.817505751000634717e+00
2.774564233049108264e+00
8.070274639761416680e+00
2.279320896751288572e+00
6.840746542649391415e+00
1.585957631129877088e+00
2.572487698799739153e+00
9.218396644350503877e+00
2.340150372318377414e+00
3.054048501577994568e+00
1.194623257592104970e+00
1.059243664844804300e+01
1.479624951432581437e+00
1.357161698496614610e+00
2.137316681049136413e+00
8.965388786481817140e-01
5.164470007321650513e+00
6.484850975930982919e+00
1.386567774782389018e+00
7.397723751068679299e+00
1.090229731042152261e+00
1.112006973958054257e+00
6.193695827370758522e+00
1.453650441198200416e-01
2.044812312635433393e+00
1.680686172737811512e+00
1.164905735090917771e+00
1.883357997281241314e+00
1.077650452520954039e+00
3.725205977822980241e+00
7.212854806304800359e-01
3.469988471182072765e+00
4.454567194567995436e+00
8.086410516692024153e-01
6.477581277220986422e+00
8.082746031524499220e-01
4.616270148114612226e+00
2.273966438920528077e+00
1.205174131397524384e+01
8.659143454054557543e-01
2.034005322035391750e+00
1.401173251866025815e+00
2.661232408894153689e+00
4.918047490472323702e+00
1.824433238495145559e+01
1.573262730335470927e+00
6.083423116977726419e-01
9.731383569567512382e+00
6.407753567940175365e+00
1.954859668502103576e+00
5.545622745046764557e+00
2.403670338090018177e+00
1.968879616349881845e+00
4.411014696318917849e+00
7.286581676794722240e-01
3.907540767782373692e+00
8.877049391567194192e+00
9.825681862588201421e-01
5.628897914562945637e+00
2.973711133634587611e+00
7.344353598448842835e-01
6.043288879239312017e+00
7.095447271878172479e+00
4.428618347390717247e+00
1.911267427802135987e+00
1.948820472292117412e+00
2.601004278413789894e+00
7.860654122004866906e+00
1.266200860705267495e+00
4.219668164707328195e+00
8.331854093674233575e-01
2.633947292607770496e+00
4.274372756707104593e+00
8.962865202114112861e+00
2.582302520229921683e+00
6.627350233565532989e+00
6.034070849157350480e+00
7.259645187825960910e+00
8.178110529876024160e+00
1.352915777232016836e+00
3.512450678733414766e-01
1.580429079997907715e+00
3.444408711812259494e+00
2.080938729828795408e-01
6.378851845408155086e+00
9.674354153989386251e-01
1.103439321412230251e-01
5.852006716112370555e+00
6.429115613256497497e+00
8.380892432911300816e+00
1.421346725414238676e+00
5.455858072610263676e+00
1.104865674161930933e+00
3.428432546900011868e+00
6.983238409234463262e+00
2.253642174567020540e+00
1.529825527418833042e+00
1.214719120021899856e+00
2.745555614994735105e+00
8.476469538991698860e-01
8.221807153466254015e-01
3.367703822561058935e+00
1.789052961291038635e+00
6.407191238734218919e-01
2.321346912671996332e+00
3.604055246398820245e+00
2.591831926532513819e+00
3.522240154186775829e+00
3.028269742972563794e+00
3.216558890601268317e+00
5.741668838681950326e+00
3.596800357273708837e+00
2.653649071255381742e+00
2.689324908720601925e+00
3.595566186694169608e-01
4.977624608146130059e-01
1.374014628582779673e+00
5.621228237541163075e+00
6.393833504565384018e+00
2.547454266495674080e+00
6.331004078526889067e+00
2.065904248482262506e+00
1.154071680070927997e+01
6.127367133521028464e+00
1.352517578292314449e+00
8.627393328218550650e+00
6.584409606358024192e+00
1.476361387400735525e+00
1.339746964523576001e+00
5.446144410769607980e+00
6.915015194804471355e-01
3.250022954199561998e+00
6.894016228807483548e-01
2.311669900222798057e-01
1.137412968814617997e+01
4.062255135806281281e+00
3.143957305603531260e+00
1.006982767147711177e+00
1.195330601723916919e+00
1.498145347010358508e+00
3.676313541886987668e+00
3.984191275779061847e+00
1.039729463040268698e+00
2.172717127444735219e+00
2.871065701229712275e+00
1.245316189595091938e+00
8.469004595479557196e+00
3.131204544736577944e+00
4.428533926695634726e+00
1.603732760722749839e+00
1.146358352229426725e+00
2.040252731569951461e+00
4.479210062381943303e+00
1.357685905085045608e+00
5.416358635836914459e+00
1.035690321264793656e+00
1.177207355182630755e+00
1.261297564272538585e+00
1.700480966990393306e+00
4.554773242649792664e+00
1.424395847620685274e+00
2.119794453205078089e+00
2.137977052066888817e+00
3.989371373960856726e+00
1.118131998643084435e+00
2.719477880305769535e+00
1.386777902608463897e+00
2.522229566358065611e+00
3.815565842803612551e+00
2.496555617569181429e+00
1.349120299656510369e+00
1.210355665147090143e+00
3.364513094517708858e+00
1.435797274384297939e+00
6.343228291571600952e-01
8.270722379249310086e-01
9.020190525735118925e-01
1.176463753641199705e+00
2.711672798182865218e+00
7.557569253138780585e-01
1.887832580626975121e+00
7.016123132102137783e-01
1.289551232617515808e+00
6.695469243185412367e+00
1.650150077895955025e+00
2.728475183799602632e+00
1.674218361161080137e+00
3.054650656516674001e+00
2.392403398176693674e+00
1.722781115868441404e+00
9.404463237705784628e-01
9.181923171841819276e-01
4.674027971114335656e-01
7.447887128793141409e-01
2.452147110329922164e+00
5.088437929658105929e+00
1.302012751379403532e+00
2.033320615524839781e+00
2.904948114708407303e+00
9.576829835680936043e+00
1.614427088700624902e+00
6.669520701270218455e-01
7.352785348681184274e+00
7.157290143564955187e+00
3.642524202327703353e+00
4.562284911696735001e+00
1.700140596504841506e+00
1.478551180424973799e+00
4.267634083905605280e+00
3.853101344291477659e+00
2.785638063209101567e+00
4.308810161335756006e-01
5.689201431671700782e+00
4.276198482161994718e+00
7.418874807059486542e+00
9.122230136073294915e+00
2.498039683442851988e+00
2.242026531319785132e+00
3.205123991016991969e+00
2.010882642842651613e+00
2.576593423558612539e+00
9.469505987642177214e-01
5.452368994355148990e-01
3.151899069029483247e+00
4.248235493886576286e+00
3.457456011555633424e+00
1.520856474240278366e+00
2.145118302094581042e-01
1.089267475164203969e+00
4.062099830727741612e+00
2.512616243005513894e+00
9.445541023587793461e-01
6.638793722127592112e+00
5.083758622537201788e+00
2.988396887451444606e+00
2.091660067781085264e+00
1.312693786435664034e+00
1.739189158910338984e+00
3.165296414389176416e+00
1.195086297453874291e+00
3.449083061274391238e+00
5.467417460463841472e-01
4.462893517776941543e+00
4.789755826755008883e+00
2.092258451418572029e+00
1.409655666126015783e+00
2.242030134496651783e+00
1.797316158054724555e+00
8.310365198208231163e+00
1.103785284162561497e+00
2.359668762343022763e+01
1.597655663203771503e+00
3.016539981329225295e+00
1.450106889329521254e+00
1.733146321157936764e+00
6.162170586222884161e+00
2.365245542167904613e+00
5.889636304675156531e-01
2.236787846097281207e+00
6.453665518562345049e+00
4.572678317571858386e+00
3.648971743916630484e+00
1.055827336993512056e+00
1.651557170716308476e-01
2.941461673024533319e+00
1.950489153964902744e+00
2.941064482152276671e+00
3.265890661417172325e+00
9.687402634607092944e-01
1.666169452501026438e+00
7.906931349184183055e-01
7.758509292461186480e-01
3.088738313256619961e+00
4.800904072328877170e+00
4.454026967002493897e+00
7.942834657408036625e-01
1.692035164137967396e+00
8.199005770262361992e+00
7.289168152813614299e-01
5.981655202831063889e+00
5.106071400920242809e+00
2.732327046172161822e+00
5.116387608467249493e+00
3.864190649928202603e+00
1.873828672073240442e+00
1.110829354040949069e+00
6.080122763924087792e+00
2.989151663147659121e+00
3.980995156638078569e+00
2.147639007289079416e+00
5.734421320461787985e+00
3.520684684224658856e+00
7.606735397673783261e+00
1.634116578027977162e+00
5.058672864525613377e+00
1.095844346290965748e-01
2.521217506113043072e+00
1.636377435754834631e+00
8.114970147942301537e+00
1.196086115408464989e+00
9.304790073574376041e-01
4.261531782079052810e+00
1.837982903193918327e+00
9.332788857901881396e-01
3.427113297449557727e-01
1.059339942773343779e+01
7.507162740063417772e-01
2.604464576916123431e+00
1.562224988188171571e+00
4.837527165669671447e+00
4.995946843327022657e-01
4.542404054969176874e-01
2.226219567735766791e+00
3.848273125626739066e+00
4.362548246280843145e+00
1.230641619184574376e+00
5.621564521272248705e-01
1.258750704983097934e+00
2.857103176778952758e+00
1.437942825013555748e+00
2.488358401166181455e+00
9.707319643122661601e-01
6.845920004563939898e+00
6.410974413035767094e-01
1.187106711084687127e+00
6.281814299781323108e-01
3.204480854147588875e+00
3.489805917934127422e+00
2.466916002485073811e+00
1.098310748155468808e+00
4.381638390740532074e+00
2.829323682922694427e+00
8.287130868037529297e+00
2.825693677126840164e+00
5.092555952991699719e-01
7.784708998608584452e+00
1.043340034217037582e+00
2.050512201182732142e+00
5.667169687622330976e+00
1.411401513636453497e+00
3.501175161054771667e+00
2.400440764788098758e+00
1.991359798050493568e+00
2.552602383269337860e-01
8.208598268159350564e-01
1.333386611204166794e+00
3.961048068751241047e+00
3.037703490130751582e+00
3.216298652298392735e+00
3.203869775587615099e+00
9.623040116691397028e-01
4.186925652962490751e+00
1.179239619656698546e+00
4.348649942557701209e+00
4.536856878727361320e+00
1.627573578659214704e+00
1.522719505051770561e+00
1.600668971538155294e-01
1.928149942314637988e+00
3.301480540217463844e+00
8.229027788628067164e-01
2.715745701622206187e+00
5.819585238692320805e-01
4.887590062645793765e+00
1.159253060889876785e+00
3.672397745312968032e-01
4.227636894348544949e+00
3.963599717160035674e+00
1.576151900641201253e+00
3.188333402670015637e+00
4.686644566971815529e+00
3.149702517234338028e+00
7.367693225637164112e+00
2.769240119409546175e+00
