4.990101400356452555e-01
1.949281544243437736e+01
1.954751678143705362e+01
3.170185113188698001e+00
1.850794768120638034e+00
2.365505275401181162e+00
1.697433376516184644e+00
6.599391775485917933e+00
1.037540580388559164e+01
5.852773559316324370e-01
1.194597614654287154e+00
4.577247066865105296e+00
4.967603960709386257e+00
6.498007086087901341e-01
1.927981079982146850e+00
5.838695595901840285e+00
3.046908792132841270e+00
5.436489914238222809e-01
4.773662894064392703e-01
4.892105174962350089e-01
7.684581965692889760e+00
5.977023135354665451e-01
7.657396758957640825e-01
1.630019578060478147e-01
8.474113082162737509e-01
4.157774810856647019e-01
1.663557307711132305e+00
3.763897567312406434e+00
1.559128528406075853e+00
1.964343853721142619e+00
2.905824083437819616e-01
1.570178353076577604e+00
8.455365903902050562e+00
2.605698820475327082e+00
3.608934729324171364e+00
1.321512985047753608e+00
2.348527243545165621e+00
8.322742161164763397e-01
3.021186487860013870e+00
3.598003058778291852e-01
9.532286394280253816e-01
8.263735179730565150e+00
2.404949369980025953e+00
3.626696977060801963e+00
3.148327327015427279e+00
2.883122699030157499e+00
3.242897029211246895e+00
3.420570801056824095e+00
5.999894223111034819e+00
4.477874776916078048e+00
1.552913367301333558e+00
1.055956112660637380e+00
2.738746821713919033e+00
1.999651543438800694e+00
7.146296551665834995e-01
1.127189578613458032e+00
1.918193440345621337e+00
5.047136808329720559e+00
1.027895115116291613e+00
6.734267468482918462e-01
5.850724688871377088e-01
2.839667421472588327e+00
7.367618112801991970e+00
1.551908912267336182e+00
3.343021051687430134e+00
6.894518354941022720e-01
8.684238370891877778e+00
1.219766246466158638e-01
4.801648573017981647e+00
3.523254217862177295e+00
2.501977010007329305e+00
1.736160050662213461e+00
3.066195568927422066e+00
2.113391716724192460e+00
1.492446274212208435e+00
2.704438995490653852e+01
5.840426291005461623e-01
5.142827814657202623e-01
3.730112432178304793e+00
1.923987551619768532e-01
1.100558392058786694e+00
2.716811510419775644e+00
6.280707872045438123e+00
5.824049232613084826e+00
6.683342652172581388e-01
6.869618185424293255e-01
2.133321360391324362e+01
2.131784582763500135e-01
8.007828469660054349e-01
2.701724151244637717e+00
2.283347309758086308e+00
3.113234624689313446e+00
1.534850101028536473e+00
5.925038249816134694e-01
4.502809750875303996e-01
7.301496373874445389e-01
4.726636637976213251e+00
8.145955436172870323e-01
8.948738669308653471e+00
1.290184395982986620e+00
1.361126813041719341e+00
1.227121363805904419e+00
1.048601234304332996e-01
9.680806589328324607e-01
1.815782822753405412e+00
6.556108961287345771e-01
3.567664173819149909e+00
1.886939615957645922e+00
4.595108081035452208e-01
1.036788364239078941e+00
3.406389414042942931e+00
2.067778912427876925e+00
2.105112421542458367e+00
7.102435549100751366e+00
2.120357395357959085e+00
2.211146877425445467e+00
3.869590514500431233e+00
3.724488611712271968e+00
3.879752064814639412e-01
6.067651991135613265e+00
2.750809771406520277e+00
5.896620905659423428e+00
1.630834839836173611e+00
3.558781115517568594e+00
2.230009376929597220e+00
3.894322109043924840e+00
1.151506893438792201e+00
5.681577494326254252e-01
1.291810588715386787e+00
6.048436152496916129e+00
3.719876734146846609e+00
1.204589502064300932e+00
3.987337928587967539e+00
2.293890444848021737e+00
2.957188911219335026e+00
2.500744730061418508e+01
2.322089325141342364e+00
5.683190393905057647e+00
2.599487104308505270e+00
1.383708204091245619e+00
1.319352881464278759e+00
3.735301177112919646e+00
5.695775026492544413e+00
3.133483744033509932e+00
2.723592359463395951e+00
1.061979254063210698e+00
8.907952178549797040e+00
3.580896942917568992e+00
4.584692708737570399e+00
3.143157751194000760e+00
1.114167437946519401e+00
6.241694667739660751e+00
5.508675588458619821e+00
4.424230491728500247e+00
8.828267189860451225e+00
5.985375071279316117e+00
4.985872535071765199e+00
4.730191914164610267e+00
7.696491996876915209e-01
1.267321676415474885e+00
5.603744282455931369e+00
2.381714658801604045e+00
2.347313524680841201e+00
2.019072883009431330e+00
8.229512336074616741e+00
2.026552303095956020e+00
2.158208375700772841e+00
2.164536250891988090e+00
5.375338074746223160e-01
9.498817382947031263e-01
1.311035086056536292e+00
2.620378422280944530e+00
4.366186124297389171e+00
1.330268835279040385e+00
1.275123405977631075e+00
6.945083393496057633e-01
7.896138279224167444e-01
5.382341041594099984e+00
2.308187812262290528e+00
6.030205326708189872e+00
1.901477547031053650e+00
3.772709356832117056e+00
1.922597772289168727e+00
1.076961507379884830e+00
1.233505100870637428e+01
9.251693966080202003e+00
3.472538545528685017e+00
9.907653401687276373e-01
3.163869198896466228e-01
1.943004869757252351e+01
2.261073783795032988e+00
1.002486506443807324e+00
1.685018263694098906e+00
1.984227001799157675e+00
4.399371966863140138e+00
3.488523547847502737e+00
1.054875191185457517e+01
2.774697041780635143e+00
3.319592627920274097e+00
2.793097194267168515e+00
3.967420846312446514e+00
2.658518834575422041e+00
3.868381353781018106e+00
5.277189526939997322e+00
3.329285599651019112e+00
6.770196302421172874e+00
2.927799531483061268e-01
1.609740384564128934e+00
8.428902591367367636e-01
1.775933276252492199e+00
4.035061083432521123e+00
1.365580686331370863e+00
3.123375554614704619e+00
1.904912624447695713e+00
7.365935311945157160e+00
1.394442073339696719e+00
1.835020672404142683e+00
3.776211652524056994e+00
1.637584446992316423e+00
1.295005896701394210e+00
4.450016789958040064e+00
3.157830391104871293e+00
5.792290645618408007e+00
4.121582201502450027e-01
6.354565353830466945e-01
1.592560131661709066e+00
3.015646757943961198e+00
6.746298347914084559e+00
4.482329610386042162e+00
2.739234567332856862e+00
3.653141166827990283e+00
1.710844697133137027e+00
9.412883653832853081e-01
3.860767011100898927e+00
8.085636907687938191e+00
1.139797744926992706e+01
6.146667167953441258e+00
2.487312708636661540e+00
2.424125475176216238e+00
2.159211867237627924e+00
2.456267945003507425e+00
5.951393858900569711e+00
7.715760682022488659e+00
4.846042615863524361e+00
1.406310262055942140e+01
4.673145103600698236e-01
3.430140329877220839e+00
1.961143264849163570e+00
1.921377726909171635e+00
2.594795841676258874e+00
9.094344157426521580e-01
4.865996639478222363e+00
1.505760603812451803e+00
4.803402600812642476e+00
5.427075528041260810e-01
1.028429622490113715e+00
5.155163419235554434e-01
2.876467243667905738e+00
9.341536250120596740e-01
1.512702411683240156e+00
3.812864376267480537e+00
1.580315036161565434e+00
2.804540599661799583e+00
1.135742991435796378e+00
1.755842166567942453e+00
6.156495275308656367e+00
5.898022709277812581e-01
2.223872963369186717e+00
8.648745881457050588e-01
5.032508654428506034e+00
4.486887660919074428e+00
1.563348898849775015e+00
3.580641869959079404e+00
1.191756366798958133e+00
1.907460075180976133e+01
2.797220741547863376e+00
6.830603576188905457e+00
8.623385368135547679e+00
4.184895415696097132e+00
1.086003903399679116e+00
5.951096143117013071e+00
7.166302588329508394e-01
1.276249187552646713e+00
1.507453066108813466e+00
1.206452655342398872e+00
2.042606922203216602e+00
4.435093652176014700e+00
8.628980936234399435e-01
7.274704322146670066e+00
2.285093334141164334e+00
2.999389458463650904e+00
1.203951292509468196e+00
1.042942239647624803e+01
7.184210074953074621e-01
3.735228645751739740e-01
5.215418609399159466e-01
2.551928405983504344e+00
1.255317584356699712e+00
5.428423637695921400e+00
8.228081831340128716e+00
8.476766732111549629e+00
1.482310782932589888e+00
5.412745559200353718e+00
1.294928660221153160e+00
1.440095662925943820e+00
1.455488927904930452e-01
5.325589422509201754e+00
1.237920486398140507e-01
5.995037426707359174e+00
1.163883779903630611e+01
5.342290990928482142e-01
1.756125355941062116e+00
3.008988649339364163e-01
1.630791485208868075e+00
1.544992049204295226e+00
2.740708898696365914e+00
3.046062139005934366e+00
5.234592950550067680e-01
2.317729521863198361e+00
1.690265339749365125e+01
3.303985198077596941e-01
1.192887660701833275e+00
4.686523824385973036e-01
7.331498530708669970e-01
1.849205557976075109e+00
1.421779093977874942e+00
1.443073535595117862e+00
4.688892815200849107e+00
3.934500442034890799e+00
1.997460425155659136e+00
1.123189953474865277e+00
8.111627701553270064e-01
2.460821157071237941e+00
3.649812105537409312e+00
1.093279058964647721e+00
2.928132081246635821e+00
9.585672072048230241e-01
5.950518722294798835e+00
1.550264385176669535e+00
2.162242244896835697e+00
5.855831712193861893e-01
1.409218789217052237e+00
6.754320934376567109e+00
7.747392052947707164e+00
5.978621970525992424e+00
5.783506926422908201e+00
4.300129485515776229e-01
1.620914668591353358e+00
3.771709950439771086e-01
2.007129638846377184e-01
1.892454492824740209e+00
1.440978443679303833e+00
2.186832277670792912e+00
5.207978029524410246e+00
8.598317386356317815e-01
7.318263587503189171e+00
6.425230788283928796e-01
7.816120585695595091e-01
2.509007080738000717e+00
1.212736074163936140e+00
9.777351866061037011e-01
1.033621182182968834e+00
1.096304246973680119e+00
1.695614574545536435e+00
3.744649575325946333e+00
3.139253889933568686e+00
2.379354191682692132e+00
3.491354446198105865e+00
2.439518234659723728e+00
2.945457000273624892e+00
2.428560489570231518e+00
3.122146002879889970e+00
5.995403610409048234e+00
1.433153991257419602e+00
8.130618194211413297e+00
3.743293081625163499e+00
8.841183267179886229e+00
9.601648606881455494e-01
2.250938220275050305e+00
1.423599770962957534e+00
2.392808676691669856e+00
2.698174717319404614e+00
2.893370125216725874e+00
5.303580586363791927e-01
1.952620983634746921e+01
2.182039485855030492e+00
2.519051992462133072e+00
3.478941519583036879e+00
5.429814928908687222e+00
5.660053787877333820e-01
2.051070076337754955e+00
2.437613661480241056e+00
2.683374504475177780e+00
9.609567892587268512e-01
1.020463199655317954e+00
3.083792363854076957e+00
1.393772783228521206e+01
3.031825843151715105e+00
4.896770305170356496e-01
5.882009380071369087e-01
3.203879169799784155e+00
8.759277071797870740e-01
4.200572097113237646e+00
1.838328407430477096e+00
6.693909557985705527e-01
3.886512276220044804e+00
8.379144684758537132e-01
3.248228827950893738e+00
3.033936516452937937e+00
2.929892229371748313e-01
2.579178292886476598e+00
1.883518987865784977e+00
1.327582413054898769e+00
2.271944961141951325e+00
4.070453268384855328e+00
1.992959815584588457e+00
4.730299743933848999e-01
8.578233418316677517e-01
8.137148876495233552e+00
3.989354227611991988e-01
2.668113576631543915e-01
5.686786923548160289e+00
5.420759878077790361e+00
4.196589511819718288e-01
3.335468820406743529e+00
9.352163126058083975e-01
3.051548551067372372e+01
1.670179678333323814e+00
2.601695393442252424e+00
7.242489397039132415e-01
2.465203360656558207e+00
2.128421292771396800e+00
3.180235740427615476e-01
4.757648985728510360e-01
9.656360722779071537e+00
8.625511422401352490e+00
1.457529930321041789e+01
8.219567083891508474e+00
3.781234165831755867e+00
1.078826401229127763e+00
7.422056679273014712e-01
1.247428320128290746e+00
1.798662563421584482e+00
5.702732201473992291e+00
4.881832726461365013e+00
2.657324559340991321e+00
1.033442167866176487e+00
2.407483172173599417e+00
1.357733071503431033e+00
1.281750145974612787e+00
1.459081933649687635e+01
1.658405276643849291e+00
1.081952460664629578e+00
6.001872645308317544e+00
2.304545544051401329e+00
6.257331641681525003e-01
1.872904413347782349e+00
2.033942133694346399e+00
5.256612356241639361e+00
4.832159276265618253e+00
1.923207165231429538e+00
7.593196176047709578e-01
7.053257591790177417e-01
6.536620145264920190e+00
4.985524356344635422e+00
2.948384773317449081e+00
9.312448390160115608e+00
9.443174757783184603e+00
2.265714380596741684e+00
9.874808415422456909e-01
2.453702249127790225e+00
3.535236092283802201e-01
9.291986179627678144e-01
2.944670697557596473e+00
2.234507484482852391e+01
6.315862455688265875e-01
3.107044136016643421e-01
3.030449888375069456e+00
2.177480997716047639e+00
3.190006425746228391e+00
3.304539187248261012e+00
4.623189675788701436e+00
2.176051989324596647e+00
2.025465864812986183e+00
1.039678949373746608e+00
2.522395052089948742e+00
1.863028090706681850e+00
2.756948801052383047e+00
7.303968575024320842e+00
3.820547576055840722e+01
4.357169022396170099e+00
2.011562807918632956e+00
7.793571647728419372e+00
4.313097046428758241e-01
4.880632631761888440e+00
2.659594250395221238e+00
3.833406402980716887e+00
1.994674358179866935e+00
1.629881842043211737e+00
4.811049198142847594e+00
1.889629955295317965e+00
3.213943913839772737e+00
1.105284778834658699e+00
2.602217189930635666e+00
1.204413910826534373e+00
1.009736795873947557e+01
3.457761240980723905e+00
4.903778762334040309e+00
2.741888401424482424e+00
7.339628707620354797e-01
6.921028287857287964e+00
6.188351883966123346e-01
2.154018159603462212e+00
2.396601626896648907e-01
1.744174127331402424e+00
7.393904580143865424e+00
8.745364408682441137e+00
5.622879973244732987e+00
3.868220995396707274e-01
3.348171479441028886e+00
8.962726287299550565e-01
4.943220969773182816e+00
1.477088456308160991e+00
4.284748665302363868e+00
1.744342935429465280e+00
7.964671466305802028e+00
1.907098196048425010e+00
1.656899823643650738e+00
1.897738903841288405e+00
4.829665647266324413e+00
1.018470983894080106e+01
5.025533743935067577e+00
8.895426815141446175e-01
1.966015389988489126e+00
5.170198998680149982e-01
1.266518136321482801e+00
4.498468362254365971e+00
2.503526915274134068e-01
9.643691827706424302e-01
1.749589093094634507e+00
3.679336178175439453e+00
2.964901168045103841e+00
6.496578868038554999e-01
3.673323036079865211e+00
3.756866198976415827e+00
1.460437889067483175e+00
1.101478089206198163e+00
2.362340558485978903e+00
2.317935466314160919e+00
1.087522579441221549e+00
9.875244395369328076e-01
9.176412279894385904e+00
1.453377643394249685e-01
7.518711967119744433e-01
2.433843467000524008e+00
6.097528890150276659e-01
1.603990141983580031e+00
2.241414584141006472e+00
2.994980184323250416e+00
7.571020125610355977e-01
1.380423618448706646e+00
1.138399960978602604e-01
2.626395926019891469e+00
5.085306883223233321e+00
5.776146030412661503e+00
1.294421434848165964e+00
3.854284109261410407e+00
1.281683540890992123e+00
4.587517473383549316e+00
6.086874895686419151e+00
2.947182442038276395e+00
1.737387160143182507e+00
3.758105991210500818e+00
1.049663768080511428e+00
2.225885421685632082e+00
4.185810885696329420e-01
4.582110653769673192e+00
1.259693646560679225e-01
2.944431298866354574e+00
3.169238810150973862e+00
4.506495833860772571e+00
8.216827875757944710e+00
6.066126793641124948e+00
5.284032579388763251e-01
4.158579618340054296e+00
2.885899786072926076e+00
1.171993944647619301e+00
3.914949890105434149e-01
2.910134969081694667e+00
3.243407969303055971e-01
4.355896632452434858e+00
2.233008546792531579e+00
3.354466077992260153e+00
1.508791875503002755e+00
1.337317569874062473e+00
1.359796287642415891e+00
6.966800911816003472e-01
6.110371106764516114e-01
8.460141174468363001e-01
2.352452023219832711e+00
1.243856058136034504e+00
3.890383017618196604e+00
3.283903462754227398e+00
5.519956507286151171e-01
1.420154565345653097e+00
8.611451621602135287e-01
3.735236138878016199e+00
4.139388080246652057e-01
6.669026865087634093e+00
1.102859213652432890e+00
6.386158685337243845e+00
2.353748269186239028e+00
2.407007898163639581e+00
2.773361862195092842e-01
2.165253529748283334e+00
3.167653863976373607e+00
5.734275296170318059e-01
4.049215279468820761e+00
1.438561508738490069e+01
2.695819329872771064e+00
3.481803507587168944e+00
3.506670933723646577e+00
6.582153706518173442e-01
1.669001791273895474e+00
5.726243220623950414e+00
5.434646366071639534e+00
6.387246162550659356e-01
1.965294762241514004e+00
4.464173398956819305e+00
6.531034150087668522e+00
2.149882631957622436e+01
1.075924039265232723e+00
8.021156314546161736e-01
8.771237232168001441e+00
8.589895382924895628e+00
8.869997771728769242e-01
5.890341081546515589e+00
1.351515925821982655e+00
2.169627674770654657e+00
2.512772087840867918e+00
3.174703015650422344e+00
1.097563373679017351e+00
3.326553257051669821e+00
1.967520650895636880e+00
4.682039438256390795e+00
4.204433031281484823e+00
2.143648642980123586e+00
2.795479746228218598e+00
1.895640309521406275e+00
3.287518395998680898e+00
2.841230103105603533e+00
2.321603441576164162e+00
3.347019863552085805e+00
2.297312217161286085e+00
8.859923376130117711e-01
1.728598113664842284e+00
2.730349526725973863e+00
2.925258140512605465e+00
9.626890991314175361e-01
1.393063519738269918e+00
3.261804532556405345e+00
5.285471078291315905e+00
2.141648865816603853e-01
5.678349457411263623e-01
6.985957990393293571e+00
1.859051315233249957e+00
3.038033982075892148e+00
2.377773606776585891e-01
1.233668099673987495e+00
5.026228271605307496e-01
1.649252963594943999e+00
7.755444408418540547e+00
7.556983081807429059e+00
9.674037875636162243e-01
7.624371414279255355e+00
1.014385799009899669e+00
2.998702810162406696e+00
4.778964348481251179e+00
1.512170806965212000e+00
3.701438946738424107e+00
1.102817878049093592e+00
1.822117841329264909e+00
4.142711511146383252e+00
2.477920372967755913e+00
2.760064816104904839e+00
1.557271751285839834e+00
1.274865899702916749e+00
3.123692233823855080e+00
4.768019450499966227e-01
3.271298686516879606e+00
1.700301071503361960e+00
1.448476110983064391e+00
1.549670816176332178e+00
1.080183587355343811e+00
3.559411461620151318e+00
6.004066824432044314e+00
5.994767542077738653e+00
1.045893709702177432e+00
5.712084745386529328e+00
1.969978743736866766e+00
2.194070394329098672e+00
2.520526884217750285e-01
2.238066769080162111e+00
6.893807427330402859e+00
7.452417414724006317e-01
1.748666851086775331e+00
2.258634816834934611e+00
2.888175743467437329e+00
1.290657623942050636e+00
4.706344895923667337e+00
8.957838698884410533e+00
5.960939346675091510e-01
6.380489811519888477e+00
9.045408670503292115e-01
2.869266627177173290e-01
5.431637251175018832e+00
3.272900949235558521e+00
5.618564448773031295e-01
7.497633392410411046e-01
9.794873737883457165e-01
2.693450973198957321e+00
1.573903366120760516e+01
7.651043421541447564e+00
3.741661188487368950e+00
5.485830226393988429e-01
3.787852846249131211e+00
7.232154025548958032e+00
4.598975786768094154e-01
2.964111323536855913e+00
2.243246797478209320e+00
5.251325446888944093e+00
4.641083080478217049e+00
1.191341912010018822e+00
1.136360241942359961e+00
2.765267189671599457e+00
3.915750783671318125e+00
1.091312533558604159e+01
2.335740865374027919e+00
7.120429467813112367e+00
1.071387461895675575e+00
4.151337979274916101e+00
1.194907870279329654e+00
2.482318249014169531e+00
2.033715864255135841e+00
3.988307648915074388e+00
1.594577869929125979e+00
1.396006721026930464e+00
2.261469071650481055e+00
8.901807047273344153e+00
5.005589986599299657e+00
1.956686460430755226e+00
3.481363417766404567e+00
1.274539910502327400e+00
3.190724558084012230e+00
3.365000324948699828e-01
3.630971211236409868e+00
1.433480282745470902e+00
1.713904945536455671e+00
1.887869933566136638e+00
3.025823023377780530e+00
9.205667554141362396e-01
3.066764191788701410e+00
2.599355478896054006e+00
1.802579513174385584e+00
6.717389016096338317e+00
1.365790387754794999e+01
1.772429852578475407e+00
1.275137774131219093e+00
3.528914915136160957e+00
6.556001343318348384e-01
1.305505158045692893e+00
1.771197949229279089e+00
3.702307636207845309e+00
1.272205474635425659e+00
2.958409317212558509e+00
4.492339097976151052e+00
2.718039325439759457e-01
2.050425975342094809e+00
3.807988628171555812e-01
1.895554165504359068e+00
2.407745079137638466e+00
3.481936138328256547e+00
3.923149080824165580e+00
3.669127226806488729e+00
4.842175147645089717e-01
3.221475477508749741e+00
4.558976515366958360e+00
4.597424833544902611e+00
5.686631593324233513e+00
9.611800191787630565e-01
2.238280902326000632e+00
2.719421707809964772e+01
1.665250423587283146e+00
4.180854009192589871e+00
1.275159613263642022e+00
1.409068657239996858e+00
1.861659378906639795e+00
9.353593629032052048e-01
4.058173498808952950e-01
4.292621948622442396e+00
1.096376105753764207e+01
8.908370724697245890e+00
2.973512993648423919e+00
3.624785031354546549e-01
9.875926459343220554e-01
4.348224260291724264e+00
6.321892331555926781e+00
2.583318725872365107e+00
4.360372835411263637e+00
4.701558336813993932e+00
2.350663192602388651e+00
1.487431040200384302e+00
7.538669892181309784e+00
1.296648576666057151e+00
2.034347980386324473e+00
8.226717681572035090e+00
1.942800756295145703e+00
1.410329881057836188e+00
1.881037174009518864e+00
1.987139971897607937e+00
2.373717605764282368e+00
4.535253910498416197e+00
7.586452317634939657e-01
5.446215599852185507e-01
6.015042964374963219e+00
2.474696798041003287e+00
2.654573114938014733e+00
4.841311281173404923e-01
5.755395990341813928e+00
9.791070914758968069e-01
1.437251344313716483e+00
1.185641847402951976e+00
2.229192960884956776e+00
4.562508540516948541e-01
9.653526020128072815e+00
4.514489369234984117e-01
4.382913149638717698e+00
2.739770332698427957e+00
5.532869868841243211e+00
5.067293847056262734e+00
6.790514955983264933e+00
4.620956801344835441e+00
1.976512617929372162e+00
3.605559488041577776e+00
6.793368205356249412e-01
1.038095467903930036e+00
1.396623984966958165e-01
6.344612977608750981e+00
5.131772395420536981e+00
1.907536629917566451e+00
7.785305132911923831e-01
6.684565391579873506e+00
2.324454152959567921e+00
1.515147464915213238e+00
2.662146890608873662e+00
4.868440537904936249e+00
2.233862161941670976e+00
4.618021023341317033e+00
4.944465610958106438e-01
1.357066801009245705e+00
5.339243334486132753e+00
1.754621494922089964e+00
7.260039653256489256e-02
8.280588790339047378e-01
2.109366948273738274e+00
1.189029304367148043e+00
1.094483608607402125e+00
1.309080915312978100e+00
8.443073307426256946e+00
7.533979734098456227e+00
3.307391484288177530e+00
2.602145129185394534e+00
3.073292501799437249e-01
8.191014859478119803e+00
1.265320060910824829e+00
8.266460473731782610e-01
4.419379394328391442e+00
1.887945627388265990e+00
2.474975824537490876e+00
8.830647524071025600e+00
2.204751281579880740e+01
7.460098718487896186e+00
5.250686837227923620e-01
4.103651919199170273e+00
5.959731452588082901e-01
5.448902602877102375e+00
8.536471419352668732e+00
2.740457431106611441e+00
2.518783914461739659e+00
3.159946802193897009e-01
3.789180982811283460e+00
3.660599911252472527e+00
2.093799783115678714e+00
2.538580079150383195e+00
1.027426132568665018e+01
2.160665703201282817e+00
1.054992744692352957e+01
2.168782961973890977e+00
1.301471753658768993e+00
2.828348105845052141e-01
9.051052006924726889e-01
2.648422346259336813e+00
6.943141978256477387e-01
3.849499401718480485e+00
3.067433877205290926e+00
1.250565889522979646e+00
1.285508738154665487e+00
7.928758989383932310e+00
7.026952507526385006e-01
7.366817574529919976e-02
5.970384295968501398e+00
3.427398307294417523e-01
3.145579157890149968e+00
5.239835549418646821e+00
6.265387590429369880e-01
1.819071967732196704e+00
2.191667090386564265e+00
2.331948801760406198e+00
2.386856611447901066e+00
2.551067329954832985e+00
1.072838038021736995e-01
7.937602947237695439e+00
2.001963835035768025e+00
2.644178464923137906e+00
2.719399795592685187e+00
2.923406033602572229e+00
3.850139683873427199e+00
7.104218830213531177e-01
9.796681876063686456e-01
1.299622182740439502e+00
1.180478707532741645e+00
2.777785217956214581e+00
3.095422377084390053e+00
3.832887741459085174e+00
5.846675579657508059e+00
4.526324129054486889e+00
8.881388403307395762e+00
1.507092492142706741e-01
6.389166643548834790e-01
1.766831415476260325e+00
1.087425350554300341e+00
7.539193361308967889e-01
3.657680366533230476e+00
3.826969648027670257e+00
1.496178556437872231e+00
6.080861806237876976e+00
1.546423818571979858e+00
4.863648314594829714e+00
4.839488739633878711e-01
2.178166367795272507e+00
4.463433894282995418e+00
2.891218588973553660e-01
4.160530846943058414e+00
5.327634775137851664e-01
1.399091136857080198e+00
2.112443596749896457e+00
3.374496347427414999e+00
4.124350503121426037e+00
1.930384501654320406e+00
5.229243724131923399e-01
3.709083489579750870e-01
2.921361368698711214e+00
5.001360956082384845e+00
6.538198656536284403e+00
6.743021990386479203e+00
1.874571234925842989e+00
1.441650392073868137e+00
2.919907276997914636e+00
5.695075168667984578e+00
1.154796601957087665e+00
5.481562196679472976e+00
6.948391159132859540e-01
1.028328406169854992e+00
2.555488062515402614e+00
1.122352272570741327e+00
6.361902262573871925e-01
5.227290897097452316e+00
3.491110039534457865e+00
3.636293421690263705e-01
2.186435289835377382e+00
1.926820660109693328e+00
3.867776709006623292e+00
1.554936514175509998e+01
1.228635023362680156e+00
2.959901180533162979e+00
7.327619803479258342e-01
2.078983978473493699e-01
2.933274690989977618e+00
1.727486803962661810e+01
3.868853227482263790e+00
3.702842851952761194e+00
7.136797199193483099e-01
6.683272334256713521e+00
4.224617130172455326e+00
2.663280632533796322e+00
3.739647826563252675e-01
2.587225582631983656e+00
7.110663307470279637e-01
2.352679692099543529e-01
8.346588899131551997e+00
