8.257295748723782580e+00
5.309594554646889009e+00
1.606661053628534397e+00
6.788492342696159199e+00
5.439116604394294896e+00
4.783093521607912457e+00
3.377441417048193895e+00
3.254583208406704453e-01
2.277346757063455573e+00
2.197970845785191862e+00
3.398776059065819766e+01
2.740297461566283399e+00
7.209704932328465432e+00
1.124898903645676018e+00
1.358520357958869340e+01
4.414410616188020775e+00
9.270893010797967904e+00
2.452597042164827990e+00
1.062400522009779635e+01
7.144264496380728913e-01
3.228634062234957192e+00
7.206771701135437524e+00
3.458233061525983754e+00
2.238175901279376934e+00
4.678701864826657619e+00
8.402125643475887529e+00
3.024071266770059996e+00
6.712989131140409071e+00
2.877271775615032556e+00
1.220617672100739570e+00
2.585097729470070327e+00
2.795749713636103806e+00
1.595796667685132730e+00
2.512267011126144034e+00
1.435779182916232521e+00
4.827187869864727254e+00
3.203906872168270858e+00
3.193280992021520603e+00
3.094096978368546580e+00
3.333484065096424587e+00
4.048157459666490432e+00
1.939667377141869098e+00
3.661984351179346397e+00
2.904342421677669428e+00
1.707932005994230895e+00
4.048486439255738922e+00
1.432343081675886420e+00
3.837188189825610163e+00
1.935515103070282406e+00
4.032059790635651453e+00
2.077639854607888026e+01
7.874909652955484063e+00
9.391754602226637161e+00
6.098790136586192290e+00
7.739261090155199696e+00
1.693226305707060231e+00
4.571929630435690228e+00
1.111246637206097354e+01
2.577452706141094563e+00
5.958052029043245490e+00
2.005881427365809433e+00
1.155829186724829860e+01
7.567167121475964819e+00
1.786940258394381331e+01
7.667358222085124408e-01
4.015574645875201298e+00
3.758736178654210391e+00
7.941617225814406211e+00
5.778034079841711801e+00
1.089999641387645468e+01
2.089946429347246948e+00
2.282325377437364189e+00
3.301114070276417678e+00
1.537518324576348583e+01
2.099551366516624284e+01
2.883726400314087002e+00
3.440707315090445029e+00
3.424755188678715978e+00
5.872740544984904609e+00
8.467803360694903247e+00
3.763684280974679996e+00
2.141368563620651422e+00
3.450840071657904851e+00
5.388002936460759784e+00
1.522522194479811297e+00
8.382451486966226994e+00
1.341502748084284491e+01
5.329280806125998637e+00
1.493449618506188292e+00
3.360132228693650802e+00
6.736984749611701240e+00
3.519202794412318536e+00
6.873660236085784803e+00
3.137647590340485682e+00
1.947040539288413186e+01
1.231018769542751690e+00
9.135388414146209612e+00
3.483981742992894315e+00
5.446469827870168423e+00
3.334333689306634430e+00
5.454909851862757897e+00
5.196413938050083559e+00
1.055473172439759821e+01
2.745214641076705764e+00
1.293202562365638686e+00
2.299446694131220159e+00
6.585880197842925554e+00
3.893541506328692670e-01
8.022578644530920400e+00
6.814625313313467103e+00
2.470498748603673356e+00
3.469418164525363668e+00
4.997313680521695112e+00
7.708560065816953077e+00
1.570683270110165708e+01
3.323196981166202324e+00
1.711625672454429870e+00
3.794201211111904115e+00
4.973647555593469605e+00
8.467003927941634700e+00
1.189535013771344829e+01
4.101481848996778012e+01
6.849827150925485775e+00
1.463539028440159484e+00
1.000474715459964692e+00
2.691007407785191319e+00
8.671970453615227115e+00
4.079485290396928754e+00
4.518810145381690013e+00
6.745577661071310516e+00
5.402135583354067627e+00
4.995906380466156982e+00
6.738463437953654100e+00
9.006044547810802214e+00
2.240817724288665325e+00
1.548048617518307690e+00
2.085316175728456400e+00
4.621024561386303731e+01
5.922948653078569103e-01
4.670823183057057904e+00
2.321020851392814777e+00
1.728365019390019341e+01
2.017622742754414489e+01
2.980595094853869753e+00
2.531540194362362772e+00
1.849427779054311216e+01
1.223195616798367302e+00
1.662811802422365037e+00
2.351187022185978748e+00
3.784344830144601435e+00
3.891148574540681082e+00
2.096826083266514207e+00
5.246832715598220176e+00
6.625368803642997406e+00
1.093179228713360374e+01
6.337666692799026613e+00
6.032934918890610732e+00
6.190347827815519954e-01
5.004215366601032500e+00
5.140448972369158209e-01
4.662306903340192932e+00
1.379540444685972922e+01
1.441303085414603169e+00
3.047041831829575109e+00
5.598411132158836345e+00
1.049945074896360708e+01
2.401708886177203350e+00
4.586068142822042226e+00
1.187333028336894181e+01
6.767416568551907652e+00
4.286254683913157670e+00
1.172683373635511472e+01
1.383278888785468297e+01
1.193176922807738238e+00
1.236613182544049749e+01
1.894426404994345114e+00
1.145681992951185357e+01
5.766687606144976996e+00
3.022204066851294613e+00
9.940312842132405180e+00
1.112836442172452145e+00
1.162628113393231821e+01
1.968190135512728478e+00
6.397654429088097672e+00
5.414197437306095040e+00
1.176844752692646878e+00
5.993920192537193437e+00
2.801201791307163513e-01
8.254136421906661525e+00
1.172404750579674415e+00
3.079077490876475309e+00
4.730838032818954986e+00
1.997136202185959108e+00
4.048942497590830136e+00
1.468838826661800567e+01
4.712368392986089560e+00
7.265063393494074262e+00
6.818857221599134988e-01
2.012141806087182516e+00
2.599911792169694635e+01
3.090360017790631186e+00
6.515652132281887887e+00
7.717477950185716473e+00
2.132445014448785159e+01
1.411938636944738645e+00
6.737932504672636824e+00
7.285728835648651369e+00
1.445823692432229635e+00
6.902948887301670666e+00
5.503293042936782342e+00
1.641990582481727756e+01
4.774357981595420242e+00
2.891302915714333288e+00
9.839764506427368662e-01
5.836016647546349745e+00
7.405965198002826266e-01
4.600312406527670817e+00
4.984110023760856656e+00
2.193925108146622449e+00
9.844324579367713213e+00
2.640089029226939665e+00
1.146459641604007373e+01
2.041963969227577280e+00
6.923490247257904073e+00
2.911929139956924484e+00
1.110256375990617528e+01
1.085444785473070439e+01
1.356731191959662119e+01
1.076994532516170056e+00
3.671775935536607971e+00
1.239284359839363692e+00
2.382737980052326066e+00
3.960625162382374942e+00
8.657316336596551309e+00
1.324601514553496884e+01
1.721283238954242290e+00
8.963100196994663094e+00
4.195266537561657572e+00
2.223798985032281905e+01
4.818169111167092566e+00
2.973604707548355375e+00
8.725637156983694354e-01
9.467761754791418127e+00
1.060394702739063000e+01
1.427461274042509487e+01
2.489499263843041987e+00
6.173045894346484097e+00
4.592362929712984432e+00
3.515309586331650138e+00
1.334647614102771884e+00
4.792231874018998639e+00
6.727492326542384937e+00
2.235920422527385210e+00
3.119641280247980042e+00
8.694666604795402876e+00
3.458864579196449185e+00
3.965739520831327525e+00
2.733326902462139607e+00
4.316126900752486506e+00
2.953424350235112961e+00
3.815897760289737040e+00
3.479640243324422233e+00
2.925895505714808831e+00
5.100622202367874003e+00
5.393510734409095342e+00
1.530196875794607081e+01
1.322004989781771833e+00
9.553997233084402296e+00
1.089260648572696866e+01
8.796393529983057569e-01
1.907010277391126607e+00
7.001157757697719752e+00
2.203942477425775426e+00
3.435945866343286248e+00
9.905877946143055723e+00
3.551231240726823390e+00
9.107239868631307189e+00
5.548856835238397345e+00
4.206199850388858685e+00
3.928039213070857461e+00
6.748172192152351201e+00
9.281784147553405973e+00
9.484122847854308702e+00
2.664047756445384607e+00
6.859579572391988123e+00
5.612592615068323632e+00
4.298589813189685138e+00
2.838314282185530502e+00
6.587467423304923742e+00
4.799297752959331476e+00
2.460358810653574757e+00
1.235888529006115455e+00
7.699131840735704557e+00
1.854249330939151008e+00
1.274647833701162369e+01
6.167659399694551681e-01
6.277824094035302949e+00
9.494210391307168706e+00
2.701779527933739544e+00
3.418483034987479297e+00
1.217552314626153276e+01
8.277404181919067128e+00
5.965608442308243387e-01
3.795252676399743841e+00
7.916812304143229007e+00
5.298328311171039751e+00
2.622663968913840460e+00
2.955122828258313739e+00
9.997446075124969411e-01
4.602021214041265296e+00
4.711236979416995041e+00
2.833869147226190321e+00
3.328566439863564153e+00
2.712249629522080596e+00
1.386929720808604216e+00
3.466166260346679184e+00
5.469822886906157144e-01
4.239516899875753531e+00
1.530696167294652099e+01
3.802280816225060533e+00
2.303084195832201253e+00
1.858521219414699388e+00
1.852827362224189756e+00
2.407692837188917245e+00
3.205863233781016675e+00
2.699856730922538528e+00
2.990957697150587347e+00
2.446590607971700138e+00
1.284323585583924787e+00
4.666983370879671966e+00
5.169042113715358155e+00
2.244927371618277157e+00
1.356095549920963483e+00
3.589810282688345566e+00
1.363829256258339839e+01
2.737182109729487944e+00
3.531378722424660666e-01
3.870348385554531312e+00
2.692224368626324082e+00
1.368836568132334541e+01
4.501424676736800023e+00
1.161897179696040006e+01
3.380630866632973408e+00
1.407892964393178659e+01
1.818173206296575861e+00
2.000212725114457690e+00
6.084729394231472632e+00
6.072597113200027152e+00
2.345965287539029998e+00
7.414516993223849717e+00
2.448596583909869118e+00
1.903990505698808899e+00
1.461763259903502998e+01
3.365834326369158358e+00
1.836627754431582815e+01
1.030338487950093374e+01
1.777590401955528421e+01
9.162518814897864239e-01
9.630112866343383260e-01
1.752339867030837661e+00
6.466607566056698175e+00
1.368710433972213103e+01
8.267556348086277040e+00
6.482592407190359562e-01
3.665980179291003616e+00
4.730019472812907466e+00
9.431777419465753098e+00
1.101005075943517397e+01
1.360000480135824219e+01
8.380145256020924194e+00
1.485648327571165384e+00
2.890700994878358632e+00
2.508746727197349369e+00
1.217526393507811733e+01
5.687520862230017737e-01
8.423212060846440252e+00
1.957351264569835214e+00
6.716926630502126017e+00
5.884137944359489225e+00
1.072858918923912830e+00
4.705888302572758697e+00
3.045753986147661241e+00
2.459312415110812111e+00
3.306348278826109599e+00
1.007403539357141753e+01
3.525033119361325795e+00
1.116493026097595376e+01
4.507427325457090461e+00
9.585379898602656823e+00
2.873040645213174926e+00
1.583707707915973595e+00
5.065505715046178636e+00
2.218056884184503641e+00
7.338120029587718918e+00
2.485564605682813344e+00
6.904333518712003626e-01
2.335968501740005010e+01
1.361946613363809533e+01
1.912095223714861447e+01
1.393523384495025752e+01
1.438351701183646414e+00
2.466553643430676512e+00
2.439489816483236151e+00
4.520061127251086219e+00
4.568289159698579183e-01
5.840424681584170052e+00
6.602879978893538393e+00
2.773587640025388268e+00
3.475279087828684776e+00
2.651831692152797348e+00
2.712871886824443912e+00
2.652446848818998504e+00
2.029171952212791563e+00
1.086075183837894542e+01
2.961541669335740146e+00
1.255230542421992723e+01
1.732853825366664324e+01
2.452539856259877027e+00
6.976780320021070736e+00
9.398181169211293096e+00
1.718580184788550014e+01
2.066667251817773110e+00
3.126505557315006456e+00
4.404696020645465282e+00
1.392406458379122647e+01
7.989046311024388558e+00
1.117027861375149284e-01
4.594804289583946044e+00
2.441424817944899406e+00
3.426317910313172455e+00
6.939897278417233473e+00
4.853460735559803396e+00
5.708728997049229648e+00
1.189111470398803716e+00
1.482904295947037987e+00
7.288971616560771416e+00
1.076294033399232131e+00
1.749501352212781802e+00
1.794846649422496832e+00
4.515856723929189798e+00
1.443532099319420947e+00
7.100436158276036691e-01
2.753164028346244407e+00
2.348806959490561841e+00
5.635004343807875848e+00
2.218193340497514932e+00
3.804008525733051371e+00
5.478666413264257073e+00
1.355767782083601958e+01
1.229270343489200279e+00
2.080350311872321556e-01
1.399704868301233951e+01
1.228925018712219241e+01
4.462762598639869793e+00
1.321384227272818634e+01
2.322866948766260986e+00
2.125912871026742756e+00
2.352644791269846714e+00
1.470366760844283860e+00
8.785468769917317289e+00
3.342465689027510845e+00
9.162702243527455437e+00
2.061288548423070921e+01
1.191827250365680868e+01
3.448997752663537142e+00
2.431571183130641245e+00
1.183224314679835665e+01
4.046401298541838720e+00
1.739190597392307325e+01
3.590121384041841779e+00
1.508786386154677528e+00
8.949348980519205909e+00
4.207859583341440057e+00
7.997416200961600552e+00
7.206462490440778801e+00
1.363200295872039369e+01
7.688100245837553359e+00
1.706146902581163616e+01
1.532991566460047972e+00
1.017370341735207795e+01
4.079829038822363252e+00
4.449923512158613370e-01
6.332994346283042475e+00
7.229102153326922853e+00
1.957744492318059359e+00
2.344136189626470745e+00
3.104989390057917742e+00
2.447984813062534126e+00
8.890556956130085675e-01
7.602748601082045532e-01
1.365910668518956816e+00
1.200140817438079743e+01
6.393541887880708430e+00
1.598321073509714374e+01
4.293228091597034890e+00
6.508463830228148339e+00
6.189344313697465738e-01
4.783240265047227879e+00
4.045223814300060283e+00
9.772915419189772024e+00
8.617819844374952076e-01
1.793243440859912941e+00
1.521501001414082399e+00
5.059425148848909259e+00
4.719130966375040259e+00
9.251744642204485558e+00
1.807967722561890422e+00
8.370128548571293958e-01
1.470926992179252046e+00
1.611864498869751694e+00
5.971285490914121752e+00
5.847438424425796200e+00
3.240677964436797787e+00
3.070952831365279856e+00
3.617541495218952630e+00
1.259222617615511020e+00
4.436221915244122016e+00
3.559188400099440042e+00
1.380313289361508033e+01
5.034758488501833718e+00
9.467185015919662661e+00
2.328426538012024594e+00
5.903441452464021744e+00
5.701438896674546619e+00
6.997297202306352659e+00
2.571623137745647991e+00
2.132679412308032596e+00
8.727875253431875535e+00
1.094569269601153749e+01
2.685636969798234475e+01
3.827986908856578552e+00
1.140664072997343936e+01
6.244735809421839434e+01
1.123432471828242463e+01
2.826441879435422244e+00
4.642235960590774368e+00
4.184450391741473929e+00
6.735862520784573704e+00
2.049200247190549717e+01
7.162486164938399291e+00
5.092401095518463094e+00
3.228669768502736126e+00
5.513066299974129780e-01
6.673317596051209222e+00
7.048529961415868073e-01
2.826824341826979392e+00
3.130577079740497037e+00
6.614981888728286297e-01
1.023058172408547462e+00
1.808719217913477451e+00
1.283404577012812409e+00
2.309315364658563041e+01
2.701176332161955962e+00
4.312026240012734490e+00
3.314795580489287463e+00
6.460907631988096256e+00
6.513461192847738168e+00
1.010722669354669589e+00
5.478770556621132215e+00
3.325924117863637619e+00
1.904283719816180565e+01
7.881911378893796893e+00
6.801755095572780796e+00
6.165800545796745524e+00
3.519575850445122711e+01
1.046763992657297848e+01
3.147710545780815217e+00
2.376654876080050993e+00
5.781290700394293935e+00
1.463657364451076859e+00
6.848533198385866605e+00
8.997960581716810680e+00
7.154374036260409575e+00
5.428378497370143663e+00
5.446485061961652718e+00
5.213323769370624028e+00
1.695165886172411041e+00
4.886320884248170238e+00
5.508809752762079626e+00
1.746942267603876786e+01
1.898817559825401569e+00
2.372800106834442424e+00
1.211888403676378090e+01
5.403508413104735730e+00
3.895064982818473354e+00
5.055747847441953269e+00
2.598612990164804515e+00
1.385631937357199694e+00
3.081120842337712329e+00
6.094995477805947637e+00
2.623498843958541116e+01
2.339423975867979522e+01
1.252124746469033134e+01
1.409315694365332305e+01
4.482644827805629895e+00
4.672181104857342504e+00
2.494417487061021621e+00
4.628836482865559709e+00
6.413469921870682988e+00
4.277646015155434966e+00
2.194157222499620730e+01
6.012393361141808334e+00
3.628729725995093247e+00
6.995654636190407061e+00
1.464209148501906643e+00
3.811165017071760364e+00
4.549679064758637814e+00
6.274291432976236038e+00
4.924834673715120736e+00
6.109888595910020648e+00
5.352795752281743091e+00
1.497558335157642473e+00
3.143891655150528042e-01
2.025457419535781511e+00
9.690537130566195145e+00
2.244780657993943329e+00
2.462634186940512393e+00
6.892330472064966074e+00
5.229200453012659899e+00
5.646674804504727696e+00
1.341467037744445179e+01
2.915836248042215306e+00
3.742600249598887263e+00
8.798809527494807270e+00
2.080615867584810275e+01
8.880217236569483141e-01
1.095439123957997651e+01
2.389120993261825987e+01
2.785861735897714464e+00
1.158265836614611244e+00
5.300790345110126367e+00
4.525169172189120737e+00
8.191332946383869995e+00
5.511905592647780239e+00
1.091335279056686369e+00
3.226471775849860890e+00
3.033089175376081137e+00
8.055889414382033209e+00
8.716581034165411523e+00
9.110656453614133454e+00
1.504853854728847029e+00
5.638887877833258067e+00
1.531339303247647621e+01
1.028656794414278686e+01
4.789931227488784415e+00
2.607439996435064078e+00
8.271023881037582015e+00
7.609319022959494916e+00
7.854901756910469324e+00
4.196685983368624306e+00
6.858590285665340680e+00
1.779351443645556419e+00
5.423003879944507055e+00
2.103338553962820878e+00
7.390755928288457177e+00
5.135113192400607041e+00
3.543005144997279920e+00
5.327716177388323260e+00
1.138513076090696430e+01
2.209764542714264479e+00
3.838488067797455106e+00
6.745057970828699290e+00
1.771260149342069568e+01
1.942822027200286739e+00
1.716927885970302547e+00
9.088475024659121715e+00
4.157808211303758661e+00
4.230039885366269736e+00
9.395250949235251170e+00
4.001854679155458783e+00
4.031566812158406066e+00
4.252004793360789847e+00
2.485010182571618653e+00
4.265567806172576582e+00
2.557912172848041177e+00
3.261058661211134968e+00
8.159477767188983321e+00
5.509735878698552192e+00
2.069171780262204496e+00
4.754256447151193221e+00
1.109276191541451295e+00
2.001811803679651725e+00
2.793200580788216758e+00
5.324933104716178534e+00
7.953636634705402386e+00
1.311432380280623633e+01
3.494406733774849982e+01
2.109180570914241493e+00
1.252000913368861035e+01
3.469471023263498211e+00
6.951471165109319728e+00
6.324118489741287874e+01
1.517909997426426472e+01
3.181108687531933654e+00
4.622657829651014794e+00
6.219866051174663291e+00
4.240440897026298117e+00
5.806224533987284886e+00
2.898027642255785796e+00
1.216189945905971115e+01
4.380143120751246677e+00
1.791457446172794565e+00
2.513754575459146157e+00
2.829056294279105543e+00
6.792310799006227917e+00
2.751182849695496646e+00
8.147800819750246504e+00
2.064083759786150196e+01
1.205274351504244557e+01
2.820339502779858343e+00
2.237710826087402349e+00
6.734986951893276341e+00
9.368605496131310773e+00
7.053642088480901684e+00
6.935928799625242114e+00
9.635111991918681174e-01
2.702499106228002823e+00
8.878943818596450654e+00
3.720040892638508723e+01
5.541695687930602077e+00
4.595565210244791921e+00
4.918553864142309884e+00
4.277918927946616989e+00
3.535853210705361072e+00
1.404062582552168648e+00
8.313176945250665639e+00
1.132948668077258692e+00
7.434177676262234691e-01
6.207753453664891730e+00
6.246485794096717115e+00
1.207198408879199603e+00
2.055155373318681811e+00
5.389239001557420750e+00
2.972147176909543376e+01
2.622321454651699746e+00
2.060742202476143703e+01
1.051941544443077303e+00
3.363761765561064543e+00
1.319865276260703268e+01
1.900831020220699052e+00
5.237622335378992133e+00
1.862278504726302852e+00
2.280231610489652727e+00
2.758456325848253066e+00
2.096048084993481098e+01
4.697429978683474339e+00
7.109361651389654924e+00
2.268508905345218540e+00
6.339408329030050027e+00
6.060644331720214772e+00
2.712853540067881042e+00
2.788769938353200306e+00
1.213233230032662213e+01
5.400948208255416993e+00
6.700972522161911193e+00
1.962627863262924777e+01
5.385646511792967317e+01
3.870914799719358257e+00
2.576327297453270049e+00
2.069479278794284127e+01
2.543009987155921081e+00
8.266169557047211569e+00
8.999122956817056096e-01
3.837157729466187828e+00
2.245119698888280002e+00
5.749912930047718085e+00
1.903605592629824095e+00
4.039325768085880952e+00
2.805960165253911676e+00
1.855050519078828009e+00
1.780321871517044130e+00
2.973331007745009025e+00
3.425877592756138679e+00
2.266413068783801776e+00
1.833255557774891242e+00
2.645858332802615287e+00
1.111602253043710853e+00
3.780585084538667484e+00
4.611613985990469899e+00
1.224686710131354417e+01
1.631459853314142450e+00
6.536052607357492938e+00
2.127818252030746926e+00
4.513720897269351440e+00
1.206533135642907650e+00
2.933741128945358767e+00
3.797784390105471974e+00
1.558226069618127241e+01
3.953272870251271165e+00
7.343296942787292281e+00
1.028575578627771492e+00
7.132456626687281975e+00
8.034232713459463326e+00
4.939629698717945772e+00
3.086519624125242167e+00
5.360208311626322164e+00
2.826972614585193000e+00
3.020015384281232951e+00
4.334465078823333428e+00
3.584806948755347444e-01
2.894506118205205425e+00
1.301129694117830660e+01
2.917490545227472420e+00
7.178704844670835694e-01
1.053113364423778453e+00
1.890872634756067150e+00
4.458919980067519440e+00
6.096172455072711216e+00
2.665654499921988663e+00
2.882105256425376627e+00
1.614542577795832212e+00
3.224374470669483905e+00
7.106678877372056391e+00
6.018124091287643473e+00
7.833963111204383267e+00
1.818222126231311186e+00
3.337128955570053179e+00
9.801263054741603753e+00
1.442620479957530621e+00
1.548774423478535489e+01
5.683166105304513493e+00
5.205805307327302955e+00
9.144784425050685783e+00
4.079316210642636165e+00
9.425492069716039367e+00
1.010071685948220477e+01
6.090324340056293195e+00
3.190036423168086444e+00
2.695520360159297191e+00
4.085905188251635956e+00
1.402681682966345766e+00
2.726990003739685253e+00
6.450004028641871834e+00
1.001943495338644041e+01
2.040540468162905352e+00
7.736499530258842405e+00
1.166492598082308652e+00
1.648996983001697947e+00
2.323418166903391313e+00
8.731807260622296951e+00
6.394392881061566669e+00
2.158380902174507732e+00
2.954873596432909366e+00
6.652771466656558275e+00
1.712867372215389761e+00
2.106277779078945755e+00
2.605575920599732864e+00
1.894233495962989178e+00
6.649409934869056293e+00
1.780846550809655149e+00
2.213430310913482302e+00
2.034768130597623070e+00
9.227003516204234757e+00
3.060999369559252781e+00
3.929284819455018507e+00
5.654062106739034199e+00
4.784690986346599395e+00
8.203330390700113384e+00
1.439100395813251509e+01
1.898873400495942887e+00
1.036632416308746052e+01
4.883282525331865465e+00
9.259153135208639807e-01
1.574011171655478947e+01
9.839299983040561415e+00
9.780004068643211923e+00
3.215384212716567713e+00
1.782536892751236124e+01
2.405179419850687061e+00
3.138715798924038403e+00
7.034995514354190682e+00
6.153814340043560094e+00
4.872350759733881098e+00
7.876609391475436261e+00
3.563866493032255889e+00
2.975143097831091765e+00
1.586524461834613486e+00
1.745913730312836698e+00
1.937648218990193882e+01
5.986116366930157362e+00
3.145005395029897066e+00
6.226442520050580853e+00
4.234418896678746158e+00
1.773190426608185888e+01
6.764773823998368130e+00
4.953628333023488040e+00
1.035166258234316849e+00
2.469582173465587616e+00
4.307535244272483688e+00
2.124661448715346879e+01
2.849072796619261272e+00
1.009545216749839103e+00
7.310589839630997844e+00
2.845907527174512452e+00
6.511781899242531146e+00
4.874681141283393693e+00
2.865631678483976597e+00
4.666897863511704436e+00
2.225075842641184742e+00
8.439420940188504972e+00
1.163246305291568472e+00
9.008611365490512668e+00
1.802092158565704594e+00
1.411194833980020569e+01
4.451496131006600798e+00
2.653235842714807280e+00
2.407218778947211035e+00
1.621340378006600247e+01
1.534963328979570463e+01
3.368680800313174739e+00
7.546669141430125016e+00
8.533600587946056137e+00
1.970417772869763606e+00
6.894493083783063136e-01
1.967236949785891253e+00
1.251493399483938695e+01
1.004128264447540531e+01
5.901264640407192452e+00
6.549777707763508872e+00
3.042808694332736152e+00
2.029407028152510950e+00
5.529700791856912545e+00
2.567735789458603435e+01
2.712088307269904686e+00
1.295266677017101564e+01
1.629388368848636048e+01
2.255037986766879055e+00
1.434056988059910109e+00
8.034899768008938281e+01
1.708895982173661565e+00
1.569542409675402928e+00
1.183018777476186223e+00
3.780711703656390910e+01
2.136027448477868873e+01
1.211775572791457645e+00
1.561991507876805851e+00
1.416495750866917369e+01
4.387211662029351977e+00
8.300864543046813537e+00
3.364197294199311461e+00
3.008598828873058295e+00
8.150547550415760512e+00
9.249079417077494369e+00
1.035388284395007297e+01
3.640133338971768495e+00
5.496206574326205185e+00
3.444411107214401113e+01
5.141882755256535376e+00
4.376606423568048854e+00
1.853743647294884767e+01
6.958926453637891640e+00
1.297862462353807533e+00
2.652068126867823672e+00
3.215108610700330161e+00
1.052883232700761118e+00
6.130443054614898912e+00
2.912913397026674289e+00
2.909374380673646954e+01
1.420006821052967361e+01
2.216413454293415519e+00
8.611987569173980006e+00
1.005979730331594624e+01
7.471873054275390835e+00
4.326950628826967460e+00
3.805082514265480942e+00
1.407763783911671496e+01
1.456524161339114265e+01
6.117002758870703438e+00
1.015666705704444617e+01
7.823653518652845307e+00
1.162439223013928924e+01
4.027558403265530274e+00
6.306326713631417391e+00
1.739520231503810521e+00
7.397499008109105212e+00
5.354069299328040543e+00
1.520602648024253156e+00
9.738139555154795346e+00
8.280996204305571817e-01
1.642433230526699317e+00
1.700051024648636888e+00
5.164911312731158333e+00
1.362984820589077017e+01
5.604475617371965646e-01
2.917022950808278114e+00
7.463940654713354661e+00
8.589960475888045011e+00
1.999291640397675263e+00
2.784696279399009988e+00
2.088556074379734007e+00
1.104901952230062534e+01
2.201872528346940250e+00
1.789089604342795070e+01
6.821566646035096326e+00
2.269734216105233848e+00
5.227690818833714559e+00
2.684767015206752094e-01
3.775122719582933772e+00
2.407834687909447879e+00
6.643687967520715887e+00
