3.366188445221257597e-01
7.017421518365636324e-01
6.748880094047127187e+00
1.248306797913035115e+00
4.079067004628287307e+00
5.423490920531047976e+00
1.040902481105280053e+00
2.132089832623722092e+00
4.686510458889651787e+00
2.016903233894460801e+00
9.254707878446265523e-01
3.959557995049723389e-01
6.283464719834343626e+00
2.116922765896899428e+00
5.026442576451310984e+00
1.836445404738414666e+00
1.570994480277185801e+00
3.393711683028392656e+00
7.605765003786556733e+00
2.547479026147676073e+00
1.693666724084981468e+01
1.539351266364573645e+00
2.584616008310515189e-01
2.024106440794902539e+00
8.339374968674645672e+00
3.220862993496451221e+00
1.976349351464856019e+00
3.051179750870555818e+00
4.948907545801609076e-01
2.697294583595778450e-01
2.810965556218520955e+00
5.285617075620560046e-01
1.909614810433138299e+00
6.810394994022599402e-01
2.554759825118781080e+00
8.795355451934208091e-01
1.122707003322059194e+00
1.182198280281981040e+00
1.462763071644177293e+00
3.311327908019344513e+00
1.299024196964692957e+00
2.287069565483711209e+00
7.475216658353016186e+00
4.080670358563552869e-01
3.102993378039029526e+00
4.657863889565106774e+00
7.085576004392133420e-01
2.178323342444932198e+00
3.138581062110870512e+00
1.960501403928029074e+00
5.166424461479902419e+00
1.573489292505954706e+00
1.087678417183601365e+00
1.383018912916609189e+01
6.811385020109677946e+00
1.735446840223673348e+00
1.557739733989452535e+00
1.899896535525671115e-01
3.392749238521200805e+00
2.288350989240965472e+00
2.484944511853884652e+00
3.355484414701309870e+00
2.491731170172092558e+00
6.740861780891524990e-01
1.380639973430820122e+00
1.065340591332399667e+00
6.899059339972883897e-01
1.603067255002742719e+00
3.277016105233979459e+00
2.154468170325951171e+00
9.349216604808451292e-01
1.840844591137367647e+00
2.018585871492577954e+00
1.515319628608969182e+01
4.766795846062203412e-01
4.860884787555912467e+00
2.596274640546980095e+00
2.115890053885157940e+00
3.160273571587908226e+00
4.641402499034543716e+00
4.646074209625572493e+00
1.566369541668634957e+00
1.896883324964096396e+00
7.909929065763094957e-01
3.236798239858235338e+00
3.383796675452809821e-01
2.302888468906644892e+00
3.011655065534730280e+00
2.569365621665443911e+00
2.248872957202014966e+00
6.948571059569061958e-01
3.757221322536727359e-01
2.471620854355409680e+00
8.443368205811614402e-01
1.536841328687283070e+00
7.052280274265217308e+00
6.946784032597776104e+00
2.509455197218921629e+00
8.613186331733576617e-01
6.450879817005457095e-01
3.754979919609467753e+00
2.323288176273684336e+00
6.397523883072764761e+00
2.078313623089715012e+00
3.923850209802851374e+00
1.092619072041868300e+01
1.069418257779818937e+01
9.082032164207902269e+00
6.388808662284823470e+00
5.300502828246649756e+00
1.812928494577686234e+00
2.649452068405214744e-01
1.601520377324068267e+00
5.166252651548393082e-01
1.158987632560931935e+01
4.744989421554593467e-01
4.053203328611086897e-01
3.386297409585991236e+00
1.209212547948280564e-01
3.425816147456736793e+00
7.621483984245146504e-01
3.986077980347079164e-01
2.125757080219570661e+00
8.144017283886785918e+00
2.864391225613736047e+00
4.856179152959743561e+00
3.429254426056536964e+00
4.878705291158313528e+00
3.444668905913768953e+00
7.709449836301038861e-01
2.216419719868188309e+00
2.980051473544816254e+00
9.126004298318781238e+00
6.774472210679430839e-01
1.884654836239584297e+00
7.054436177454594947e+00
1.483671476840067616e+00
2.456261032455111959e+00
3.662946458023379481e+00
9.903828855903686890e-01
2.554216640291955720e+00
1.077421776766470529e+01
4.415386010547084794e+00
2.880844501936971280e+00
1.416831034784875820e+00
3.870508665119666514e+00
6.081756810181545569e-01
9.464946453336395393e+00
1.384179376922928917e+00
1.987685467418542684e+00
1.014226269450703294e-01
8.075269319686816161e+00
1.056472240217418035e+00
1.445222254871291190e+00
4.043403720144017832e+00
3.605933007525450318e+00
4.191275196150203719e+00
3.676942705663586608e+00
8.122364803763424845e+00
7.491658066667774563e+00
1.767718535788229417e+01
3.635599960944336240e-01
1.523014203030012004e+00
3.583525538517903897e+00
1.154241447344435478e+01
3.896645633942623199e+00
2.669463427065171590e+00
9.805427925678125711e-02
1.792284992002880495e+00
6.411412820078287389e+00
8.282107989596489972e+00
2.322557328313350933e+00
2.776271796270903813e+00
3.424751707772462961e+00
2.908301077208222285e+00
3.712299448591227069e+00
1.317873760222194157e+00
1.000368728856080125e+01
2.669931604180463047e+00
4.202889344433048402e-01
1.400508189153793159e+00
5.146494271207715521e-01
8.251532580191974775e-01
1.389513572117600848e+00
7.075643648501036553e-01
1.000662375364534062e+00
8.593609964748776253e-01
1.891705754998701750e+00
5.546431558943101692e+00
1.122486061379439448e+01
2.001902179854715857e+00
5.216990581066612620e+00
1.016624704173600513e+00
1.259809977933906211e+01
1.581241232460039470e+01
8.830288540769490879e+00
5.291513838939297942e-01
2.904663363492574035e+00
2.176739388971492772e+00
2.090532589033681443e+00
4.161742999527703546e+00
3.476212023615350422e+00
3.013763260038894165e-01
2.963920713341088309e+00
2.694655477512729824e+00
2.754638128346511006e-01
2.319057807589385956e+00
2.478627021661382601e-01
1.099587797018243718e+00
9.019828090979137514e+00
6.993045032483702350e-02
3.205650241142497858e+00
5.590059164913975920e+00
7.988025171646967459e-01
8.199559306926395008e-01
2.585045186474689061e+00
2.270581686579710379e+00
2.571148593092485779e+00
4.091379924695906389e+00
4.315974830124721606e+00
2.777696709193269164e+00
2.231208411583750717e+00
2.023835372856018466e+01
1.040970005572821577e+01
8.918668524387314278e+00
5.642769900101136660e-01
1.699499512460172213e+01
4.592350004357910187e+00
2.832880987543129336e+00
3.543280148370610227e+00
1.549921313343348483e+00
1.730236024163701369e+00
8.150988234180229774e-01
2.968106621368178821e+00
1.747967895542736683e+00
2.463497964866034895e+00
3.551204827191519198e-01
4.582504712682408332e+00
1.224843825971214883e+01
4.111829110127455778e+00
1.410269114050354933e+00
5.743539030590368855e-01
1.246744397854380626e+00
5.237686950058416668e-01
2.521193748160772685e+01
5.866665762463688649e-01
4.435555149351170234e-01
3.527388256251250187e+00
2.689979085933603464e+00
2.946917201305091716e+00
1.195057670775122816e+00
1.439835989003003691e+00
8.877392144863870627e+00
3.383943395159583201e+00
7.233611311842261804e-01
8.452005788478372805e-01
1.218202539400535800e+00
7.025491494005543514e-01
9.106139015691919747e-01
1.813607702429244517e+00
1.117653991796231594e+01
5.143443230271998345e+00
2.605672994304217394e+00
3.318368317113696619e+00
1.477673065482897119e+00
7.017387160748078223e+00
1.764505911625926515e+00
1.821819974924007157e+00
9.415504631868187868e-01
5.606184908552314106e+00
1.828797441916810707e+00
1.107334923190593123e+00
1.807110995380565743e+00
3.285842694658962060e+00
6.017874405495714285e+00
1.459600369706999690e+00
4.886747512168112095e+00
3.750705387254150036e+00
2.049595662894038828e+00
1.081959703916063020e+01
3.620107059920849579e+00
4.446958528735903138e-01
3.295839029081471860e+00
2.054403857196080985e+00
5.818923041424075571e+00
1.153175538371663311e+00
6.638373119886312956e+00
1.502124462153566542e+00
3.492675382553455332e+00
1.932740173672430117e+00
2.486802815168758229e+00
5.225033331929159530e+00
8.028628724218920265e-01
1.669769433167056727e+00
1.003638505357780764e+00
1.589326242015609569e+00
1.425656826665485877e+00
3.021672054653109996e+01
2.922415849232225860e+00
5.317930971070280677e+00
3.043116462907576314e-01
6.922409979967190097e-01
1.713297422350331445e+00
1.402448654138130912e+01
3.419839504819242593e-01
2.295841650612847840e+00
4.186740899894631496e-01
3.178707009573794373e+00
1.022922611937472359e+00
7.220940320100994292e+00
3.288466556925354389e+00
7.616125855367942288e-01
1.426815679515518687e+00
1.775371216602459867e+01
1.490673858051668299e+00
2.040869460873765195e+00
2.213327699571556728e+00
1.325208113553178135e+00
3.600690497699932990e+00
9.438134723369610013e-01
4.405305779940456468e+00
3.622704242142764652e+00
3.929500353286780268e+00
1.041448071036800593e+00
6.387558398526419268e+00
5.570483496098469267e+00
7.108351341453111871e+00
8.361265082349268463e-01
1.013672094833267590e+00
8.689746698125127011e+00
1.617559656957697989e+00
1.170165287237716178e+01
1.139715765641015344e-01
5.126619586637348736e-01
1.891958331381888014e-01
4.969295509721813886e+00
2.334920583387349424e+00
9.130580118327440431e+00
1.881995540095035224e+00
2.299471664916194591e+00
1.872192882590529184e+00
3.882257416227437030e+00
3.260085918930220039e+00
4.493078283607159662e+00
4.233655482148336313e-01
5.986442604415772806e+00
1.163400284326446377e+00
4.113959511455854923e+00
1.040674277159392958e+01
1.894496119040844917e+00
1.720597281957189528e+00
3.142263704059812923e+00
1.578393536805809960e+00
1.034971916443567785e+00
1.015225791196291416e+00
2.549958645320489659e+00
3.125746116825683707e+00
1.701840112559573237e+00
2.664200961572203763e+00
4.360386853585973554e-01
9.141836767890177962e-01
1.141788724351408657e+00
2.408194010058614942e-01
3.248671666270079861e+00
2.114263106331099262e+00
7.180072956358385383e-01
9.149458178799466879e+00
1.042996120968332052e+00
2.436841908050060468e+01
2.049505356414218937e+00
2.750260176827537428e+00
7.911973538120484761e+00
2.216059676319414862e-01
4.798535196495269384e-01
5.713930802890690330e+00
5.875698173890578246e+00
2.983489373965781510e+00
3.769009332090887288e+00
3.924203492064279875e-01
2.049791514663264369e+00
2.454736704045370921e+00
5.423211882084261193e-01
3.674201396608237080e-01
3.946407160451734786e+00
9.959778186909549191e-01
1.507845300510241460e+00
1.322404123711454460e+01
3.610864268450004189e-01
5.958496753319395545e-01
9.179018894096317993e+00
8.545507628258215416e-01
4.753848125161405092e-01
7.889023610530964348e+00
4.090217662910404783e+00
1.681069148854192008e+00
1.776424936413904199e+00
9.916023326484584288e-01
6.084484522356699010e+00
5.585125276107743453e+00
8.425392259322479482e-01
2.583176270266800412e+00
1.939563948370908397e+00
4.573348039370946694e+00
3.620357413298767923e+00
3.276950775513852721e-01
1.183741920290102057e+00
2.612275478910912163e+00
4.065793037486326256e+00
2.612415025177625694e+00
1.316353442417735220e+00
7.295587601681506884e-01
3.370406664486972903e-01
5.222484725648636195e-01
5.371916089031422814e+00
2.292625918544848762e+00
1.410232364100159064e+00
1.019343401903278989e+00
6.432707944667982680e+00
7.289728182943034929e-01
1.389813172588396650e+00
5.505348294394286413e+00
5.150481105664033166e+00
3.434489871860093579e+00
9.092066195313931454e-01
5.869868529149139258e-01
7.577880232101828817e+00
7.701250656719811349e-01
9.582546830198389598e-01
4.452720929213269230e+00
1.250695936537596697e+00
2.000070630606622935e+00
4.805744076555555466e+00
1.893934209459502416e+00
1.863258106893197485e+00
8.402446769862216280e-01
2.656014966852101367e+00
3.682414710524230195e+00
6.524242360476660840e-01
2.174524761091016334e+00
4.061137484808319265e+00
1.095525098110329054e+00
4.350777621588216348e+00
7.519767114427375887e+00
1.137300701484530840e+01
2.124292442843827899e+00
3.110693250627115436e+00
1.460943015002641232e+00
1.566729026811776448e-01
1.733766195208441996e+00
3.577673650795268223e+00
9.898890847756572953e+01
1.018000131465483404e+00
1.825146487367392600e+00
2.694010006022604653e+00
3.237239540119337455e+00
1.524606641709980615e+00
2.843147625120693078e+00
1.906210995142086695e+00
7.151187454468473925e-01
5.762915209024594976e-01
6.713572577833289756e+00
1.490123176463655330e+00
1.251968845656963092e+00
3.431324384493534829e+00
1.076644655725773392e+00
1.197982790830690369e+00
1.973100457241600658e+00
1.775748472512317733e+01
7.671603050946019131e+00
2.067143026979617826e+00
2.770744335701504468e+00
1.625191771229793147e+01
1.424007861990113533e+01
4.488234934594949266e+00
9.640128249082960954e-01
1.851688554478314819e+00
2.216799879292903619e-01
4.767728045292405348e+00
5.374124149800696415e+00
4.699911576339885211e-01
2.216782638387421400e+00
8.638301993677461876e-01
2.301266328775946501e+00
1.791653584266221122e+00
1.999582149544062437e+00
1.573897052088930160e+00
7.715834402879282905e+00
3.353605641954534589e-01
1.478192838551127153e+01
4.081465695312762598e+00
4.376098146713862658e-01
3.980507083431961135e+00
7.692962125547060381e-01
2.231769371203257357e+00
2.022303898177871773e+01
1.546032149243613985e+00
4.215633109767862763e+00
2.866163938325309246e+00
3.207976886415951245e+00
1.303699603376407978e+01
1.103373803130337727e+00
2.056319774084305774e+00
1.044439368633366172e+01
3.927467375294715346e+00
7.905766066922640389e-01
2.291064336224284681e-01
1.429016777677857009e-01
3.737492814871951730e+00
1.646951333504337756e+00
6.898383919495147953e-01
5.126903630908636877e-01
1.522797071195139074e+00
3.360650421392039067e-01
1.291822291605881565e-02
1.243437452160411283e+01
1.436535376302890121e+01
3.623961369151382783e+00
9.657396408387074471e-01
6.910472848905311771e+00
1.363365670295857202e+00
9.673634553726110141e+00
1.830304515243108776e+00
7.406601369159511172e+00
2.876885533331930755e+00
2.348603554509072211e+00
2.968068077892509038e+00
2.047137650662550712e+01
3.156056120924765729e+00
8.647939023686177507e-01
1.300708181510096484e+00
2.781900187334959362e+00
8.245831873545556689e+00
2.378389176490509183e+00
7.651076866225970718e+00
2.884330121975106298e+00
2.645639925899692990e+00
1.085669848988095598e+00
5.353608750679960337e+00
1.274434579680287172e+00
2.457877097738064176e+00
1.172430499868864828e+00
2.356292336969974865e+00
1.344302834256310586e+00
2.749117539949629818e-01
7.876382166319063627e-01
7.838769979515644026e-01
5.372531940582796040e+00
3.402356073965042249e+00
3.665057601021720068e-01
1.181146861442833362e+01
5.918730410065609071e+00
2.594160534162118559e+00
6.495886254746951138e+00
3.779566955616309620e+00
1.747189201234886413e+00
2.491085548908695380e+00
1.203033237177861259e-01
1.366980948247497496e+00
3.819990088491263869e+00
6.478679479474642733e+00
1.786708521222957202e+00
6.296752300913912581e-01
3.403661570380589474e-01
4.160817233465524012e+00
1.123484186486964909e+00
2.922605515668852405e-01
5.731171596591715378e+00
5.418571376396825734e-01
6.046560787021620698e+00
3.154892596921781145e+00
1.748195266920920810e-01
1.848730370479781948e+00
2.330033425470816155e+00
4.597074803678466992e+00
1.668298037892673724e+00
5.027442629960114928e+00
9.992844409892567281e-01
3.287905673192868505e+01
1.949216203693637128e+00
4.454148956513083846e+00
1.544192476969408867e+00
6.570868636802590368e-01
1.018100882894835912e+00
2.684127030985593798e+00
1.407502414161881710e+00
8.960075760468851902e-01
1.988453525506412189e+00
4.504361341012665942e-01
1.070717244893815367e+00
2.021106577365184176e+00
1.244716779436854992e+00
5.234127039063946718e+00
2.351446389098077017e+00
4.729662500723665453e+00
3.199941857153910885e+00
4.205074777864338031e+00
2.623378146515082943e+00
1.848313024786909065e+00
3.051702807145297403e+00
2.170809919921864672e+00
1.709458528093667606e+00
9.499365098297123389e-01
4.328513894691837116e+00
3.752511864052343160e+00
2.287163363922012138e+00
4.684007251082454859e-01
5.689626320506587120e+00
1.158470930450560665e+01
2.536429380112611653e+00
4.105181070492826656e+00
1.990545548482277827e+00
2.589719658541119074e+00
2.461126785001797934e+00
5.008825155991691425e+00
1.898917141367954198e+00
2.990861524095412616e+00
8.931365245798131847e-01
4.296370624469945554e+00
5.727117237036433162e-01
1.873913368350986630e+01
3.481227121685330328e+00
6.343316414004092962e+00
7.745373683555255795e+00
4.727156983293147263e+00
7.002304950906639291e+00
3.946649897974825905e+00
7.915302066505568668e+00
2.416430901616995364e+00
1.424998634821796895e+00
7.134810292331245085e-01
4.682845422898621379e+00
2.457921346359579928e+00
9.940324404189848195e+00
4.302649534661796338e+00
5.742185889259598941e-01
1.471425462096108916e+00
9.247025671753288378e-01
1.068464272100326795e-01
6.592303400893358978e-01
5.610798848636266989e+00
6.759458773025094125e+00
3.988338459294837324e-01
2.338630309898904969e+00
1.613180765327491883e+00
2.872385897098035379e+00
7.439788195574870144e-01
3.491419637619757044e-01
7.317394229373648251e-01
1.111659314991269021e+00
2.861899832131426624e+00
2.529392184021176604e+00
2.055343456602023888e+00
2.028735872146040720e+01
2.061739342859078672e+00
8.783141908747156279e+00
6.811214975255247772e+00
1.281412338853993527e+00
2.569556268490102435e-01
1.497973775876884517e+00
3.488916886675438978e+00
1.668774323949332583e+01
2.115087043331331351e+00
2.079576312777172420e-01
2.411015929132688917e+00
3.838254941919377217e+00
8.777470338992133136e+00
6.841439614489734922e+00
9.006615904717980570e-01
3.655820451031934315e+00
1.391307761456925585e+00
7.973777675053701053e+00
1.930081799976154588e+00
1.645230854427685685e+01
6.151922374876292565e+00
1.053643388103380429e+00
5.829725526509396794e+00
1.582546920946834579e+00
1.800702570345258158e+00
1.866553691279106530e+00
7.645708389396069782e-01
2.921200428627827250e+00
7.768814739157914318e-01
3.272940746221505215e+00
3.862481545894872692e+00
3.805794503903333403e+00
1.596974970720681508e-01
2.240438507827751113e+00
3.386019831086761189e-01
6.873474427495814609e+00
2.443776364831239112e-01
2.353182382442192910e+00
5.868803252817198057e+00
4.036350280763374987e-01
5.563571780719227533e+00
4.298187891730928523e-01
1.640770918960995362e+00
7.776121954435126771e-01
3.965071428444952417e+00
1.275512553866951171e+00
4.235412236983683854e-01
1.622973442248506259e+00
9.605052624947840734e-01
4.061939198182708211e+00
3.451101024621497260e+00
2.660367271326618432e+00
6.217264330152692808e-02
3.387396826421312790e-01
2.035826428760834084e+00
1.270496650036624153e+00
4.468243240949241191e-01
2.062402654068940677e+01
9.269627094351214680e+00
1.634967058482723612e+00
1.299892117781247913e+00
1.785422151819711978e+00
1.830602398621432592e+00
3.252359163281140830e+00
5.149106675400895838e+00
3.305705652918894955e-01
1.367927513078812218e+00
2.595609030270380035e+00
1.658103817578638672e+00
5.746520185959631100e+00
9.478420890563446832e+00
1.692365614830372733e+00
3.902856522195003564e+00
2.585111880540926776e+00
2.552760684860533869e-01
1.263797840980489751e+00
6.295896940143689946e+00
1.173854517031668321e+00
1.188200634312163606e+00
1.649922285823182122e+00
2.312933261440840216e+00
3.129325595953685646e+00
2.025625438923355670e+00
2.618654612773652524e+00
4.928399683921932173e+00
1.095093684790944405e-01
2.216036152452794283e+00
1.193099669173076860e+00
2.047643062873024389e-01
4.756584524523026047e+00
3.008975981709666403e+00
1.720182259430017790e+00
9.029824705246694450e+00
1.300243756907931258e+00
2.779103940084532542e+00
9.749606180152955659e+00
1.896555655067537316e+00
1.816308610941721824e+01
3.111844515947770784e+00
1.317623127504909952e+00
3.250370616075827890e+00
1.165113416978526217e+01
9.493289011892029894e-01
3.246676439306648287e+00
4.747566768232704404e-01
1.725543741659008479e+00
2.421559141614394228e+00
1.223106839366392196e+00
5.975570268006505925e-01
8.814541097747202514e+00
1.575935375580827413e+00
2.377282106191521471e+00
1.030704653815272431e+00
3.186976547981960728e+00
8.241102350481471106e+00
1.137611120678222676e+01
1.198304488941154489e+01
3.597837364688751371e+00
2.151501926717165336e+00
2.610456954189346490e+01
2.402799894452493135e+01
1.771198492954759018e+01
1.469607382429813092e-01
6.331289458909246104e-01
3.920655776140829385e+00
1.140875593360948015e+00
3.477028298571383513e-01
2.042595220571856984e+01
2.321134842070552651e+00
6.405381006735648697e+00
2.429426938091727273e+00
1.654206070405005136e+01
2.355558612178891842e+00
2.629238373784851923e+00
4.815850212374746420e+00
5.270539554115042158e+00
1.525478744820308208e+00
3.462974241038925705e+00
1.468197629161189122e+00
6.123692748834990152e-01
6.625242739280337467e+00
8.843538816145422032e+00
5.528118453789435449e+00
2.034591923870040286e+00
2.080350973883417609e+00
1.250463569130993102e+00
7.778333369986427215e+00
1.101019579631334544e+01
3.123188146756959771e+00
1.907414278043887634e+00
1.687147087922132860e+00
5.071458430641000881e+00
9.099136583782051702e+00
3.324039106203420690e+00
5.683138035005915967e+00
1.971590419393279614e+00
1.250431542522191464e+00
4.414621843880593310e+00
4.364537090156154209e-01
7.876691894587690257e+00
2.596019066918136886e+00
1.110597973899299262e+01
2.685612534898123904e+00
4.501433220262751611e+00
3.979100774991941147e+00
3.766942204441662057e+00
5.685817935803141321e-01
1.345895761570692128e+00
8.439388019818805375e-01
9.053064731078523941e-01
4.575397706947373244e+00
3.567574810526648932e+00
3.718801651371045125e+00
1.415739623490640531e+00
2.281169268320043297e+00
1.654131330104364750e+01
1.011523809408093300e+01
6.695021573856072550e+00
1.029729687852133369e+00
6.611737770392410729e-01
4.631189056451452757e+01
1.267613506492215869e+01
2.237859133023711422e+00
3.713446911883513391e+00
1.552590874277364641e+01
2.865794521020324837e+00
1.320793697483461981e+00
4.046197741707609374e+00
2.975060697716907510e-01
1.253823099810429664e-01
2.915940217051394612e+00
3.754867467037786288e-01
5.445393927031828341e+00
1.182587885616901202e+00
1.162513317177398697e+00
9.508574677093223348e-01
1.125674311801431404e+00
1.261117265960461031e+00
8.608258550741833659e+00
6.591860856042398353e+00
1.484075498617569489e+00
5.811178487722387098e-01
7.058522545521726421e+00
1.788511670078760440e+00
6.107913093365362478e+00
1.636971139395366315e+00
3.618030414558421448e+00
3.651419015829803438e+00
3.255411887044537544e-01
2.090798126571643767e+00
2.340984575526864120e+00
9.242014374466225313e-01
3.545597134051483135e+00
1.592891312262698644e-01
4.585037234051023147e-01
1.025505812225272706e+01
4.589666915322839102e+00
2.429321943747916546e+00
4.885103218050650398e+00
4.918858943955010110e-01
1.558283126191433965e+01
5.471170794239278434e-01
6.980079582509937985e+00
1.891696796878112430e+00
7.222916264414350529e+00
4.367135908410992307e-01
2.704643472604392862e+00
1.400725169274140258e+00
3.606260339947593430e+00
6.404534004958831739e-01
6.839265552483382749e+00
8.538911388109582390e+00
2.280551483080486719e+00
4.669807691604630051e+00
1.344511112775054196e+00
2.952706370877523412e+00
9.155104442946013776e+00
6.833108907754422034e+00
4.840763329232524725e+00
5.009080546728097438e-01
3.962997382368407262e+00
2.563806181227366920e+00
4.520942962119923969e+00
3.829238750882177911e+00
9.500345388929780199e+00
7.065346581234051015e+00
5.780958572746856206e+00
1.094174948523974455e+00
1.424827789910940279e+00
2.833561578584331997e+00
2.247838582007106734e-01
6.827591435689082111e+00
2.355602819177975871e+00
2.684717353403998086e+00
4.655410419134755617e-01
1.615270182556948764e-01
3.059128427089422342e+00
8.180787508090651139e-01
3.327012453668321879e+00
1.334941537199722417e+00
3.482398770400419785e+00
1.159000171791220346e+01
5.164785435256574742e-01
4.025511659528382857e+00
1.023129555084850750e+01
9.580991046325585403e-01
4.688881655335438658e+00
1.747998499911440184e+00
2.098559483082128096e+01
3.336288637390577017e-01
9.934469627551066884e-01
1.562764933949417845e+00
1.168896885275152231e+00
1.394427564229289596e+00
1.547848926125126923e+01
4.179683676324249753e+00
6.159472742118070610e-01
2.475303341579617289e+00
2.235371675723870410e+00
2.077956395136387524e+00
1.007110302409303992e+00
6.404969386225696226e+00
3.403044790221687599e+00
2.003068403317068480e+00
3.338399731196804332e+00
1.008290704382346581e+00
7.435811933675667618e+00
3.606169229634510920e+00
7.036978254607152650e+00
3.158350508678473001e-01
2.230986692188480891e+00
3.254184660523767314e-01
1.252877955000130328e+00
2.244349603358071654e+00
5.174830553762584939e-01
3.954845615379769086e+00
2.403883994031641158e-01
4.508972934999903592e-01
1.952325574050842505e+01
5.157911354176635044e+00
3.668161488988868624e-01
2.908520701307955481e+00
1.364199374453806790e+00
2.428920428215741723e+00
8.836923874504319931e-01
2.098247870061085152e-01
6.465427786804744947e-01
4.668260398740752493e+00
1.917194063547768446e+00
8.702705210102759104e-01
1.585218487913751595e+01
2.300011186703156518e+00
1.121842708888990536e+01
1.010479271382858713e+01
4.671127948965748011e+00
3.064976158717741761e+00
6.481867324067229319e+00
6.319000322680469850e+00
1.286208855131558249e+00
1.752431088010746540e+00
4.857737175550131070e+00
1.922274242162581803e+00
2.757801019825446565e-01
2.975331266309856115e+00
5.255976174916288102e+00
6.801563215003056051e+00
5.189702566710087117e-01
3.464594532532463411e+00
6.748550215569792954e+00
2.095674729603223874e+00
3.202425959418158108e+00
8.526962306273006220e+00
1.204795612946220729e+00
2.374104458190244404e+00
1.818352421258603524e+00
1.289118732035093862e+00
3.204596359646691539e+00
7.970987973710348395e-01
3.352358190102799340e-01
3.713292278632050358e+00
3.794101973747462608e+00
4.468388098761186811e+00
4.253890569563410651e+01
4.569166652647913551e+00
6.521662077642762512e-01
5.886357412954950075e-01
3.903272857282498176e+00
