2.018713340318043059e+00
1.582052709604575336e+00
2.334469790112222221e+00
1.596165561666815114e+00
2.016893304951731913e+00
1.599659672263612276e+00
1.132825195027166609e+00
1.339920186400463731e+00
1.367372237053331219e+00
1.640010008464343638e+00
9.176370983353099309e-01
3.606471162793730922e+00
9.338528717686345182e-01
2.840704525905151101e+00
2.378504288286326762e+00
8.192441764478695099e-01
2.090547194713807677e+00
2.929604472398808834e+00
1.639901300376865878e+00
6.600378111042041196e-01
1.670906343626266999e+00
8.574485386132726372e-01
3.001252410121968417e+00
1.300360020855516829e+00
3.823104033302031635e+00
1.011656900560967909e+00
4.379160606285185331e+00
8.744814059810057660e-01
1.222832534316280695e+00
4.320403032523505438e+00
1.380325627034962421e+00
1.265925598644269012e+00
1.218380027097977214e+00
1.801546916257117603e+00
1.555402919476735146e+00
2.775275963692656056e+00
9.753063160686299415e-01
8.818846061854171969e-01
1.154836172219825707e+00
1.836305418848594773e+00
3.502216937391704921e+00
1.425525693241444847e+00
5.223322376737550288e-01
1.839909436960596611e+00
2.863197744670010536e+00
2.982360273471927226e+00
1.482282200939579075e+00
1.193026896057337805e+00
2.808071214423505157e+00
1.482169611077214233e+00
3.409644261205537319e+00
1.666694942965177173e+00
5.477984403705600247e-01
1.540985198067542639e+00
2.313348260151419922e+00
1.149188096471589038e+00
5.133661477837425657e-01
1.509201651656741028e+00
3.830104457329541745e+00
2.007145576277766352e+00
1.167608488435972980e+00
1.925286932250998451e+00
2.198939486563662449e+00
1.268661209917784749e+00
1.604858294986689193e+00
1.882448750961417172e+00
2.557156297657181554e+00
2.787654816010490588e+00
1.127656479762095598e+00
1.354149557476764132e+00
2.015558990095545511e+00
2.400515552734611813e+00
2.214472073392897755e+00
2.917824874516109723e+00
1.254228221204215066e+00
2.395806352785358140e+00
2.405194097898831096e+00
1.333898800073492596e+00
2.747545033970120620e+00
3.070579034559753673e+00
1.041252969603888578e+00
1.299056026166521605e+00
3.243494966222886244e+00
2.741091212112904074e+00
1.186216847792638918e+00
1.894447527605078285e+00
1.727873950213279830e+00
7.421501310654496919e-01
1.392413811154749270e+00
2.526628570559881215e+00
2.685678869162571480e+00
1.095763181946012743e+00
1.642631117683590158e+00
1.464336949971200008e+00
1.006392686956586680e+00
1.608593156170512017e+00
1.372269572594011500e+00
2.501260028571925087e+00
1.530314710999630901e+00
1.167830112880176685e+00
1.447713213505073870e+00
4.160411370079821758e-01
1.997054422391318473e+00
1.959050266682717423e+00
2.187426378415155970e+00
4.237419875604139463e+00
1.014645205708584852e+00
1.651171036880616283e+00
2.156849575446452505e+00
1.523324673547081121e+00
1.301419623334252318e+00
1.654412945842123728e+00
2.535750843524274156e+00
2.830428284435936526e+00
1.344532228709247157e+00
1.860259224328999483e+00
2.174324384109346475e+00
2.229259883038296142e+00
7.202411142856998127e-01
9.501799179393828343e-01
2.961574695821875380e+00
1.727628567588547659e+00
2.006943320745406822e+00
1.960399658267908629e+00
5.116669013444946401e+00
1.436582619549058970e+00
1.697870285559360148e+00
2.792603649938078192e+00
1.605435175103177237e+00
1.942356841884145702e+00
1.403210210014544712e+00
1.777506880937293587e+00
1.190473768139898914e+00
2.124872590669752981e+00
1.207845503328263570e+00
1.791409372951346057e+00
1.748446617910681899e+00
1.213387906196646826e+00
1.332790873547106791e+00
4.041823275745120014e+00
1.535048011823386682e+00
1.975775830063157379e+00
1.324541065388324501e+00
2.442786425975643105e+00
5.972500971721782514e-01
1.825906286643672161e+00
2.046357189001450028e+00
6.848241912560778522e-01
1.720225652436967012e+00
7.416383881905471043e+00
8.708710574375314595e-01
2.143386184471344436e+00
1.105365841783149117e+00
1.419055962200549192e+00
1.945323051800353031e+00
6.921012478551789027e-01
1.665890772294572164e+00
2.693429916982239991e+00
2.336007851410692115e+00
1.843438427424445969e+00
2.171975131767505118e+00
1.178597138426885182e+00
1.206093957466351174e+00
3.621257864285083450e+00
3.297367576952172197e+00
1.518496666792306327e+00
1.663494104235736515e+00
1.733088821568220084e+00
1.264604486618466028e+00
1.930716193918757151e+00
1.983939296264698449e+00
3.826636551288963961e+00
1.820181227268993229e+00
1.664039174969554002e+00
9.567107032858729321e-01
6.059850380304739881e-01
5.033780499341801162e-01
1.377844876423608422e+00
1.198745947015268598e+00
2.318266201221118816e+00
3.186319805451164999e+00
1.331175659436349523e+00
6.322255622430382749e-01
1.831576749189944620e+00
1.191136753372922241e+00
1.368705319599947456e+00
2.654497874458870754e+00
1.187199994210376142e+00
2.208723056695552245e+00
1.608180440023385227e+00
2.417021949940595160e+00
1.837950984029430135e+00
2.359440834936822107e+00
9.399179550464347166e-01
1.876238398680705410e+00
1.634641879322406899e+00
2.612285302461654357e+00
1.451460456158694567e+00
1.251746166818526573e+00
5.666381260134766285e-01
2.091811908282055654e+00
1.627339842764473410e+00
1.796452020916301073e+00
1.985595148239575947e+00
1.867041562909208530e+00
1.492422666249330732e+00
1.381562420427277393e+00
1.011240973333536575e+00
3.632634766774116564e+00
1.826632121393362063e+00
2.430447706339983416e+00
2.302893435333453365e+00
1.133806435353065245e+00
6.567931848771387804e-01
2.619919839256543703e+00
2.159992394379187886e+00
7.008505251955633453e-01
3.388338067697004075e+00
8.675368472292249722e-01
3.543330275916876548e+00
1.248352939890983171e+00
9.921684826236564225e-01
1.129830389072769448e+00
9.754901901922742313e-01
1.800486356504565899e+00
2.801611416881736538e+00
1.857049769047746324e+00
1.512388263478979811e+00
1.157960736821245895e+00
1.898773251407385398e+00
2.283561820677957765e+00
1.995460031928910860e+00
1.585100325764279727e+00
2.478011703324371151e+00
1.343130173898365642e+00
2.263560987460917495e+00
1.241136721796645359e+00
1.309457574022623083e+00
4.752731242593992711e+00
2.254649114914669461e+00
1.027911928654591689e+00
1.410702621001775459e+00
1.883159869795766550e+00
2.404060226789548782e+00
2.629484515299781666e+00
1.110539356997009452e+00
1.913022081511638328e+00
5.714913655048708963e-01
2.678528438061037686e+00
1.873500818790578393e+00
1.217664315994036794e+00
1.499633868771367062e+00
3.560121428946288358e+00
1.790725408822617659e+00
1.578777034665625578e+00
3.109722999123284648e+00
3.734699136683875320e+00
1.557249180845995395e+00
1.140116524278045329e+00
3.226890947553893607e+00
2.371754005278129629e+00
4.959249406428995144e+00
1.333680390888752232e+00
1.413663060198363741e+00
1.427582980771376464e+00
1.228217107867979108e+00
1.281154557463676902e+00
2.395089027132881299e+00
1.444842033779202728e+00
1.921386037720979711e+00
2.486880991827162379e+00
1.431076983413092085e+00
1.590497402777330649e+00
7.918956771086140822e-01
2.209687369129671008e+00
2.820535049314213616e+00
2.827671856176170451e+00
4.359139573065455409e+00
1.170081562924450536e+00
1.960752591512744392e+00
4.213510907903256886e+00
2.171092359483114631e+00
2.030818893908088008e+00
2.912350690994735203e+00
2.175406697010201285e+00
1.687624256182080895e+00
2.353375093543218277e+00
2.588296514451222219e+00
1.312180665916656164e+00
1.950768358747866582e+00
1.592832820074685518e+00
4.616434446365632382e+00
2.826110442826727631e+00
3.749288908270718146e+00
3.012681394578142768e+00
1.503095668912961536e+00
1.070242967709618354e+00
1.295920488507928736e+00
1.670060151762517542e+00
2.426049763156219896e+00
1.025063732966069230e+00
1.515560263958841247e+00
7.002438102952259769e-01
2.419654613828284617e+00
9.690840452891907875e-01
1.678763236880662424e+00
1.657365453780124565e+00
1.636934547651189398e+00
9.541341164787954243e-01
1.780498301009635131e+00
9.341422402865867669e-01
1.483264694973410736e+00
1.701298945186151990e+00
8.360005300814384865e-01
1.167873228070891445e+00
1.123859504277010535e+00
1.657247535077944312e+00
1.107935263084815602e+00
1.052123012623634501e+00
1.902850853995128766e+00
4.752843926395593499e+00
2.612228038033605149e+00
1.876302157858885877e+00
9.625214759124794961e-01
5.885203181977939124e+00
1.792984972645760511e+00
1.811061615289774052e+00
1.090143018412143672e+00
2.946583895569721889e+00
2.355622840852696687e+00
2.079951035650544178e+00
1.523030455423740603e+00
1.413374836439498239e+00
3.539651096722687740e+00
1.987576122208962737e+00
2.451952682037564557e+00
2.094848494006265938e+00
1.461269357917266198e+00
1.268107912293846562e+00
3.657485434022999637e+00
2.027097397143764468e+00
1.655490605226825451e+00
2.062959193028140348e+00
2.472111287795545564e+00
1.874549666367459455e+00
1.491423618774757376e+00
2.493309570842145106e+00
1.673582988084482803e+00
2.271389739063426116e+00
1.938459738706423519e+00
1.153609345140272247e+00
1.056429992921805283e+00
2.273959392013793490e+00
2.814975222443425462e+00
1.646467379843461920e+00
1.822451837539808217e+00
1.022190791658966758e+00
1.801327556856766599e+00
3.009434974475419189e+00
2.726629151308216592e+00
4.244238057497134342e+00
3.680613569504412208e+00
2.876566343455890351e+00
2.588101473075170134e+00
1.866046718111230796e+00
3.210484362292429061e+00
2.522537907372116806e+00
1.218627410729936633e+00
1.572011040136882087e+00
1.369623617317316633e+00
2.085157296256002102e+00
1.785347805493838091e+00
2.100633124502117699e+00
9.676794897110745364e-01
1.196996169898470574e+00
1.757995415346162105e+00
2.681843642967324026e+00
1.766842871949796390e+00
3.603056878351057701e+00
1.952402696236625879e+00
1.814123283241309448e+00
1.766709470773626833e+00
9.972191107036615376e-01
1.408465360899874508e+00
1.122103764230391931e+00
1.671004637680949090e+00
9.052317159067376773e-01
3.254958297248944810e+00
1.205327641945322270e+00
3.135659080767257301e+00
5.863385160491915160e-01
8.221272809209916321e-01
8.166977135137838406e-01
1.988712784732046046e+00
2.065661465485379544e+00
1.810505123795427718e+00
1.583813676616954602e+00
9.721654244776389842e-01
1.550848390086363215e+00
1.508864090871656627e+00
1.553942746304390443e+00
9.922872143301366687e-01
2.278595335532174637e+00
3.398393196541176220e+00
2.425152076729506057e+00
1.546053392601314025e+00
1.837958645367352650e+00
1.886689609639578435e+00
2.983128898976899368e+00
1.171656852149536743e+00
1.909947388928760592e+00
4.213492897337465237e+00
1.541616642089827627e+00
2.229660302178464892e+00
3.243947487549887487e+00
2.975681397383420190e+00
1.126707973368230586e+00
2.909432719230919506e+00
8.179390674778258541e-01
2.294014629921487192e+00
5.312053909741698554e+00
6.618757210665355828e-01
6.284371823775679600e-01
2.647299393619752639e+00
2.464303055389784447e+00
1.683752697550934263e+00
1.456741688432040327e+00
1.293664156035060797e+00
2.146005145991155771e+00
1.401715260468227253e+00
6.004185532716729279e-01
1.725725525632368251e+00
1.860689412924198871e+00
2.504401333339002278e+00
1.303731859925870928e+00
2.071632947315402262e+00
1.482009388871498690e+00
1.779663803775679121e+00
2.137898005256360534e+00
1.027648415213511468e+00
1.614021512739537423e+00
3.214778235914356408e+00
2.117085976123604940e+00
1.229554941658006717e+00
1.129996586536862413e+00
9.885345392633392292e-01
1.835755224675552633e+00
9.318157359334681145e-01
1.966668899740023457e+00
1.997667456381309492e+00
1.128642669449013480e+00
2.015424265155463690e+00
1.266767826471649983e+00
1.580889750364073754e+00
2.058877281555023586e+00
1.103049285683557645e+00
1.206758050601892229e+00
1.204268464373129843e+00
1.533760542220198086e+00
1.853666927794030972e+00
7.920536973416356652e-01
3.791927908222845645e+00
1.935621671760549667e+00
2.678888128682630931e+00
2.763316691183858698e+00
1.324847713381036129e+00
1.299898377694432838e+00
1.626047012802893432e+00
1.427058004765328292e+00
2.160479211559816815e+00
1.126248441261684663e+00
7.199939388789764472e-01
1.309631121256506603e+00
3.806931358997114767e+00
1.207786854789268727e+00
3.218693167576784475e+00
1.190769420854833838e+00
1.233338625975275438e+00
1.955342149623897408e+00
1.745525860824431508e+00
2.895762768381776375e+00
1.917148307798714146e+00
1.188416517586174725e+00
2.176316684035295879e+00
2.957311443489104796e+00
1.677998991733057332e+00
8.409562368177373459e-01
1.970033286738371636e+00
2.555877021621403067e+00
2.260613499723076014e+00
1.391439011488295296e+00
3.216980916821679415e+00
3.080743260064086719e+00
1.737278985470506854e+00
2.957552907884652971e+00
6.013344535414857361e-01
1.330736551710838267e+00
6.904664379910231409e-01
2.062361144281185332e+00
1.256009115049589786e+00
2.611028835352280364e+00
1.372434773323911728e+00
9.996862013530978253e-01
3.149187172281018299e+00
1.554991966979776041e+00
1.275127539239587549e+00
2.362565259541455021e+00
9.485443284003318709e-01
2.603032876149248942e+00
1.442710054728546298e+00
1.894769997567213426e+00
1.699918261520014795e+00
1.203888864561619920e+00
1.424823170277450091e+00
3.942537715123886954e+00
2.904353892451296826e+00
1.194203637506788152e+00
8.145326959091092611e-01
1.977792138482706186e+00
2.819044844047931431e+00
1.671725701623123284e+00
1.132627217669310182e+00
1.237977034399650123e+00
1.039691925898938996e+00
1.005721468073582647e+00
1.872508390119401067e+00
1.057925036659873363e+00
1.221087033931479215e+00
1.411903894883328237e+00
7.382753671208334145e-01
1.608662497132515856e+00
1.348434502241144806e+00
2.995389534240172402e+00
2.555064521366497310e+00
1.516443137497727633e+00
1.667913100738298793e+00
1.874985469442267183e+00
2.793683581287857542e+00
2.072624807089410215e+00
2.350570250882885848e+00
3.746450659669986027e+00
3.209355845519238137e+00
1.607027542513277174e+00
1.293543263801967047e+00
9.478919870522624080e-01
2.552871176832247624e+00
2.001019271375101383e+00
2.522488830073405186e+00
1.521854012436766324e+00
1.396682602507562709e+00
9.869188382276116167e-01
2.203557653385673554e+00
1.556788407744492453e+00
4.071833871963996820e+00
3.535511227006482571e+00
1.939545978109329383e+00
1.519011218047136680e+00
2.636113947445064110e+00
1.149243023859298996e+00
1.703057685795850817e+00
1.710583469791574718e+00
1.274658096706928756e+00
1.944670175784848798e+00
1.859285821639928393e+00
1.739893625565988255e+00
2.065043864724393163e+00
1.325359854470640419e+00
1.042932860341140522e+00
2.100646951548476693e+00
3.694242312755636970e+00
1.316143013378832327e+00
2.464030763698424664e+00
1.247327589038092377e+00
7.729367688409634063e-01
2.387657893894673755e+00
1.259725211497764619e+00
1.476238796392711716e+00
5.834233472102248186e+00
7.546016319619619495e-01
1.648096837887081501e+00
2.465606573874469465e+00
8.027348200282394819e-01
1.956931767406998812e+00
1.645091606660033845e+00
5.018824965265277216e-01
1.360387880030255570e+00
3.898684076644909791e+00
1.545145326326077262e+00
6.456742642582744551e-01
9.596521366660876184e-01
2.944963578715058983e+00
1.429627975790309424e+00
3.094260657441541440e+00
5.458193125399014578e-01
1.954385181400217775e+00
1.383564592414719074e+00
2.356556944355326255e+00
1.812462189086062159e+00
3.494089237412305593e+00
4.912427250911286514e+00
2.056936561034620858e+00
1.670826656762388174e+00
1.285954385557957158e+00
2.545927157592810186e+00
1.765393801876477875e+00
1.376199774345612692e+00
4.011045285331464427e+00
1.519291226410826923e+00
9.161119711471444882e-01
4.371643738683174130e-01
1.224633251457267535e+00
2.767919886809539598e+00
3.127972155339191040e+00
1.197523250354221691e+00
1.616385678223342337e+00
1.640477128731914203e+00
3.328926094987033402e+00
2.503111526358757111e+00
1.646542841258712420e+00
8.238927280726732194e-01
5.213571261477669694e+00
2.346514685897441943e+00
3.980511633544653094e+00
1.481945327283053615e+00
1.619279262795247032e+00
1.171424812528022663e+00
1.649914873312302133e+00
1.498618795810315207e+00
3.418277197950268853e+00
1.651799707134499418e+00
2.186063240512222894e+00
1.984348455250789955e+00
1.216914542013310285e+00
1.688987495864823218e+00
1.443240877170040015e+00
1.154548209146033511e+00
1.847100467973244342e+00
1.868895134670189417e+00
1.193712028608762798e+00
2.182490073811834908e+00
2.334530474887723805e+00
5.718332442421976580e+00
9.168011286378207059e-01
1.201240592199308121e+00
1.034004940299984687e+00
1.429615688847969857e+00
1.300686070216345636e+00
1.175760949164377678e+00
2.407880119453262413e+00
9.164673157699564365e-01
8.517200825049366930e-01
1.245927726701061555e+00
1.448399584991429734e+00
1.438220357160190366e+00
2.872621127775128791e+00
2.431634223742122014e+00
2.354132425917352833e+00
2.487864785182602567e+00
1.857464038037223375e+00
1.366063087220654504e+00
2.931293580256921771e+00
6.870704833006433532e-01
1.458837846060054400e+00
4.233686270676230379e+00
2.862952898433939186e+00
1.701700912284300315e+00
1.389836041415950296e+00
1.549875818067361521e+00
2.372088018864544345e+00
3.563317504467716557e+00
1.590076276117243781e+00
2.115546801772304697e+00
1.645801328096968552e+00
1.205579674684893243e+00
2.006302940437729276e+00
1.096115231978884497e+00
2.126594240732553764e+00
4.788942737374423664e-01
1.018490265725535693e+00
1.071031714040005856e+00
2.137708245206866309e+00
2.363639707443882632e+00
1.618829750273838020e+00
1.662414933536786155e+00
1.935837005216088480e+00
1.013145646281045087e+00
1.695804216110042617e+00
1.703316393239286963e+00
1.589105412038200216e+00
1.052151291383262910e+00
2.415365406761956546e+00
2.051458545467961692e+00
4.428489582762881183e-01
9.326742943521854068e-01
2.281851131316405379e+00
1.330020435388177491e+00
7.963944074542350648e-01
1.337883327956251867e+00
9.106852014706970921e-01
2.679050650955944413e+00
1.719583912065189901e+00
3.241873840431733989e+00
1.339402436312211231e+00
1.024217734063177732e+00
1.191592819059418717e+00
3.012698947992213494e+00
2.003403477422425638e+00
2.579751161806107085e+00
1.265228648384391752e+00
3.180449843745510208e+00
1.271275143447825551e+00
3.323069556399909086e+00
1.497132870196838494e+00
1.418147442730565144e+00
2.849011721342245895e+00
7.525033642593236261e-01
2.091592360282513052e+00
2.162808382943598229e+00
2.181977782000836363e+00
2.006846354819376010e+00
1.348825554906774249e+00
1.299378158128945415e+00
2.950310141397275210e+00
7.731088009642681502e-01
2.305907332480201966e+00
1.046652524642617710e+00
1.984764695925115063e+00
9.340295625020847980e-01
1.672892515025935722e+00
1.306626626914498157e+00
2.038649492033258959e+00
6.696727612498125648e-01
1.298790677676339822e+00
3.856297366805170768e+00
3.628712223817639693e+00
3.759780052849024390e+00
1.712615390752265876e+00
1.195899085769426051e+00
1.223001999041846144e+00
1.515636287790115944e+00
1.366835989527191764e+00
7.441253961720158960e-01
4.316570655168828097e+00
2.682175687206973080e+00
1.894539305193655210e+00
3.492835562471129141e+00
4.740789177698911949e+00
1.931386894199160764e+00
5.266971141324263694e-01
6.771378304383671498e+00
1.123471641327666193e+00
4.286147697150317626e+00
1.760581020195507218e+00
1.823491960469153295e+00
1.256081524702815644e+00
2.053219091432955334e+00
2.076688230202311747e+00
1.090016290015089817e+00
5.364089359411259306e-01
2.607970888791526942e+00
1.732854825977038660e+00
4.512790471621771715e+00
3.043543706392456638e+00
1.502911081194587162e+00
1.013858797032406223e+00
2.920071334349193304e+00
2.972709911841293184e+00
1.245207961715917744e+00
2.146249000892925807e+00
2.472763906346714613e+00
1.288550330528141830e+00
1.555203445144139440e+00
1.585031605516699749e+00
2.777009026895594257e+00
1.637511364661367264e+00
1.451109237060839385e+00
7.785353977651842117e-01
2.549736571423948384e+00
9.143176243380459756e-01
9.887944160059610743e-01
3.923574585251533797e+00
1.267538009283418532e+00
2.825057410127482793e+00
2.457495997333028370e+00
8.672754378203886283e-01
1.142665437535037798e+00
1.191250284240380930e+00
1.507268845030210747e+00
7.499802064147128577e-01
3.950721175536474838e+00
2.465005076105168946e+00
2.673750707204405330e+00
2.319188748323948612e+00
1.524710519509871354e+00
1.918888567826316560e+00
1.122285250515738131e+00
9.639319660188532257e-01
2.931687657371087941e+00
1.219331140882456754e+00
3.718155262697997454e+00
1.351821594168064467e+00
3.348903028256720482e+00
1.289710208678286341e+00
2.640037357590607314e+00
3.199296789564542998e+00
1.266742656734047179e+00
1.522993020642440687e+00
1.250015303996766747e+00
1.069695389750912939e+00
1.194511774530413462e+00
2.001350710306380787e+00
1.044735927183617630e+00
2.907560989156811715e+00
3.202001145859804332e+00
1.740402917593748100e+00
2.163288585863777591e+00
5.221742126984537435e+00
1.284396800659652227e+00
1.942216006387715410e+00
1.515728541739296942e+00
9.550944067201825316e-01
1.778077932605898415e+00
2.390085715670869249e+00
1.919249595020893207e+00
1.529085210025109332e+00
1.533802857413233411e+00
1.402122275685093733e+00
5.327145756014689537e-01
1.166463517413931283e+00
2.055436664118992063e+00
2.088329706347451520e+00
1.816154350835589515e+00
1.850769575160632119e+00
1.223926365759861357e+00
1.097696504983563193e+00
1.242048788743199017e+00
6.023851740014165568e-01
3.342512395774346334e+00
2.961551002871826377e+00
2.527887802017918073e+00
1.294706061147670617e+00
4.713407328640868421e+00
4.141389887734954200e+00
1.883017588220268657e+00
1.839652660562730802e+00
1.076027679168271689e+00
1.175340986250402731e+00
2.056550530562873735e+00
1.396168163487087943e+00
1.366218792798767012e+00
1.222038529266568530e+00
2.321172444811022473e+00
9.503677008803992354e-01
3.032398355813322510e+00
2.063018959770224647e+00
1.929244628486562974e+00
2.279960542622094799e+00
2.189438336744879976e+00
1.772201680873684904e+00
1.333948577749758169e+00
1.000299299954453103e+00
1.981039816914510476e+00
7.402033691358281819e-01
1.031938447082868526e+00
2.198603984634193598e+00
1.293549736562268793e+00
2.776562989498596590e+00
1.617717668507139717e+00
2.439605677284877761e+00
2.215523675599048392e+00
3.239471600067396651e+00
1.207649007529994822e+00
1.516106588255982768e+00
1.334060533224009637e+00
2.289007322728750182e+00
1.768477751704553569e+00
1.409144209199861164e+00
7.105561709336296605e-01
1.488205928465882177e+00
1.732628461498161743e+00
1.442893213499008898e+00
2.276196675528697089e+00
3.413942283112204823e+00
2.140708314658048117e+00
1.950252626299802117e+00
1.748022401118827007e+00
2.028358796020587995e+00
1.859250708160158361e+00
1.254917161864239850e+00
1.800536257507990179e+00
2.868714166162967594e+00
4.492067019272635520e+00
2.417307873102958471e+00
4.287893916023909568e+00
2.139651723136304806e+00
2.369795932545266659e+00
1.106494856553109640e+00
1.231526489057383156e+00
1.102150792714226668e+00
8.963059862132376487e-01
2.300825290148057256e+00
3.346258894663895589e+00
1.731312702354412147e+00
8.361046076062934596e-01
8.881888823302135361e-01
1.099340619890308623e+00
1.833956600122107705e+00
2.095148044666237830e+00
9.489523195205877837e-01
1.164266457498045915e+00
2.112256135078794728e+00
1.500737067014139337e+00
9.966879968615974805e-01
2.400125547503850765e+00
9.318000173408310660e-01
1.760698634629214832e+00
2.201305762064090121e+00
9.858981399476313134e-01
1.529485201073609968e+00
1.944991974498443854e+00
2.332263815381536265e+00
1.674428670021243848e+00
1.967886823831126675e+00
2.346787181630899610e+00
1.837168843992268208e+00
1.485756283330423422e+00
2.295894678525955079e+00
2.827834164113332438e+00
1.702936817588031726e+00
3.031438312378430311e+00
1.555716937229061791e+00
1.023237832173171435e+00
3.457288023149936329e+00
1.421193700701752105e+00
2.057482832761163838e+00
4.614782456804708666e+00
1.962270997649174564e+00
1.120051607115708281e+00
1.570999757714047762e+00
3.809249593230020547e+00
1.103996607321708012e+00
2.110696303143507535e+00
1.232905171607354688e+00
1.583185059836760944e+00
2.556390918575327742e+00
3.217730224580585663e+00
3.587885148098727939e+00
8.680723580897510283e-01
1.285916487150686072e+00
1.414578386603281279e+00
1.286172124062368916e+00
1.207108357850101177e+00
1.501253053307135321e+00
8.233739612460413415e-01
2.825883258571920464e+00
1.995685606860578609e+00
2.427733400391232976e+00
1.096439657337932694e+00
6.276108802409784415e-01
1.021804881059781955e+00
2.406770940378875068e+00
1.042220935078526978e+00
2.626058973561394616e+00
1.128589695768272172e+00
1.541258231465256756e+00
1.215272025328839156e+00
2.460149637882196760e+00
1.087908432741774289e+00
1.265261717164144484e+00
1.973070174361321039e+00
9.943851959591935019e-01
1.172896331992069774e+00
1.478629325567636377e+00
1.947784106691060169e+00
1.422302638859565427e+00
8.100647347725492553e-01
2.358380178238002944e+00
2.345125952574250494e+00
9.295610669714559071e-01
2.066105333601253591e+00
3.685628786686116154e+00
8.737946903909368235e-01
8.103422483266504717e-01
1.191505679495781012e+00
1.516525828633287665e+00
1.210389650669368766e+00
2.625380467000765883e+00
1.350171338472719862e+00
9.571014541777725926e-01
2.257542557070825850e+00
1.133646132099687565e+00
2.839483969516448880e+00
1.338154281655557387e+00
2.924853458784725468e+00
2.955943512058269995e+00
1.778195298736995333e+00
2.123626676934952329e+00
1.712028489493834904e+00
3.493805658936795844e+00
2.930220802837022465e+00
