1.521304141113644315e+00
2.153504627602340626e+00
3.922679185047370787e+00
1.469234293019181292e+00
8.180911550453217274e+00
3.720561758474395742e+00
1.210006795394398482e+00
3.980601546575938343e+00
2.712748894706641600e+00
3.570555603759512753e+00
1.600668181759215969e+01
1.191427540736097912e+00
6.479556411974844998e+00
8.998494824115914614e-01
6.435355617749378254e+00
3.957610888455346299e+01
7.731952209787352537e+00
9.534364362418725758e-01
1.272906630799696082e+01
5.079925860083441158e+00
9.082024720183697886e-01
4.549068865705903519e+00
4.741142604223040280e+01
4.073687396391598270e+00
3.224577648796927321e+00
6.980436983518279348e+00
8.786673414604988963e+00
3.699607943067797500e+00
1.453016518560812653e-01
6.761949839862983147e+00
9.588801354893032425e+00
3.886128137740396227e+00
2.341780416880212812e+01
7.638286170589548618e+00
1.266481272198489094e+01
4.073308713243539714e+00
1.159592480939686254e+01
3.408284798341157718e+00
1.702076306797109417e+00
8.016050117325582036e+00
2.970823174654039889e+00
1.570956702740211597e+01
2.612337880096169407e+00
1.575231725232308833e+01
1.388551051607184306e+01
1.103964961014152202e+00
4.271503330140721033e+01
8.934191520387391172e-01
1.080027349457642671e+01
1.882602341419784997e+00
5.094920217209542912e+00
2.460717903164447495e+00
2.178699405418158541e+00
6.950878541048982617e-01
1.042488893967906671e+00
3.178812648282746789e+00
5.057770530004854947e+01
5.079177543200307454e+00
1.719927967382606671e+00
1.626412525078541194e+01
1.885671895888480609e+00
4.506339513477731984e+00
7.212158072588016999e+00
1.089504871712686729e+01
3.029705797207065565e+00
3.269451013385220506e+01
1.471269361100664597e+01
2.193709874382738434e+01
3.838946015461310035e-02
1.943565640575600995e+01
7.779466216095062236e+01
3.820251629250772218e+00
2.347858150414135481e-01
4.750955978612085850e-01
1.861414988049056696e+00
2.236563859482660632e+01
2.346325601722911003e+01
3.743380593163162295e+00
6.251895892950983580e+00
2.532179961344506935e+01
1.186790867729435561e+01
6.792863580649129318e+00
1.001843748343492457e+01
2.013712132428041102e+01
5.702322531367004288e+00
4.116308596623685645e+00
5.271096263124824191e+02
1.179063878380290475e+00
6.585530738272566076e+00
5.493833640430468179e+00
2.218827725403442752e+00
3.707926247258673147e+00
2.090971323997077391e+01
1.674943075002091053e+00
5.131481477402660474e+00
2.295309095884662920e+00
8.255224067666937060e+00
1.798087340807640189e+01
1.005937265710156225e+01
2.769824540827639847e+00
1.287700741157166462e+01
6.590523186052336113e-01
1.164273532173610182e+00
2.872411418805166505e+01
1.334854137236661575e+00
1.354494940527914792e+01
3.947541472470603452e+01
1.485171057965801467e+01
2.678599139404516549e+01
3.380488917887741973e+00
2.077902444088355338e+01
1.426227405607531251e+00
1.410014950288006608e+00
3.453583716561023920e+00
4.066047608534324453e-01
2.684726071756555399e+01
5.068686530398158752e+00
9.502751704144081657e+00
6.238133000086314439e+00
5.553190570983151275e+00
4.826945862584533131e+01
1.317611044817761012e+01
3.259846246978498563e+00
3.393762181058721517e+00
2.547209883581580314e+01
8.332484649280429423e+00
2.305241794170625624e+01
3.926699239195714064e+00
1.828537405437946717e+01
1.759678005594034755e-01
4.559498578102648914e+00
2.793101266432611851e+01
5.332661163703928509e+00
6.049893555442712234e+00
1.575718475354355164e+01
3.363619966513819293e+01
2.207972851603297482e+00
1.728255647117113369e+01
2.029816519967118094e+00
2.377362036548470225e+00
2.730546133898031513e+01
1.420345723929021275e+01
1.289823201719988255e+01
2.408083449394153774e+01
5.999772590317695276e+00
2.782155830878371816e+01
5.885991622375806642e+00
1.706005140210044857e+01
5.882001979564015492e-01
2.928963117188664089e+00
7.961422621238614994e+00
1.387275435236887944e+01
5.878026150007169548e+00
6.941682070598988119e+00
1.910465750997387957e+01
3.699206811042949994e+01
1.771996005262605678e+01
2.719218360956751734e+00
5.344201665939918300e+00
7.530553091317518932e-01
5.916144303620153089e+00
1.726773448067050509e+01
1.275859090696275189e+01
3.420473573079710405e+01
2.114053286793657893e+00
1.217258406854381292e+01
2.671031223752082795e+00
2.494703594272449809e+00
1.950032575107709221e+00
1.389310786407023657e-01
5.834159077154010831e+00
4.939584789891785732e+00
1.119820717583290604e+00
2.356494305572364834e+00
1.136223029002320573e+01
3.742045088742633396e+01
2.570289660840995083e+01
7.613809952476108478e+00
2.635904534568593860e+00
1.205963249254888181e+00
4.703554291851827607e+00
4.170220617575314925e+00
1.186191471220234606e+00
2.068884107926697968e+00
4.040028471984692615e+00
1.629481871993430886e+01
6.676544012633996994e-01
1.520527105091399456e+01
1.000809404482587439e+01
1.444844741142281919e+01
4.225247852181880148e+00
1.144746527902974833e+02
3.360321550717016770e+00
7.358062200852380386e+00
1.569218747693621241e+00
4.377219898420575817e+01
1.582084827066046273e+02
2.084022841516525837e+00
5.079942668433066189e+00
9.840469546263602041e+00
8.851364028654007399e+00
2.828839503626513263e+00
1.299721506202731192e+01
2.172834925629368286e+01
9.513049876051571374e+00
1.770640715153355416e+01
1.471819392803747206e+01
5.754255919865134850e+00
1.064177864918975258e+00
5.972405557770036566e+00
2.011997982474033009e+01
1.584485954109215733e+01
3.752667426348130775e-01
1.299344407953652158e+01
4.209225852073138263e+00
2.920532061314039307e+00
2.761578343611845732e-01
8.219534467364306707e+00
1.504194651162973573e+00
6.677078320942260170e+00
6.914855430435367545e+00
1.652781987557135235e+00
6.701318208724148917e+01
2.795463605260467332e+00
2.749111565861344086e+00
3.504640933794036073e+00
1.845434348789866785e+00
4.159209748772411785e+00
1.048700748673368466e+01
2.988168268690739815e+00
6.295772087017688534e+00
5.604597478008275147e+01
3.550437019008601425e+00
1.183800786085974721e+01
3.381189998601377700e-01
1.399494241551695994e+00
7.079756399611458306e+00
2.431738684352830471e-01
4.511270902979590547e-01
6.263991938113781188e+00
3.944444064227521807e+00
1.129858492603459386e+00
2.867228248190502593e-01
1.498914858309996712e+00
4.271075743730277985e+00
2.042415688613544944e+00
1.438944409543310599e+02
7.640624090477182051e+00
3.152520287045740499e+00
3.939529778370078894e+00
1.613859121846869726e+01
1.130970249007454242e+00
8.348116806671352919e+00
2.807783262487221432e+00
4.052908950277652167e+01
3.396726924249779955e+00
3.908912619955078327e+00
7.088109350447336920e-01
4.552039478014137108e-01
6.321278719311367311e+00
6.055509877693429743e+00
8.543145555290825754e+00
5.009281087585747194e+00
1.608111911438725450e+00
2.360359687107878468e+00
4.450093190658423126e+00
1.560168462028613234e+01
1.297317077148269959e+01
8.169496149671591212e+00
4.314126764816005100e+00
7.938872668152923140e-01
3.716959649816076183e-01
2.429159420969591920e+00
4.871459989836316673e+00
2.103325185472510128e+00
6.297233567662756659e-01
1.290196516702494556e+01
4.873147205792404435e+01
6.638836430882957274e-01
3.889384162536507206e-01
9.772600543702829157e+00
1.807358283943823363e+00
1.892988154258810951e+00
2.550787090134484458e+00
1.966063120270838027e+01
6.382806183359405416e+00
7.278444483888408811e-01
4.744731462363739105e+00
1.380749042766083434e+01
1.690893702604518012e+01
4.022635199102706949e+00
9.428419995163700662e+00
1.203663492297872928e+01
2.920465818395847180e+01
2.459915812609113317e+01
9.715453341673892851e+00
6.268036556801726000e+00
1.600586371325059787e+01
3.159743660763188355e+00
2.981724225803785089e+01
2.902966368036317490e+01
3.169144310730623193e+00
4.789235958754031408e+00
3.408760122821776206e-01
6.660459704641886747e-01
1.084614369674926915e-01
3.745244362640579538e+01
1.060858909335266986e+01
1.390935797544225361e+00
2.439423704134086535e+01
2.903697160409765274e+02
2.025583807333277520e+01
9.890501737804104465e+00
6.096862231603053317e+01
5.507902103334485489e+00
1.467847834042814159e-01
9.444294694764010956e+00
5.887694962636151885e+00
1.214382150396589566e+01
7.813727778592125084e+00
3.242197435988207310e+00
2.988029777528515041e+01
3.715552710944909620e+01
8.708012220816911508e+00
2.361385781379366777e-01
1.058835497188095864e+01
6.216050647957516162e+00
2.586502370114634353e+00
3.830633804755375138e+01
5.373208282176938688e+00
5.570075424175799128e+01
5.166291562586894592e+00
6.418002970499705917e+00
4.203036410646120435e-01
3.052178522929552829e-01
1.732268318396655360e+01
1.766592693547569581e+01
1.700890736943281745e+00
4.424932692433633719e+01
1.042806641504719067e+01
5.355176783903646154e+00
2.527314452653277144e+00
1.995037124602506151e-01
1.116251259118528694e+01
4.158228327159971371e+00
2.001995079844083758e+00
1.148278867614756615e+00
4.692958900849410475e-01
1.353351315400283461e+01
4.819740960701577315e+00
3.789876059761486893e+00
1.863312836181965526e+00
1.655512273816255986e+00
6.352417805962927133e+01
1.504710532497262498e+01
4.665854921841276592e+00
5.355139368637219732e+00
7.405519995261403032e+00
6.693297585155995044e+00
1.032169680782652144e+01
3.556702260520146819e+00
4.437564964288386449e+01
7.253275665691889529e+00
1.752612071286279161e+01
5.463920691690489662e+01
1.344734226614831885e+00
2.187115318179370771e+00
4.808645126952162840e+00
4.293629227492359313e+00
3.238528509454764670e+00
1.153324894759584396e+01
6.256266191919191755e+00
7.334636140648585823e+00
5.214292570464068177e+01
1.155881298752493791e+01
1.495460736178609906e+01
1.439821300565396101e+01
7.646857402520849334e+00
1.832217873906855488e+01
1.004844899029995409e+00
9.531266326706557379e+00
3.393628451864185713e+00
1.778990171945207477e+00
6.138939631820264253e+00
1.524011169843035063e+01
1.193110929533142439e+01
2.392679994562898482e+00
7.151835517294724553e+00
3.809173235635045618e+00
2.022126570035798210e+00
4.377932572127812172e+00
2.622439099399369589e+00
6.303527845846845779e+00
3.266762322764242388e+00
1.108037108675204774e+00
7.636568387850580564e+00
5.612624037750263639e+00
5.312401636692287710e+00
3.697215737629734544e+00
1.399583838019184867e+01
1.148362283147300644e+01
7.598003310116108189e-01
3.879640489686995708e-01
5.115656342469342199e+00
1.796938390806251462e+01
1.201839257097448321e+00
1.191154742924244658e+01
2.197684319686344168e+02
5.324327841181252907e+00
3.535013275393118271e+00
1.018574696103742028e+01
2.683686859191547924e+00
2.101215884718744675e+01
2.238292928775993396e+00
4.902189440502384343e+01
5.254243562140247548e+01
1.489449213865168531e+01
3.230675877072695990e+00
1.374978916672341001e+01
7.128197341898208528e+00
2.873639662934120320e+00
6.447074897364194257e+00
4.328310070437429297e-02
4.239785726894663931e+00
1.686155217892627567e+00
4.278896911433136552e+00
2.416237459348536021e+01
4.324168123779418238e+01
2.887232714451853610e+01
3.798074089289273481e+00
1.000815123170878884e+01
8.725248093123287862e-01
1.665596358525058918e+01
2.297553395273078114e-01
9.561601118388892928e+00
6.436090078109301116e-01
8.177616299898824437e+00
1.872411363578938648e+01
6.963426176948894764e-02
4.001112429161146622e+00
3.831883210900622316e+01
4.726473919771599697e+00
4.104885244009304213e-01
5.317759873053751818e+01
4.638734093178022100e+00
1.850319248739161204e-01
7.031008171704941745e+00
1.003425551973197472e+01
1.062269424942798501e+01
1.224757847089191287e+01
2.068507636273425732e+01
7.580566846090941446e+00
1.582281816631618265e-01
6.494763675564385608e+01
9.462705985927742702e+00
8.427812456955523501e-01
9.786796713403161263e+00
1.002007533072613299e+01
3.972813519328747844e+01
6.055420864419310156e+00
8.719328247737287541e+00
2.005498263870321907e+01
2.342943253268228443e-01
3.239055428732689368e+00
7.868666611434492753e-01
1.861511701774434924e+00
5.130432470390874578e+00
8.547567708092747907e+00
6.551675104844028041e+00
2.551069817017801711e+01
4.400388223760982598e+00
4.917237811362012323e+00
1.191757830436289911e+00
7.175224335398568520e+00
6.924650008117889222e+00
7.984050537406171877e+00
4.951366808243899409e-01
9.476767641888335092e+00
1.017072641255201582e+01
1.174808793157842857e+01
1.437802961468186425e+01
1.012344134949848140e+01
8.146860564933384730e-01
2.283939401012909443e+01
3.034031506980458204e+00
1.704891608377394896e-01
4.462489527141444867e+00
2.099580569155235565e+01
2.466586781636199710e+00
2.165038178387203249e+00
7.993132222840034729e+01
1.856833867846744823e+01
7.815842867495080837e-01
3.762774422862266022e+01
2.485687113555168182e+01
6.139624986653407390e+00
2.831693848208346243e+00
4.830711494621631630e+00
1.617054608762970958e+01
2.831607510470230338e+01
6.224942957557903611e+00
7.057055551523643278e-01
7.909728404329751328e+00
2.851154044258349529e+01
4.414492684675574097e+00
1.136116048019436064e+01
6.005730703345714794e+00
2.188334580381329886e+00
3.461844314000542155e+00
2.642837231272708109e+01
2.451038614253385362e+01
8.360168623528296816e-01
3.109478878926937639e+00
3.224924255501520065e+01
2.292542006509887997e+01
1.328804790057786001e+01
1.708658072501137326e+00
2.073042223818992280e+00
1.536506854094862717e+01
2.051626750889356288e+01
2.629891349946744672e-01
3.122635064156244056e+01
7.939501174662852989e+00
2.010039276345901627e+00
2.919280914400887106e+00
8.567030951923351623e+00
1.756622837686477201e+00
4.332567806223805462e+01
2.152571813500393283e+00
1.815840741328981434e+00
1.642861807572893440e+01
7.485162961903798262e+00
3.963055875186857691e+01
5.407675612936944987e+00
6.291099516208899445e+01
3.093648339372263578e+00
3.561747425064132244e+01
2.887944492738408364e+00
2.034466228737453264e+01
3.727053611336353711e+00
3.244252701214826828e+01
1.942161594250990442e+00
3.350851763856298682e+00
5.319467335501945726e+00
8.114918872568740449e-01
1.020307823565972427e+01
1.285670478987984700e+00
1.054941506124550843e+00
4.148688078894246511e-01
7.480190683915516558e+00
1.644002818948727906e+01
3.350921362015377269e+01
2.890408796006274983e+01
1.209072389804374126e+01
8.292241494622695441e+00
1.455009157144854237e-01
6.331835089874243705e-01
8.246010940762953823e+00
5.495476689990990149e-01
1.393117852751585506e+00
7.672338089603869982e+00
1.862311297067927285e+01
1.269635994095400378e+01
2.342988795583522688e+01
2.630443772745357123e+00
4.260495512920131844e+00
2.375412488024726265e+00
3.794245804975334480e+00
4.438651273327945290e+00
1.535849475494478611e+01
4.861772828655336887e-01
2.251549446811222666e+01
1.558416760053191297e+01
3.691494756500438790e+00
9.957201412838518451e+00
5.856374125144546028e+00
9.268157927831966347e+00
2.312211801843384862e+01
9.516446172592477604e-01
1.040457919858549651e+01
2.938479484515032425e+01
5.069704735223061931e+01
1.229173365438897036e+01
2.732754194043285167e+01
1.565333427111402331e+00
1.076797788592667615e+01
2.322731587569225553e+01
4.707736333428209008e+01
5.620779489487016178e+01
4.611114039076745286e+01
1.858074243125199132e+01
6.001365526521166949e+00
2.666020369029382664e+00
1.469145303828556903e+00
1.953555302921978098e+00
6.313765497768538637e+01
5.382975315895997426e+00
1.239483711067073841e+02
7.315626714445436996e+00
3.703390764186386797e+00
8.773904514617870021e+00
6.825984809068174286e+00
1.562041924547637883e+01
1.187908136050556784e+01
5.950784172211275092e+00
8.150965502590606704e+00
1.925010605519497098e+00
1.430123245460542769e+01
7.602457541099795213e-01
2.635409562414392948e+00
5.100418339802241796e+00
1.020362033026708559e+01
2.229027711244394894e+01
6.432242437017589687e+00
1.081699236910214745e+00
4.766172180208152476e+00
1.198096224924929176e+00
1.346823489955806474e+00
1.561447068330792110e-01
2.966100584038584120e+00
1.274335904140244047e+01
5.405335808463365144e-01
7.468510948238509251e+00
4.413964955916604538e+00
5.656116484849071924e+01
1.572518407206742097e+01
1.812646218425972933e+01
5.319056689147815264e-01
1.374799466430356532e+01
3.608418199135650895e+01
6.164442480661574741e+00
1.985125488387846104e+01
1.166494802949052634e+01
4.701572238044606777e+00
4.193452209563859334e+00
3.653535281544370683e+00
2.721252162107715034e+00
4.077635394878170949e+00
6.181630160372083793e+00
1.180486083146731424e+00
3.332277226616148891e+00
3.953800036127667283e+01
2.225271118601683895e+01
9.813598392338962029e+00
6.115749402075701724e+00
1.207062350969211195e+01
1.838497312505552728e+01
2.412108470677991789e+01
4.064618713697237240e+01
8.617083462844750130e+00
2.852569706614322520e+00
1.143693917176701547e+02
3.820204472150321884e+00
3.007487222520827785e+00
3.709584137881563048e+00
2.618761548309629461e+01
1.719669367710183749e+00
2.530092645550592323e+00
3.560695509098910971e+00
9.435739958459247845e+00
1.259146750805224890e+01
4.133790733190005895e+00
1.773031340103462083e+00
3.257955151022262186e+01
3.648660278349917974e+01
4.361751370929004779e+00
1.464438907745757312e+01
5.699063085505192028e+00
2.987914907083815130e+00
9.062359952090410786e+00
3.931974767152383254e+00
9.207615792816771227e-01
1.320919156600644628e+00
3.176584455815266494e+00
8.774560971857960112e+01
4.389982540489972829e-01
5.697860231347300797e+00
5.842925441511363616e+00
1.040183436062202871e+00
1.455074812667015438e+00
7.775591157012647914e-01
2.367132171169711441e+01
4.500532366495166414e+00
1.217255349861059432e+00
7.955846461093652344e+00
1.201613566644613051e+01
7.122771414979657933e+00
1.280959486248485391e+01
4.648456384060024149e+00
1.563680434371744976e+00
2.391451418884070090e+00
1.212616013131467163e+00
6.103345246729034557e+01
2.219591209454530034e-01
2.666954518040550060e+00
1.412658289892482877e+01
3.047351364848895372e+01
9.724829958294172627e+00
2.510237610751234527e+00
1.013979904581406899e+01
6.962223284783719635e+01
7.634727702194722632e+00
9.866714573823962553e+00
5.368123774581915475e-01
5.216325616664850173e+00
1.872563219271343371e+01
8.942501122668523594e-01
2.932338235521009295e+01
1.490038577126554964e+00
2.427264655553211359e+00
1.754691388246219930e+01
3.700779727500594873e+01
2.131919429553388312e+01
6.374726426008752167e-01
2.896286687835783358e+00
1.178354439787253938e+01
4.158060421046803512e+00
3.941725632189705841e+00
8.505612732375574581e+00
1.761113749751577728e+01
3.476320941073718807e+00
3.586577573859258017e+00
1.589566895297585436e+00
3.059121328421224639e+00
1.553777930364677706e+00
6.904825923238095697e+01
1.298019631367711035e+01
3.183102219726515525e+00
5.613381920421751659e+00
1.282820705377768178e+01
1.463877944067671466e+00
1.926029456373250781e+01
7.072512109776051048e+00
3.312859401867628950e+00
9.086762526962233188e-01
7.086721675245705399e+00
2.338553493956098706e+01
2.216076028584310009e+01
5.570181527518854203e+00
2.453538367431755063e+01
8.625287646559604005e-01
1.828145817200711321e+01
6.179363170090794721e-01
7.538630629625167501e+00
2.558696750411855092e+01
1.760389380256798253e+00
4.602391928840924074e+00
3.839758814733424064e+00
6.415872547413269444e+01
8.944803755769907383e+00
8.572757065556269040e+00
1.698783633649077363e+00
1.296107128405887110e+01
3.839818894021227447e+00
2.991875070170462081e+01
8.344610215139341847e+01
1.739650503876154275e+00
3.102406512509086411e+01
3.640530823651187298e+00
1.485059881361202656e+02
5.084973506321501802e-01
7.651822706659200612e+00
3.651329866271067814e+00
6.491429996394387558e+01
2.616485727982035314e+01
2.460233777360548402e+01
1.267249807226702174e+01
3.817729692114990314e+01
3.057864097431027162e+00
2.404042788880795367e+00
5.975360374491721416e+00
4.668759123656672227e-01
2.739074904592918713e+01
8.138359218425195163e-01
1.150719201042513973e+01
1.569005316234029168e+00
7.994462833778539057e+00
4.447657848661678237e+00
1.045538022229324326e+01
2.553925427811065241e+00
1.899908169880593523e+00
3.135102350254890702e+00
3.921468164013507618e+00
3.861367364231867438e-01
1.564243687255516591e+01
7.607911180267724616e-01
1.945591215836249788e+01
9.815255668658234356e+01
4.191702585550669546e+00
6.745387211339740396e+00
1.250533696021152963e+01
3.088081023589176510e+01
3.620031394792461832e+00
1.704006023499748113e-01
3.058281265536352489e+00
2.338483457816328048e+00
2.080542127521589624e+00
3.224105328598167119e+00
2.045087876968048590e+01
1.049817976818674481e+01
6.532199646114443148e+00
5.046462465508243511e+00
1.011345011393900251e+01
2.582816802758405572e+01
1.148295052645511660e+01
2.429661677619032289e+01
2.155116266769322309e+01
1.845245025144120810e+00
5.356891383210428792e+00
8.583477887504572523e-01
1.312074390547425828e+01
7.161666351746964310e+00
9.237404611511325925e+01
2.315481563379819363e+01
1.245868223644543749e+00
1.178070989242276712e+00
1.343087208685089173e+01
4.242923465105375769e+00
4.575974161482484481e-01
2.877787194678867344e+00
9.485956752093096966e+00
3.288328090942658655e+00
4.473735696623745639e+01
1.544774798355894596e+00
5.546844807860003002e+00
8.450499637613182458e+00
1.834994433709598471e+00
5.014732783009042016e+00
4.589337316428222380e+01
5.821744202541698598e+01
1.684761826232094251e+01
1.677922756046777408e+01
2.627500227821086387e+00
8.146567323879091660e+00
3.361723579024924025e+00
1.999765326691480105e+00
9.426687535502360049e+00
7.404457062467255213e+00
5.006963939039470013e+00
1.597166327394537344e+00
3.303332700652892751e+00
2.875975926768426660e+01
4.367700233484500316e+00
7.586266847170468619e-01
1.603538385861629934e+01
9.035349188640773832e+01
3.510849093664140774e+00
4.062202595150125717e+00
1.933600885141129311e+01
1.189801711949866503e+00
3.078603198406965902e+01
1.576610583372482832e+00
1.624217041648673421e+00
4.404475857523784121e+00
3.095459749376010983e+00
1.490126753947944138e+00
1.000160794972327682e+00
1.269286447393002337e+00
1.252407697593113989e+00
1.873713469380360763e+01
3.416740972948079769e+00
3.348391521937173820e+00
1.073972006022907211e+00
2.193997782684637698e+01
1.109654383948911693e+00
6.237600748167301923e+00
2.193602038330436876e+00
3.010997053890215991e+00
1.643732910611871434e+00
7.416163141987921037e+00
2.211722070971658738e+01
4.120045699889315571e+00
2.606477719623584122e+01
1.796682754695309026e+00
8.036130868403692062e+00
1.746968470423601261e+01
2.326269277227256893e+01
5.863998938704362729e+00
1.510194403515810890e+01
9.038863766613673079e+00
9.059658532769530481e+00
2.749775666065508162e+00
5.933964402590270026e+00
1.028906699884567955e+00
7.659088515730275049e+00
1.613458228038433084e+00
2.104466083849457991e+00
4.899316352294690091e+00
2.696756903556234874e+00
5.999320532022826669e+00
1.363805689684120859e+00
4.691483456447169686e+00
3.786251478059582953e-01
1.501502820490556056e+00
6.781708201012277115e+00
2.060535694256206973e+00
1.921082899651904707e+00
3.186390458839428508e+00
2.541441955420835619e+00
6.143784490991220260e+00
2.956620889208147140e+00
3.254056584923105788e+01
2.500811120459271564e+00
9.299077147579641878e-01
4.039827101208762206e-01
9.970544531881319728e+00
4.088035411583799572e+00
1.641701656716140789e+01
2.875711550365728009e+00
5.560634459300787258e-01
4.982480514562200868e-01
1.230914784289705182e+02
2.394538208461320927e+00
5.375247549120452106e-01
1.180539516084373908e+00
1.505396122842727458e+01
2.359695603800290797e+01
5.304294396162419822e+00
1.609483312919259390e+01
5.154133055821394471e+00
1.672164680081534183e+00
8.799359441093510981e+00
4.039892772833209578e-01
1.717392662114889390e+02
1.415285086857579921e+00
8.097097306742952583e+00
2.131111284123433425e+00
6.322601181026406003e-01
2.658733961511881905e+00
1.803223546107951325e+00
3.604601803298138840e+00
2.313454045470062326e+01
1.280043362380283511e+01
1.717290448995730523e-01
7.002459310383831737e-01
2.270569447526860074e+01
1.603308758792787003e+00
3.066882691545449546e+01
5.206897090231522363e+00
1.038767759995650763e+01
7.090124599141273132e-01
3.946969554271874792e+00
5.648064337431255133e+00
3.510071122010431921e+00
6.056485152063205035e+00
9.698229765600275698e+01
6.851978803342316127e+00
1.512482382391623759e+01
7.260889231839440683e+00
6.116884854739918609e+00
4.213881844656906850e+00
1.500716839865158647e+01
5.173717120441662587e+01
2.658905718723500122e+00
9.379885073728139178e-01
2.575788638107591844e+00
8.326760658329411813e-01
2.624041287625211538e+01
4.411200298080732440e-01
4.483599175302284578e+00
4.040483449113080994e+00
1.511466838961707424e+02
5.203471551334965639e+00
4.756979565548606459e+00
2.862574791582496836e+00
4.811080467340583056e+01
7.527739313134620147e+01
1.635212726746429590e+00
1.035371987113457592e+01
2.529454769808515024e+00
7.081163707276152763e+01
7.884241034123762759e+00
1.499083707413827682e+01
4.407063998653047432e-01
2.168867832068452017e+00
2.233465302442246614e+00
7.067951445464726135e+01
7.776425686512952185e-01
9.988326473011377438e-01
7.229561356897281854e+00
1.411815433549015175e+00
4.059205578629069500e+00
4.286202710574731789e+00
3.633227669550953465e+01
2.722471476616456165e+00
9.515894656772665883e+00
9.411294756921440907e+00
1.484308410032773917e+00
1.940130836958977367e+00
1.580799983210917192e+00
4.307168139462842049e+00
3.522596182813472865e+00
2.473032928935172126e-01
5.043637715277300515e+01
2.382365736726585137e+00
7.052863429947963780e+00
9.385160119439508009e+00
3.446004503504727268e+01
1.253462911760839127e+01
2.237081549075761799e+01
