2.801208185232090031e+00
1.519711763878195843e+00
6.316860480317269655e+00
4.078872239777311393e+00
8.432968513574587988e-01
1.984564106544383311e+00
3.031004077674278818e+00
3.218838194954533716e+00
3.743149770390170605e+00
4.101284552421031293e+00
6.571737232810279661e-01
2.538919319418281972e+00
1.146632361747401463e+00
2.958553316802874811e+00
7.034713413285910155e-01
2.753747168406730061e+00
2.127738177524914231e+00
3.662692118946230480e+00
1.195709660932800178e+00
2.489420457329216241e+00
5.312100665639872155e+00
1.325132855864113779e+00
1.072083453764555827e+00
1.965635544361934883e+00
1.391379326928108062e+00
2.471057348068066872e+00
1.807623436746203183e+00
1.864947162667567770e+00
5.981822541913359714e-01
1.727669463781324577e+00
2.911474584954980127e+00
1.631532600740808414e+00
2.379891574800979015e+00
6.488696797711097641e-01
1.158111865719307909e+00
1.336923619554827303e+00
1.947404179474930608e+00
1.497832316798710650e+00
1.747442152384946823e+00
2.441630872280821318e+00
4.511247957848978807e+00
1.502769369968537605e+00
6.802509786695825511e+00
4.979374551914146352e+00
7.854599293503523594e-01
2.311301064197543109e+00
9.317712360976027952e+00
1.871598530839632790e+00
1.070021501992597823e+00
6.018832343910252014e-01
2.805879145525249641e+00
3.591342496253290273e-01
1.382016415366646767e+00
2.407750555505743684e+00
1.928577334436969881e+00
1.640470360082685541e+00
3.896709296615075147e+00
1.433087939127897226e+00
1.517032987437816116e+00
2.672081396667738140e+00
7.664260870234167466e-01
1.127500205817267842e+00
2.291897058325362835e+00
2.883075966920517708e+00
3.050529011284468517e+00
2.302846119854925266e+00
2.096970096815906626e+00
1.540207085145235633e+00
1.985260027253832771e+00
6.699351439899972505e+00
3.562079778566300092e+00
1.858964831603009848e+00
1.868996010476810854e+00
4.137434771240556586e+00
3.784474230534218275e+00
2.446182930745962825e+00
2.632911271080885740e+00
2.339123924839446644e+00
2.157999303415357062e+00
2.128080941294355100e+00
8.839820407929432911e-01
6.020376753248591228e+00
2.323159048988920894e+00
3.189967475797511387e+00
1.049876665904478257e+00
2.934231447759759526e+00
1.625899078302744494e+00
8.526327259672504821e-01
8.514529063971247869e-01
3.778741464502447744e+00
1.434376632893818559e+00
1.888645859649357384e+00
4.358785872736307354e+00
1.770729343795132138e+00
5.802703289215187965e+00
4.170731614912170926e+00
2.720176306557972268e+00
1.707143360752974015e+00
2.379568905251977284e+00
4.475769874685942895e+00
1.257580058881214047e+00
3.272109028275502762e+00
1.403618205565086319e+00
3.909907519614448823e+00
5.585408959745700841e+00
3.323390645207684013e+00
2.406062558875412094e+00
1.788187882695692510e+00
9.052638069599334703e-01
1.805186174875425875e+00
2.758299733009874632e+00
4.672588995296866443e+00
1.091674934934365959e+00
2.836634819917767558e+00
2.097295513588880667e+00
1.954620455330935869e+00
4.850542394534016033e+00
2.679851862410893570e+00
2.486763907852623579e+00
3.411611609371884235e+00
2.206774362002697831e+00
2.079614510698169383e+00
2.867243415407996210e+00
2.511617405014202387e+00
1.187368593280446305e+00
2.387875742064030860e+00
8.229049511753049329e-01
2.014145343357615747e+00
5.226259116104157165e+00
3.773263113433108273e+00
6.859130147932405164e-01
8.889105440736531083e-01
2.134304632916656175e+00
1.934309491308687790e+00
4.105756297112074793e-01
1.347510276481970637e+00
1.024744735677966423e+00
3.404972481847703847e+00
3.010109789439191719e+00
2.360500960125584857e+00
2.209085816942672753e-01
1.493878954899423794e+00
4.372013069138108499e+00
5.627487175808699504e+00
7.940368973698973543e-01
1.500146342048558790e+00
1.921026153701029360e+00
3.494386191612548931e+00
3.315789421264862646e+00
2.025389676165745723e+00
1.301843485328337913e+01
4.136949743832104787e+00
1.539547311987570666e+00
7.402452229685226648e+00
6.782542659408531405e-01
1.370315482717324951e+00
7.901109482436529108e-01
1.837777188953678253e+00
2.077071138734270406e+00
3.030705034395190900e+00
8.485079512360487186e+00
1.720919831043619119e+00
3.850724795295507263e+00
1.300195211825839969e+00
2.934467182507278338e+00
1.405733053210290739e+00
1.913776024582598989e+00
6.645364399230139441e+00
1.805748258506549186e+00
1.641472217585690840e+00
1.936370971205282343e+00
1.153225002528903698e+00
2.632247689908304267e+00
2.057695990527744545e+00
3.865795565293023817e+00
1.489014470396207157e+00
1.823357151504336526e+00
2.236090630348510189e+00
9.466432906288181348e-01
1.697522013960400811e+00
6.362212623046280768e+00
1.863214857844942562e+00
1.957203719808457310e+00
2.009371066265400962e+00
2.991692152305698293e+00
1.182935825397506857e+00
2.194932240499035458e+00
3.337975540783134853e+00
1.982734798576069934e+00
2.033249719886232487e+00
3.926866716662816170e+00
2.559852304025915348e+00
4.344919604053762541e+00
2.657731152110528239e+00
8.128101877632846195e-01
1.311193108886921532e+00
2.266639872937515232e+00
2.944223424768181552e+00
1.902590469405177842e+00
1.216559843322725376e+00
1.269455517361912200e+00
1.996004389904987075e+00
1.389884999833228330e+00
2.132380301520277133e+00
6.918845634080429408e-01
8.485021570377159206e-01
1.870733236518880460e+00
1.997532428650896863e+00
6.265923328059018749e-01
2.154254698839320081e+00
4.112457847875860217e+00
2.538974211013949045e+00
3.153465318515366711e+00
8.478684802890260608e-01
6.339396556189416998e+00
6.076476965679404874e-01
3.227371542768423751e+00
1.392431754608651095e+00
1.429737031676994397e+00
7.499444489091853239e-01
2.506476656014653415e+00
2.583644098891030971e+00
1.583816981300481874e+00
1.588463397909348096e+00
1.686963500054236453e+00
3.717368846866249132e+00
4.284995134142263851e+00
1.846564344663016666e+00
1.833790912562788034e+00
1.954260577694391765e+00
7.504081561846869253e-01
2.805436569835396465e+00
3.818789958144436891e+00
2.482810352663836539e+00
4.545468331550091889e+00
1.255003407860446840e+00
2.256100065019958745e+00
3.439383301493371015e+00
6.779549909527444740e-01
4.414949791172696258e+00
3.530047361851950782e+00
8.215268214717347917e+00
3.469518695653167839e+00
3.697743785737188649e+00
2.798244096690897909e+00
1.050874069935738175e+00
2.723316417185596805e+00
2.010579500960837596e+00
1.015935828842280397e+00
5.815431559229349290e+00
1.048024192721596970e+00
2.898653994220854013e+00
6.000289732699920719e+00
7.509874437902989364e+00
3.370799901169539314e+00
2.679166426885587260e+00
3.910342992114314242e+00
3.117335359539918027e+00
1.372211028465633031e+00
1.858855801169356781e+00
8.558127390506308219e-01
3.458937095813333862e+00
1.701108772420401261e+00
3.640399303808160347e+00
2.922776723448549774e+00
2.713304177749186419e+00
1.863851050142072641e+00
8.592635652153833847e-01
1.999022067813272407e+00
2.708071823391830613e+00
1.745451374777975628e+00
4.659978986363363163e+00
1.457315210330127231e+00
1.965197671026079007e+00
2.139604531511092311e+00
2.372396012297370849e+00
1.226109677384511931e+00
6.049250492650709576e-01
5.520776556691709303e+00
3.081548631278709038e+00
9.583074862778517833e-01
8.749078761794950587e-01
1.278138705152398691e+00
2.660301118115765195e+00
4.439333414912097098e+00
2.675907870417896461e+00
1.464304980088459773e+00
1.047600392642781708e+00
1.428163805013104470e+00
1.985518786173253725e+00
1.397956442344600925e+00
7.508898587192263996e+00
2.464473787477539535e+00
4.114842923920135398e+00
5.492185551666766141e-01
1.692274751525206344e+00
1.804501797829808130e+00
1.110786923708737550e+00
1.205754131445463173e+00
5.019877211298364728e+00
2.983810849788168351e+00
2.923721690892131964e+00
4.960171835583616406e+00
1.166210937337018194e+00
2.909824884730614514e+00
2.253175394283128963e+00
1.169825522792768968e+00
1.833781038092639815e+00
1.293668082194051161e+00
1.349807366043623391e+00
3.219675311659169648e+00
1.990776441652149620e+00
1.371900378336716964e+00
2.435492883638242123e+00
1.368342756744463040e+00
3.585719175373781820e+00
5.366299793158322728e+00
1.234004083047362421e+00
3.054707830696735904e+00
2.050043171297808886e+00
4.141003272566611493e+00
4.223617044384905483e+00
7.190436588157696818e+00
1.348455332079955271e+00
1.636553435994801076e+00
2.393767889639148994e+00
1.390740379743978350e+00
2.718017989236887200e+00
3.027235395451832289e+00
5.335734091748427943e+00
1.552194193215427287e+00
2.381266638042034867e+00
2.788175820940676619e+00
4.179782198396339687e+00
3.659127134184455343e+00
1.140548977537858777e+00
9.395598562035076817e-01
1.982067552316918446e+00
2.141818360662244292e+00
6.903604788709140072e-01
3.301354728893180823e+00
2.398297056297975960e+00
1.026623049965534129e+01
2.671726807447642127e+00
9.746677868735104111e-01
4.110838762733752816e+00
2.142487955485534279e+00
1.220133931627825019e+00
3.088678171723920673e+00
2.763872289611377653e+00
4.032722787089372041e+00
1.584783635905208321e+00
2.805292315792047297e+00
1.574810994937511754e+00
3.221792219905396326e+00
3.857244393303252306e+00
2.131695770595297912e+00
7.794860371644080077e-01
1.592443023200768693e+00
5.090469457706091383e+00
8.525228361086799822e+00
4.173339410293804841e-01
1.345890839118405014e+00
1.739512295902535310e+00
3.282947781192840697e+00
3.216077457342323420e+00
1.688620679476751985e+00
2.401436250559887853e+00
1.303370823958673652e+00
4.828443783482732066e+00
2.784545439101912656e+00
3.751810089128359671e+00
4.560646282458701961e+00
3.734209436448191255e+00
1.867741909343627826e+00
1.940576125466754398e+00
2.103285806360622789e+00
8.476997382727262664e-01
3.712415628345568042e+00
9.982236885323346742e-01
1.132236572159162069e+00
4.929806336029147751e+00
1.537452710078364149e+00
4.856158281541087973e+00
2.481457682966857092e+00
4.845898295788986232e+00
1.889232703818954029e+00
1.146771807984180214e+00
1.453166210102396327e+00
2.933333816302764685e+00
3.181346191419277769e+00
3.433431897015165823e+00
2.882246692120254750e+00
1.576001729576942401e+00
3.768454174615710972e+00
1.483531690642422962e+00
1.692427323370386372e+00
1.709928274714327623e+00
2.392990044651094994e+00
1.704760891228288999e+00
1.923722176202476764e+00
5.397508385967214828e+00
1.326166030320656830e+00
8.586776070039876529e-01
1.077267338858376222e+00
1.473598356759060035e+00
3.390382645715174892e+00
5.888752768098736823e+00
1.289315421433199216e+00
1.861343754196430389e+00
4.005629045626766249e+00
1.438249841465719658e+00
1.367443001070952846e+00
2.702577149174425486e+00
5.347536688868596677e+00
1.883949206325884029e+00
5.606146436253792720e-01
3.708105843505102861e+00
2.014788882057052977e+00
4.500624450302714408e+00
2.610412846534629683e+00
2.493575983826047171e+00
1.111160358687500294e+00
1.849884777249761747e+00
2.399117567890780123e+00
1.567579905746253388e+00
1.315378819967108148e+00
3.796193735510621892e+00
2.465562114944818362e+00
1.124281913325926530e+00
1.357488250013819231e+00
1.745695854948210446e+00
4.802954793797965749e+00
2.644932176268006696e+00
4.460640364333934293e+00
1.223523316607540545e+00
4.596883045313044036e+00
2.794610761108626829e+00
3.632447301042683652e+00
9.480302903361560452e-01
2.382815267836041251e+00
1.544586438671425865e+00
3.671762045394806329e+00
1.542061148055127173e+00
1.766629149466578452e+00
3.192660471441004510e+00
1.022739899440187283e+00
2.655197051844653267e+00
3.325693454372840030e+00
2.417811622822909179e+00
2.670897200621054957e+00
3.073170927875613412e+00
1.722927311354964797e+00
2.130515033748026088e+00
2.840755244104932853e+00
2.916675786073811505e+00
2.541561349202049680e+00
5.937309764809901580e-01
3.008842315631982789e+00
6.536022959272026256e+00
1.188352816784034482e+00
2.453524593708809043e+00
2.925995078015487305e+00
2.050096822918986650e+00
1.828963163066833264e+00
1.961959229500511936e+00
2.027847365888079789e+00
2.353285856932616937e+00
4.460048481863619685e+00
1.714806301216071693e+00
2.296418665676349224e+00
8.058382907341552492e-01
4.895029012893160392e+00
2.699482564437430288e+00
1.009713279473675396e+00
1.471990411528846465e+00
2.870234584741661266e+00
1.384050672057850928e+00
1.374386132926401993e+00
2.857146030199039899e+00
2.247177071495606526e+00
1.040096114030200969e+00
2.941855506176659585e+00
1.164265130746329424e+00
2.917006558312829956e+00
1.588799941060824006e+00
2.601567774809258271e+00
1.472684058078454594e+00
2.197505198180245589e+00
9.716232506090252130e-01
5.816754068690127566e-01
7.032796093321231901e-01
3.101342419567501452e+00
1.221650154739927219e+00
2.421006628624195134e+00
5.462024666007068596e+00
2.291185038401276852e+00
1.493073119591318720e+00
2.781903785831296716e+00
3.159550976747176332e+00
1.210545924682976171e+00
4.635768291726245494e+00
1.721331066486738059e+00
3.641740986598001051e+00
2.765164987627464210e+00
5.404231657945614664e+00
1.874958208927826719e+00
5.536502814964524566e-01
2.552421906379135574e+00
3.126494961543055062e+00
2.783060844857651706e+00
1.177376000687764490e+00
5.260783243503760254e+00
1.293459069529176331e+00
9.180554424406059955e-01
1.514530033854533775e+00
3.587206307700134378e+00
3.632784669474136141e+00
9.917574201249046428e-01
4.033978658125440653e+00
1.538267816987700165e+01
5.411778984433809114e+00
3.147750355017575608e+00
1.618084410475619350e+00
2.228868137593734922e+00
3.128552191017584860e+00
4.997636679890211653e+00
1.664689432314110151e+00
1.897949405862283889e+00
5.835940701261940866e+00
2.667073862451311950e+00
2.148503303167367928e+00
2.215122382499728371e+00
2.360700943845793098e+00
2.845611633529330220e+00
1.707400320889000733e+00
2.262616676267861671e+00
1.748820148161578381e+00
1.275455598373792077e+00
1.229087016413026756e+00
4.636806051473127965e+00
1.818394991850065257e+00
1.051246039101954022e+00
1.052604160184573034e+00
1.569265589322247356e+00
1.583371494409383518e+00
2.844215395969861504e+00
2.191132915169771600e+00
1.917366232179282592e+00
3.995040521741242134e+00
2.673896067521455588e+00
6.087623127350418883e+00
1.406809158277078753e+00
3.208974953490364435e+00
2.737271871643511822e+00
3.158991635839945022e+00
3.742599147203267584e+00
1.690249633174184529e+00
4.365443926589827939e+00
2.379537866126203660e+00
4.747410515300243716e+00
2.579481941025175917e+00
1.440213725134221745e+00
1.439405464055185435e+00
2.440919779661416822e+00
2.195651154205166655e+00
3.206080853617079729e+00
1.285868256628402984e+00
2.923245023651839247e+00
2.862698232617869820e+00
5.947670613409985485e-01
1.057720435750277410e+01
1.217358672850546997e+00
3.670413597497142355e+00
1.408962537775666268e+00
3.293869327160962257e+00
9.137695650109054490e-01
1.803385783061051351e+00
5.892128579970685731e-01
1.399738404740318520e+00
3.005640756571505090e+00
6.250083975050111817e+00
9.646669067142302767e-01
4.597433066762627973e+00
7.531783448511500945e-01
5.578391423500587365e+00
1.269970224287558791e+00
2.188945028601732012e+00
1.444658693237318658e+00
1.206786562253302941e+00
1.461640341647957753e+00
1.748272546140931638e+00
3.978647044480268846e+00
2.782304985624728833e+00
1.037062407925835927e+00
1.458769273204666206e+00
1.574501771135740746e+00
9.596071293176326122e+00
2.421212019498274248e+00
4.835203348698572157e+00
2.753516119470802437e+00
2.942438252007613553e+00
1.374979568618441172e+00
1.549713493238148665e+00
4.200070085625932315e+00
1.730941641386854357e+00
1.535361807795473155e+00
3.776886348872672272e+00
2.072757290847084377e+00
4.238231542090703741e+00
9.682499398512348643e-01
1.263615409330927974e+00
3.089875574302167305e+00
1.953978059678141754e+00
6.838907511044916454e+00
3.153884445500599210e+00
2.546384733576686266e+00
1.244716028474774916e+00
1.621940195558452258e+00
4.988223359626078768e+00
1.608355542067776422e+00
2.300887899308067031e+00
2.299501207579191409e+00
1.542327841628698071e+00
3.103690170819707550e+00
1.668987843023460149e+00
5.384650937208615318e+00
3.470384720995368433e+00
1.604906643637587615e+00
2.872759243230333048e+00
2.915191198732790312e+00
1.191893499921170996e+00
2.956857535411713478e+00
2.476483901647155150e+00
2.576425876683050564e+00
3.778885087603647275e-01
1.523402280186867630e+00
2.125839365934641734e+00
3.666675043548768720e+00
2.649346120992332576e+00
4.211544158981203267e+00
3.326465489729706348e+00
5.098316608931352079e+00
9.673685348876945866e-01
2.520463358498706175e+00
3.382039851186289248e+00
2.555077149536630898e+00
3.651513184220303465e+00
4.729177601799113617e+00
2.945336475026734568e+00
1.240309736204733726e+00
1.104551731922417179e+00
1.214680200090051176e+00
5.252359682561102971e+00
2.153642008966578203e+00
1.286298210278042475e+00
2.786301608728819712e+00
6.606632643257668747e+00
1.261071171026537208e+00
2.942612031553827556e+00
3.730737741783661798e-01
2.666930917280942115e+00
4.439198408404841700e+00
8.981157505926874451e-01
1.265455612723547896e+00
6.191861938085018835e+00
4.944627963344567334e+00
1.365449099446308878e+00
2.328395799099824082e+00
7.746934097281312326e+00
1.944187643150571576e+00
3.247218696461607212e+00
3.524194996612255437e+00
1.920385583523541717e+00
1.010528091312778765e+00
3.019757236094187558e+00
5.485137266590987437e+00
1.713494265671578809e+00
1.127249218674042819e+00
1.909858923193186397e+00
4.665376372707839892e+00
1.767497898927655520e+00
3.649762530724367071e+00
3.569160063755162149e+00
4.565102238498948140e+00
1.270244658050204256e+00
2.018413043225650405e+00
2.523187159889189513e+00
5.979639696926259518e+00
3.770321780068632833e+00
4.195905040145738063e+00
1.331727891107300721e+00
3.752838258359951773e+00
8.165259060381111489e-01
1.023160586211371292e+00
6.241254446753770502e+00
3.273328479119278267e+00
1.124403335597119025e+00
3.179373452569160818e+00
2.502051418392738036e+00
2.205507144133644459e+00
7.575083648795323255e-01
4.296566935260910824e+00
2.032058969020291261e+00
1.259878795507850091e+00
6.789639805147009710e-01
2.137805826427046529e+00
2.741861974505428901e+00
5.513006517402537554e+00
1.174602326389767359e+00
4.152017453920061385e+00
2.584773477849136025e+00
1.113563109876792412e+00
2.043177546633150321e+00
4.555695999776565586e+00
1.973470522276543404e+00
2.151411523574045859e+00
7.079457900157306582e+00
3.199056238150988385e+00
1.726476689415822996e+00
2.817697795104313396e+00
1.714501593901683885e+00
2.413924783401552698e+00
7.394675101175018916e-01
9.234082238033498591e-01
1.101719511455707678e+00
7.564655833908645599e-01
1.519391391434053995e+00
2.096068925968084251e+00
3.911485538823048280e+00
2.493910254669192472e+00
6.400001637061061288e-01
1.908828854415001608e+00
4.269383622470366291e+00
5.194749571994902837e+00
1.002430311221057080e+00
2.825572774717969970e+00
5.677204456400261279e+00
2.346704584176748654e+00
4.872007162383970247e+00
5.768432048781642507e+00
2.143364700353514785e+00
3.864667982784334210e+00
2.717582039156473783e+00
1.848518320180097874e+00
2.634819783636679791e+00
1.333424698463354652e+00
2.887794851524935424e+00
2.666731718012799845e+00
1.160538603265406365e+01
9.060089313150374579e-01
2.238387875311551589e+00
1.616050361492888721e+00
1.057886017565603076e+00
3.290646759390443599e+00
6.094074918135520269e-01
4.296207972652075213e+00
3.851211835679932083e+00
1.725747511945689761e+00
4.319079229286147736e+00
4.580714415000308293e+00
2.949565680124679901e+00
3.311875343792341830e+00
3.674681032236258194e+00
6.913252640495146650e+00
1.488573442801919056e+00
4.726388962026929264e+00
2.823264838419219380e+00
1.254039332647090887e+00
2.557967885239566641e+00
9.424735568389167595e-01
2.038750399129432900e+00
9.364673853594527309e-01
3.642698454531382524e+00
1.687097296435047689e+00
9.757529469830066304e-01
1.653881546196203756e+00
1.951623349892715575e+00
4.395056041468650143e+00
2.301497753869403695e+00
1.831161094793769539e+00
1.382414091817262936e+00
9.923795580428297347e-01
1.640618793986525104e+00
1.842763656827879348e+00
1.983950616120051524e+00
9.861361947448155085e-01
1.992089196262361250e+00
7.381274732908916780e-01
1.849620243792150953e+00
3.158962802483568755e+00
1.976994654802644025e+00
4.830354684066522353e+00
7.811156711056587154e-01
3.224021343271659124e+00
3.012054100747545871e+00
4.920285056203282714e+00
1.431303420069760968e+00
4.743215081764420304e+00
1.989057356742880422e+00
1.445201376665476989e+00
8.615017837642158227e-01
5.958872826807554146e-01
5.294608582203872871e+00
1.516844413165658656e+00
4.920191243221115340e-01
9.798424130312828328e-01
1.091488310896947533e+00
3.378420489179805752e+00
9.522203766251655654e-01
1.928722074646287199e+00
3.606059724389735877e+00
4.037782219082322932e+00
2.656965100280838321e+00
1.070311683385149149e+00
1.959485501878635461e+00
3.708989757505119833e+00
1.415513768312105070e+00
4.270081883859965899e+00
1.448301540063962278e+00
2.205017083861091631e+00
3.860601979318570187e+00
1.322266666466515694e+00
2.863310279229272837e+00
6.316079207503296766e-01
2.359353937049128547e+00
1.086659626988998761e+00
1.093326859677690610e+00
9.426055285388281746e-01
2.759672064712093587e+00
2.023672666334884074e+00
5.768404156143737360e+00
2.188955399698572890e+00
5.914878644805451335e-01
1.798218846986297637e+00
3.638302021216738069e+00
4.855749669912512445e+00
2.745427692236511508e+00
1.843240534028979916e+00
3.088448214960707094e+00
1.633835528564262729e+00
2.148821337438693746e+00
1.330298694829201489e+00
7.667586659771467694e+00
1.494846672927933051e+00
1.259268336100917596e+00
9.657562350035292509e-01
1.023306237756667070e+00
1.990776298556101498e+00
1.703332940608774271e+00
1.848090054814567118e+00
1.082886880038804067e+00
4.469961401252156463e+00
3.665485588381343085e+00
5.495819867400492775e+00
3.593995703412504295e+00
1.422475041586987565e+00
2.332013628044584674e+00
8.834661266878787167e-01
1.813427075162361124e+00
3.159057728291468692e+00
1.117744495750033762e+00
1.728641470302061833e+00
5.176014760293115913e+00
1.422452100389930418e+00
2.789205144971454331e+00
1.571490833425457589e+00
1.744299732918393575e+00
2.708445699859471478e+00
2.717613713266964215e+00
2.393286618032532065e+00
7.460758723339540488e+00
2.632837746673880819e+00
8.941503808651680707e-01
1.114653323266564966e+00
4.850411736550633290e-01
1.210402221003666234e+00
1.708882744279624166e+00
3.978799316883243620e+00
1.843986687931840951e+00
3.413537363019005344e+00
1.122807985821896892e+00
7.039237234834960777e-01
2.376750823040075566e+00
1.552008442618969308e+00
1.411161560150915983e+00
1.659353071791763501e+00
3.802880135775573489e+00
1.822203380458564670e+00
7.560802495885421415e-01
3.549457572130108041e+00
5.761257173115559738e+00
7.940480471996557155e-01
2.248335251651148781e+00
1.001419852039541425e+00
2.233202036691189107e+00
4.301744524963706517e+00
1.839438650198621072e+00
3.973842123640340507e+00
2.149091975122672693e+00
5.059484040966861329e+00
3.995638904995452823e+00
2.047969520778362362e+00
3.857759523223784015e+00
2.329688236811831903e+00
5.904119338244758985e+00
2.461095828248282213e+00
1.860569704931541946e+00
1.454666176150223311e+00
1.184075733131185526e+00
2.748807630271698610e+00
1.132685089909380105e+00
6.213912109705015396e+00
1.027537885526536776e+01
2.230495736989097200e+00
2.024740664804115298e+00
9.768808322135470457e-01
9.488094917246878701e-01
5.033034721146932178e+00
6.442578325057149335e+00
5.807969424452961604e+00
9.869087537980683056e-01
2.223640852716776806e+00
1.234962735154552016e+00
3.525466350315435093e+00
4.461715966267260081e-01
1.500713641900562223e+00
1.404958014481127782e+00
1.712973878605285716e+00
3.164703835831269352e+00
2.135960412793820318e+00
1.485096280079173825e+00
3.305263147913198196e+00
5.309298496806015066e+00
2.875709791335961718e+00
6.977495147933762354e+00
4.780899321022380022e+00
8.566472747171669511e-01
4.666074247207336434e+00
9.978799924522289144e-01
2.581705022833732599e+00
1.366944003586983980e+00
1.409646176114824900e+00
2.665546124633101588e+00
3.171449200020177273e+00
2.211872642377089360e+00
2.190990514120529919e+00
1.214374938850460994e+00
1.902173871839868635e+00
1.453427533736012967e+00
2.246690298514348427e+00
1.608020564279097897e+00
3.051144271800755092e+00
3.798481297834312986e-01
6.344055229167254728e-01
3.945662866564492166e+00
3.053801276055658320e+00
2.570126640049428701e+00
4.228867947565647434e+00
1.047188619563008061e+01
2.789740308775758848e+00
2.149098445592272366e+00
3.338591498287419412e+00
2.764479439583280573e+00
3.106762390635291027e+00
5.959629454513628133e+00
1.555216648495863607e+00
8.615311639052509740e-01
1.140241525752991869e+00
2.025620275048939156e+00
2.129989448818689901e+00
4.855813713175709978e+00
1.345048324791799477e+00
2.252711237236534103e+00
2.443951396911320018e+00
1.626995513327585963e+00
8.509699504108972690e+00
2.690359126501955078e+00
1.860825350741633688e+00
1.130538568331838745e+00
1.921034551268976598e+00
3.240610448585933057e+00
3.880400818769364601e+00
1.529154424507818577e+00
5.056491077441167548e+00
3.398817570414347067e+00
2.077644526643936285e+00
5.117162379030538055e+00
3.716017858116679839e+00
3.479836348150080028e+00
2.300208453055686775e+00
5.227667229627448009e+00
3.353858041886343067e+00
1.722671259111404840e+00
9.652448879958319683e-01
3.565783557291301697e+00
2.816530858508976998e+00
1.296373277658935619e+00
8.510195609816145756e-01
1.282109372775085854e+00
