2.514476525768267301e+00
2.543174721016956852e+00
5.287450216067641762e+00
2.567509312902004126e+00
6.727478176000004417e+00
1.273625546969056055e+00
3.849217739071784994e+00
5.958209817008485842e+00
1.206245760587100202e+00
2.758728157966517269e+00
2.434394594746153828e+00
1.265875082228955284e+00
4.236114872063588166e+00
2.785356390618309863e+00
1.787050572699000250e+00
1.541822686126394615e+00
2.695731064393138254e+00
6.915910969837703703e+00
2.750931070160563596e+00
4.251325976566179499e+00
8.353768520521819951e+00
1.176033660565526384e+00
1.354408971677296236e+00
2.188823971296819604e+00
4.193315366485355078e+00
1.867691145274043674e+00
3.112950892084597410e+00
2.042150466097991668e+00
1.601460495481686674e+00
1.100356733500756024e+00
4.708940609251671461e+00
2.476203390910567403e+00
2.651154112474768620e+00
5.350910303626493558e+00
2.665080139229924594e+00
4.228340047347550978e+00
3.139488695786479155e+00
2.747422938515591717e+00
3.308379480027067832e+00
4.224641010717895107e+00
2.808930795061348462e+00
3.686227547269159022e+00
5.387067837220381961e+00
3.785403626620845063e+00
2.740525631526888883e+00
1.644148742921630379e+00
4.284902078511707124e+00
1.218519875818157239e+00
4.852203735453300304e+00
1.498648417784643971e+00
3.333874304757187268e+00
2.224615340036643296e+00
3.261801197428179311e+00
4.671267818413136652e+00
2.729426870380888381e+00
7.705964317644995454e+00
9.089780480733557155e+00
7.386175090208329408e+00
2.455812321802115950e+00
2.809144449899384277e+00
4.899929702348969407e+00
6.612352459232700319e+00
2.850140359745784391e+00
2.411984350989077264e+00
1.730864685180385498e+00
5.701162515881319059e+00
1.771478043205945374e+00
1.148902908455185923e+01
6.617563924348729643e+00
1.481372005240869649e+00
3.554941893604756320e+00
2.145344178025595738e+00
3.340114458748126847e+00
3.046370533864680485e+00
1.156444766906489896e+00
1.032562364763073726e+00
2.482236590623633443e+00
1.590997347460987310e+00
3.605227747175287600e+00
1.922321369637909338e+00
1.560110313790975312e+00
2.820390096621586906e+00
3.259118586997300948e+00
6.452343201655877714e+00
1.500632456704778406e+00
6.171128997635694446e+00
2.519341748125940139e+00
3.045034186786936381e+00
2.220828658842280756e+00
2.444789262063021607e+00
1.616372996196842493e+00
1.131916654574964598e+00
2.622759258659205894e+00
8.276967003206198825e+00
3.550549962871543119e+00
2.880769435486564944e+00
2.761339489846017958e+00
3.579684124997225769e+00
1.615194760290268539e+00
4.768542399834012180e+00
2.821050406119591791e+00
4.243868600889816989e+00
5.541606837996851276e+00
1.397825445002942590e+00
4.656894849242908307e+00
3.699376364893059765e+00
5.458365800989319006e+00
2.047068477784056206e+00
5.035463594217538308e+00
4.412183296823876333e+00
1.232960189278474283e+00
2.465329730229746552e+00
1.249220537110502738e+00
2.070682289649921515e+00
4.153270485389640498e+00
7.040472849037218595e+00
1.362199986509642802e+00
4.445705397966978722e+00
1.461649200295233708e+00
1.272334431019681800e+00
3.314229491098776403e+00
1.879038171160116732e+00
1.996114931824236383e+00
2.876104863097101116e+00
1.044566397933176738e+00
1.947633008269940902e+00
3.131833351617698380e+00
1.726800007068829412e+00
5.205387194995866551e+00
5.016185814560675915e+00
1.072166411983320078e+00
2.131568289716515352e+00
1.104758253754439856e+01
2.160616902883302437e+00
1.754329968332221323e+00
4.023172866201791820e+00
2.714921968281838183e+00
2.848137395499309221e+00
5.207210427322512380e+00
1.204378165750385810e+00
1.082774802849009177e+00
5.451578503290456013e+00
6.849439652938018597e+00
2.667628406350206927e+00
2.968650918583565890e+00
4.917739296008608818e+00
3.776427740477760864e+00
1.247503457876261823e+00
7.924239716701510616e+00
1.320654145978029881e+00
3.165855214895862524e+00
2.465668339197204517e+00
2.058475563550187459e+00
3.735993497999466673e+00
1.298252703362349436e+01
2.469874748486929672e+00
5.580809191624845234e+00
3.387991610958924760e+00
4.162206874646523502e+00
1.225219962271148821e+00
2.827924607589458184e+00
1.386729855408443512e+00
2.312721233384968489e+00
2.110708040348590053e+00
1.921715049046093249e+00
4.140546506913299396e+00
6.927165807568510303e+00
2.512783767714775074e+00
3.815542952152753298e+00
3.231030338755966014e+00
2.679892085840089866e+00
2.814338080491923133e+00
2.233603576396126389e+00
2.973131724430609246e+00
3.523171726331672637e+00
3.288810485179256560e+00
4.601855648230934293e+00
2.531602901120181492e+00
7.463904864164818243e+00
1.052977258433067931e+01
2.253153955736494574e+00
2.284826726586103973e+00
1.323651750870867838e+00
1.437746535809676596e+00
4.098576596730508115e+00
4.914712133160238139e+00
7.357295965984308239e+00
1.547954157273879972e+00
1.063689474072744279e+00
6.229052297315441855e+00
6.638514579556852091e+00
5.135547010781538191e+00
2.289490502908807734e+00
3.966048963189495069e+00
1.737412446182620140e+00
2.928280934890015619e+00
3.014193945511280504e+00
2.021762701451159217e+00
8.549053301330481247e+00
2.985794288418489373e+00
3.150220981087791472e+00
1.274393866174197365e+00
5.457566154830977290e+00
3.873305552660858186e+00
2.647258736395635914e+00
1.963614450704624925e+00
1.639120078761966859e+00
6.407498113372137816e+00
2.859876027897486850e+00
3.089726818942927888e+00
3.197740163607733166e+00
2.350550956797870850e+00
2.466756655444878099e+00
2.490770331000441651e+00
3.763651169811319530e+00
2.548682007764512480e+00
2.369707502402266019e+00
6.625473521576071612e+00
1.640266986052268283e+00
9.075928945490238098e-01
1.951288920861171228e+00
2.668770314773295294e+00
3.101474592614505088e+00
3.087003735235411384e+00
3.684204475927609579e+00
8.477759365429798910e-01
3.031998097236125567e+00
4.473562225632654155e+00
1.173934517921799259e+00
2.222573733195684298e+00
1.256307747853803214e+01
1.902055073605053881e+00
5.753550049734473149e+00
2.525858137435369244e+00
1.206020012400486063e+00
2.105490128361588553e+00
3.506831943814360919e+00
2.943349119121474011e+00
2.962629251855105394e+00
4.367616029976871594e+00
5.555747124642893553e+00
1.152411843465892982e+00
2.945261135787923923e+00
2.004621187327707776e+00
5.985891327183594512e+00
1.027015741332411025e+01
3.077209080898923865e+00
8.076744438871864551e-01
2.728522586255555993e+00
1.737652905611492438e+00
2.660357564037890477e+00
2.473161632631190709e+00
1.755251898553425338e+00
2.776150033635430781e+00
2.081741923741636580e+00
3.486978999472787777e+00
1.793150679296079186e+00
2.799706743568345146e+00
1.613374871540760536e+00
3.042724626415314049e+00
4.610680718726596794e+00
4.621158233757557632e+00
1.711041452169127508e+00
1.915213739761628453e+00
9.264570323071801283e+00
7.953049222011224773e-01
5.332148710048540963e+00
3.394011184443266327e+00
4.833993064287756880e+00
1.919905908340191480e+00
1.068623230268773261e+00
1.638612186549171623e+00
4.536980881948922573e+00
3.031765973660887070e+00
3.230463170129437067e+00
4.591698487481086666e+00
6.070313761546461961e+00
3.075374038590910963e+00
7.028887108545935902e+00
8.390522923955712642e+00
2.719244498747015015e+00
6.543632843965397683e+00
1.617988073848042330e+00
2.706806200577798638e+00
3.992156324557914360e+00
1.921651092485769929e+00
3.402940855627238914e+00
4.548435283158726250e+00
2.441655444828719101e+00
5.708430490826462034e+00
2.262412610597487106e+00
4.557230902522563909e+00
2.298096222897130669e+00
1.350844073246040500e+00
2.959190046937753227e+00
3.730670727890919025e+00
3.339936834170633695e+00
4.417075733688277772e+00
1.243244834862088366e+00
8.069846435764500114e+00
4.176132624826029982e+00
1.313972538079491770e+00
3.052069576655091598e+00
3.779048282685561588e+00
1.543513916306582745e+00
1.318454780678842253e+00
1.683297693892429558e+00
4.185892953877086597e+00
9.732810564149973587e+00
2.361869736762424399e+00
4.050663110492541463e+00
4.650009141500401455e+00
2.365665503285637961e+00
3.834404909117715032e+00
4.028178899620161957e+00
2.513448916675168565e+00
2.942960016108841170e+00
2.974259712778406062e+00
7.987862533076465210e-01
3.403272576637906166e+00
1.738099316790216564e+00
2.865817811432386453e+00
7.977851562935744489e+00
1.701756674209571329e+00
3.254285713541519520e+00
2.154479573519425983e+00
3.773707363336570531e+00
1.835818757979343907e+00
1.957803681179273392e+00
2.477587687952000461e+00
4.636921432257794962e+00
3.670650179813420788e+00
1.714539776618677402e+00
5.431036684474334741e+00
2.425666722297338929e+00
7.899576289023157116e+00
2.092031091062823034e+00
2.065455571317184269e+00
4.356804852110424342e+00
2.026421042837441178e+00
4.970363220311463159e+00
7.171085683004157829e+00
2.115011042006849085e+00
2.988208369621810689e+00
5.514641919112248658e+00
3.506060830299065234e+00
2.744433796419713634e+00
2.573953395907441433e+00
2.337304236509612831e+00
1.700781935400878186e+00
8.676349675125914374e+00
1.920841187674442230e+00
1.397705498442392447e+00
1.562536708322891821e+00
7.794579154240444119e-01
4.613386060254518029e+00
2.565055247460388266e+00
1.405315778008012106e+00
2.030027138683037968e+00
4.634230286127765552e+00
1.281160650422331182e+00
3.628686193419993433e+00
3.605594857770775707e+00
6.593013010030722043e+00
4.099223219622450287e+00
1.548356968784782461e+00
8.876822107558822950e+00
3.783477619218954313e+00
8.075306504056630530e+00
3.019123058703329310e+00
2.425836319856838230e+00
3.078977549252996493e+00
3.754983053556073092e+00
4.535996698978689956e+00
6.278806416091261333e+00
2.348902176902696315e+00
2.402054506903966935e+00
2.087025927742499398e+00
8.082198200531857779e+00
6.070643483038586474e+00
3.444809136784456882e+00
7.823767037067257846e+00
6.047259147517126010e+00
4.252051354989010434e+00
1.745053789440306868e+00
2.086569462059474578e+00
2.473794905012721923e+00
1.905515198304819524e+00
1.273546060045372297e+00
2.005658225415993368e+00
6.492722003218946547e+00
2.778432250890131350e+00
1.602706412730561247e+00
4.202547679118819879e+00
4.119858375598967726e+00
2.756766251534895851e+00
2.786333752921603235e+00
3.822857031535159766e+00
4.333131895346568285e+00
5.213776050676910856e+00
1.773107016156567628e+00
3.362465917104610735e+00
6.515052188599352867e+00
4.078665745827067646e+00
1.208241771943057374e+00
8.355672534384812167e+00
5.750918007306545121e+00
2.700392844630705724e+00
1.572776675501900367e+00
1.557124668166153247e+00
1.754603168462263607e+00
4.973572342071517660e+00
2.743848649124521089e+00
6.580769808635163365e+00
2.079219334225958615e+00
1.848825465598808782e+00
1.485859514236872014e+00
2.230899465847798524e+00
1.243732210908491842e+00
2.157674461401682287e+00
1.454582651900950152e+00
2.752078015402316780e+00
1.603489191015954329e+00
3.863193349829431522e+00
1.318431593601465446e+00
2.140408016516530232e+00
6.486973495335088380e+00
1.958558556095125081e+00
6.142862346289898134e+00
2.507889507496954273e+00
2.729936818516811137e+00
4.445014190048802050e+00
1.376582640539751656e+00
2.407186618241121678e+00
9.713075995457153056e+00
3.966051310647431105e+00
5.031962417478594851e+00
2.804734464129681637e+00
1.798121669561551395e+00
1.811754780440354429e+00
2.012303935626065687e+00
2.054094328558000004e+00
2.355108214836900693e+00
6.752716835671304096e+00
3.318713649508046259e+00
1.591902723625211014e+00
4.580667488369696727e+00
3.161948840741389599e+00
2.701470201851657649e+00
5.095266795215478872e+00
1.931196420413316073e+00
2.200820672170916925e+00
4.626043030966453529e+00
4.780196754336172305e+00
4.655536038427245060e+00
2.985885959284694025e+00
3.181589957927713819e+00
1.999405521464106661e+00
2.224467023387763920e+00
2.947116214357456077e+00
3.035501896479257944e+00
3.415120514937979745e+00
2.404202357912617938e+00
1.741124291050184070e+00
1.409748879637931385e+00
2.591969285293936665e+00
8.760122033153153964e+00
3.052723248036823378e+00
1.011698834842887695e+00
2.183038807069793030e+00
3.163194684119288613e+00
1.860087177340398856e+00
1.733435463098209173e+00
1.483909460524179158e+00
1.182411849077376287e+00
3.024127714122084032e-01
1.772614834291266650e+00
3.421138960105070570e+00
4.803275902074626735e+00
3.039276975474682452e+00
3.367461033589014718e+00
3.322395356788208076e+00
2.070274950036004036e+00
1.475500851743010378e+00
1.575774370767392796e+00
4.745459889212940041e+00
2.228109819187526153e+00
4.066314731957890949e+00
1.440304970518648364e+00
2.653303855927664490e+00
3.076282777560613191e+00
3.975166879771484751e+00
1.878060384518431825e+00
1.750091099462888877e+00
4.494489806308884283e+00
3.546154194642022084e+00
6.811990894280704367e+00
3.347852467864609771e+00
3.357426240068530632e+00
3.194536407683259860e+00
5.745031849084210052e+00
2.883220385127541974e+00
1.963817752770177893e+00
1.998933201004752469e+00
1.581481999591459076e+00
1.526722338964284109e+00
5.173745553765349392e+00
9.286092668919764037e+00
5.572005432733952546e+00
3.737627219710461635e+00
1.803244781906378158e+00
2.670044703281535980e+00
1.516995699102421824e+00
5.739936510436173478e+00
3.223725156554274385e+00
2.442291821773779681e+00
1.421702611038965891e+00
1.087763341965131803e+00
6.788094897196159216e+00
4.084283714173995605e+00
4.244456387018716192e+00
4.777125666918838220e+00
6.698138539933570001e+00
1.896004416092816447e+00
3.096299560600213052e+00
4.691526198541844828e+00
2.469534901130998605e+00
3.830725794823765185e+00
5.354615422934799085e+00
1.679227320683730706e+00
2.568850999641407284e+00
2.207654037682790893e+00
3.875645046656285952e+00
4.512592150128056367e+00
2.080917441186055594e+00
3.220405307660492156e+00
2.861076517207404635e+00
3.204887239563097623e+00
6.030837823365724937e+00
4.714969730069701548e+00
7.922888237452856863e+00
1.111658853138415282e+01
1.744198615408207864e+00
1.260334403487270771e+00
1.896185864754467154e+00
4.043119669332206456e+00
3.932572116611892987e+00
4.836524669140144006e+00
3.729129584301491995e+00
4.449117055591671033e+00
3.956363732334333694e+00
2.330595549770315245e+00
2.777213174249160144e+00
2.105637264368632966e+00
6.587634828661790287e+00
3.403219548685048057e+00
5.284595907563451433e+00
1.792029997916614992e+00
4.577412236530376433e+00
1.824201660037511719e+00
3.243347821925605778e+00
3.190191548070479222e+00
2.135425302367237155e+00
1.369385398492986239e+00
4.454965564790145827e+00
4.859786890731540687e+00
3.255529938755045816e+00
3.658112613819267445e+00
5.101794482945057219e+00
1.504263169415174017e+00
1.724087122299764463e+00
7.738325272653986397e-01
4.130557513524245827e+00
3.972250501140408119e+00
3.745570975423753168e+00
2.673484330507028162e+00
3.312789769117249428e+00
3.975695514590704249e+00
1.943299782306534551e+00
1.885519491675894610e+00
7.091632708988345080e+00
2.195876649582192641e+00
2.029290796068131453e+00
2.012173263266256562e+00
5.000527944698357707e+00
5.553645258264523932e+00
2.173373705085925423e+00
3.703580476769817054e+00
1.093975894745708777e+00
1.847467647112583489e+00
2.648779926893635395e+00
2.715109247740194576e+00
1.016394461551845652e+00
2.713362719436544168e+00
1.788939520814849082e+00
2.002543949198776208e+00
1.734603208999414559e+00
3.395322347179603018e+00
3.375670774526740470e+00
6.602562825969582327e+00
3.744782362049981383e+00
4.874651193400566740e+00
1.674022189910155500e+00
3.339634355278299882e+00
1.346072604143091045e+00
1.455204553314845217e+00
4.712028169551452095e+00
4.835108264182549909e-01
1.298839266771770085e+00
4.873190888948339072e+00
2.740108964307041983e+00
1.302128003105353482e+00
1.499489956504585386e+00
4.845403703922157135e+00
6.561303292363757755e+00
2.526528920450812343e+00
2.846476090661909097e+00
1.732705790405932422e+00
3.025070908420103954e+00
2.007212395628648505e+00
2.237017841424512987e+00
2.137446402634819442e+00
1.164651709242412458e+01
2.317265284514693047e+00
6.415466503505778739e+00
1.610949342561708741e+00
5.041669166644399347e+00
1.943122263080530487e+00
5.111722112166109611e+00
3.174759590042115498e+00
2.899750944095674576e+00
4.061972458733028368e+00
3.286312271704155741e+00
1.532666077508771929e+00
1.240761178841530699e+00
8.521439761722005457e+00
1.275375927685719724e+00
1.331185372427511338e+00
3.321240576994064941e+00
3.146107905739482291e+00
1.163893922823309834e+00
7.416459533026613649e+00
3.367083081972651382e+00
2.348122346359664547e+00
3.818137993527080276e+00
2.568180271255050329e+00
8.043516055959825106e-01
3.417074250953132886e+00
3.557840124029251871e+00
1.976822187226160210e+00
2.824713114465359887e+00
5.846134371575348432e+00
4.812328542673648180e+00
1.476358041630840168e+00
1.840445912016337227e+00
5.400580754086827362e+00
1.029437429694483486e+00
2.604422742122736167e+00
2.624824663401652991e+00
3.028258725915760508e+00
2.412025596148170692e+00
2.781787504429980906e+00
4.052890347834935625e+00
1.698003072094114607e+00
1.092899493781189868e+01
4.348468621106277077e+00
3.013794236216685629e+00
2.079887117690468745e+00
3.980597297689928649e+00
3.679275057329862708e+00
3.284308509680314625e+00
4.307931012618494648e+00
4.995072829831480377e+00
1.711976862743086247e+00
4.811196638066390641e+00
4.913027149357358070e+00
2.540132175755036581e+00
2.071695802502489414e+00
3.583805130160504948e+00
3.916787646876915829e+00
4.820004373517003060e+00
1.773158925055297930e+00
3.560881405827214685e+00
7.909606131897549020e+00
3.017603349859229844e+00
3.553685573761529159e+00
1.642528060568669623e+00
3.912418403344131157e+00
5.033778380205959024e+00
1.549876542205539209e+01
3.063763550335525832e+00
3.732176017820567182e+00
4.292717433579912978e+00
3.388112661036029039e+00
4.288640739722427320e+00
2.673718371856936393e+00
2.903500273238329932e+00
1.456773213911342735e+00
8.130712237125724329e+00
3.201346095710986717e+00
3.282724219072328697e+00
3.244818760035572236e+00
2.894124095024234400e+00
1.341389774930829004e+00
8.707583087345069472e+00
2.292715348466642489e+00
3.234071202137250634e+00
2.442366234016168036e+00
1.021157156027302948e+00
4.436000912610851721e+00
2.405238105509101665e+00
1.927060915452587730e+00
2.140148588934502438e+00
1.563511800641616212e+00
1.699583271464139012e+00
4.182099918443593189e+00
4.754066271947826827e+00
1.204112891459449219e+00
7.981216547402882000e+00
5.346552496776089569e+00
2.243794658707438661e+00
2.502231394800258801e+00
4.342059624183631783e+00
2.641727172133126800e+00
4.407508081997060678e+00
1.721259891888697879e+00
3.345214338844460400e+00
1.023988176769391956e+01
3.652821249644255808e+00
2.253938865588302587e+00
2.792886187727011471e+00
3.817623567984933519e+00
2.491083551794931683e+00
5.549385015380861930e+00
8.003589176663659543e+00
1.910827026092266845e+00
6.856164865861916979e+00
1.280398020660806102e+00
2.205437950451499152e+00
4.818176398171237551e+00
5.806225771432530713e+00
3.839818821094807877e+00
5.540576764760839268e+00
2.676347510518645390e+00
3.780174162274316796e+00
1.693128624930821724e+00
4.247274505359791341e+00
3.807912635095425102e+00
5.410234739932393566e+00
1.126325216001375695e+00
3.265976306125386142e+00
2.229213694775038945e+00
6.096771315641356992e+00
2.072004641807001946e+00
1.354162585535475083e+00
3.680415080118169868e+00
2.242438068518416650e+00
4.327216570782952410e+00
3.995164157424923257e+00
4.656065458927978185e+00
1.324020413037547694e+00
9.138062053348695812e+00
2.769534599253767659e+00
1.814736590252363779e+00
1.242119367117276330e+00
3.964260975258639519e+00
3.233474261984118137e+00
1.405493176607682582e+00
4.599630597167703172e+00
2.548907027566268635e+00
2.202179424651166784e+00
2.851384210452010404e+00
2.759534969342949395e+00
6.377786211862184196e+00
2.206034652884678149e+00
8.226570873745256307e+00
1.863855810296842108e+00
4.214385543653802912e+00
6.766488249572468305e+00
3.629119255620975260e+00
2.902564549141841255e+00
4.030962801517107508e+00
4.457224536998448450e+00
3.271296716583103503e+00
4.587136094883437210e+00
7.015170842415454633e-01
1.279905540396645947e+00
5.110176225021560548e+00
1.994996920660230932e+00
1.363232926184119620e+00
1.798266020030217405e+00
1.813183063566081721e+00
6.113789539524894678e+00
3.678162341076055775e+00
1.771031435358641160e+00
4.942386815297318492e+00
4.122490430895795477e+00
1.851640049718549452e+00
6.881506824009570700e+00
1.887175522810133010e+00
4.783861318391681827e+00
9.818229348393522571e+00
4.052886653812524997e+00
2.544818595030852393e+00
3.985530155264256358e+00
4.679844545894811247e+00
2.847988479567407971e+00
2.797401720483548626e+00
6.388882104271299767e+00
7.208012370269242020e+00
5.802414179820171825e+00
3.287097687722293493e+00
3.830140491335416009e+00
1.590890530297726091e+00
8.249720818285327439e+00
2.630119081869684017e+00
2.319228419444404388e+00
3.860344369326158986e+00
8.302802773772071987e+00
3.263691015806029050e+00
3.037790200189351530e+00
3.157896148502432609e+00
2.647727746016351968e+00
5.544771465354681794e+00
2.456643578760923763e+00
2.556581786997428551e+00
2.966659934164590062e+00
2.321878267682032870e+00
1.765608806789098040e+00
3.228831878648996678e+00
1.375754168033184621e+00
3.739603165646364413e+00
4.483727849121834197e+00
4.221238705983660466e+00
2.477509594913501534e+00
2.960762835314511676e+00
2.144359136412126166e+00
1.212491688622860275e+00
8.107968609088038292e+00
5.385432637762177066e+00
3.460607300931235475e+00
4.576151964708564002e+00
3.864146501599870387e+00
8.463560856271332256e+00
1.625217306438802689e+00
7.729036126704844634e+00
2.552084257744943852e+00
4.873015776824988876e+00
2.227942537571179660e+00
5.245418802377091794e+00
3.577898681112166468e+00
1.899350394579870649e+00
2.058500753965286645e+00
1.248373044136344756e+00
1.580989604002906557e+00
2.273292650920752056e+00
3.607918714687740724e+00
1.998270501661043363e+00
1.825406900625673234e+00
1.330786254857971196e+00
7.668725505852927782e+00
2.130034644060731619e+00
3.081859018487196789e+00
5.802530445105461787e+00
1.611795722221238236e+00
2.928701608864104688e+00
1.229325560074263857e+00
2.112491110171575315e+00
5.059998195032599178e+00
5.397713022759234924e+00
1.992202098685040168e+00
3.899365276019468585e+00
1.869668465267006585e+00
3.693756903978320683e+00
8.697504744973609814e-01
1.736119123938122843e+00
4.981964729251322943e+00
1.824082056118411010e+00
2.447204726255469698e+00
2.023496767995588641e+00
1.112111798587882117e+00
2.056655595087667265e+00
1.476858227294894244e+00
2.596123706369904305e+00
8.959783042669914321e-01
3.019659329463160624e+00
2.208684890990563865e+00
2.341190814926828789e+00
2.888629697442693711e+00
3.377903515521353928e+00
5.306880071674751065e+00
1.836279329242748837e+00
2.857291156377840036e+00
4.210055405111996940e+00
6.975850714353144078e+00
5.395896375122414490e+00
5.747130017314837858e+00
2.134670371031351710e+00
5.418119253780838918e+00
3.607677430811198072e+00
2.823133562680064657e+00
3.258737436259188769e+00
2.304519676401704853e+00
3.026353049528462957e+00
4.713659690713644324e+00
1.971339294353182225e+00
1.378897216885937471e+00
3.965885733215449793e+00
3.668581633800654718e+00
3.762385397879595139e+00
4.097360899135499501e+00
2.965427737802666108e+00
1.621067152943109546e+00
3.619857550334469654e+00
7.077441390888622230e+00
1.937516286879334526e+00
2.187274649328668108e+00
4.965947287011349687e+00
2.334200798982751124e+00
2.196538593064724321e+00
4.263266677930230841e+00
2.498684319234007578e+00
2.746559126052871225e+00
1.257786581815102167e+00
4.485238813699636395e+00
1.663835687415552211e+00
2.192152012089788826e+00
3.444358894859168796e+00
3.849960819841169890e+00
8.780991861963133305e-01
4.596001451445060226e+00
3.846682467383485182e+00
1.463728313615656917e+00
7.364126828537246539e+00
1.982983214076500911e+00
8.444588736726540645e+00
2.307061194865103193e+00
3.841659524150797811e+00
1.624317973899680245e+00
2.926482862390694883e+00
2.608595071738999405e+00
1.291075352960381117e+00
4.290338471192989722e+00
2.716057882002905544e+00
2.143729507132699830e+00
1.869472686170670750e+00
2.514082471475523661e+00
1.884282451914285561e+00
1.770540398927627823e+00
1.963021807372633543e+00
4.044429962846962212e+00
3.926985773261510548e+00
1.886911567772867393e+00
3.625791143997095123e+00
1.517243770424956395e+00
7.997456373576331545e-01
3.986323182551928745e+00
1.051739098117319360e+00
6.594622744161412697e+00
2.414077137461567713e+00
2.697050603295528148e+00
3.263111572801976834e+00
2.684741812357954949e+00
4.049726452493405127e+00
3.672459371903326719e+00
2.839137864459857941e+00
1.057331874191566490e+00
3.490313432888144884e+00
5.352210106456458227e+00
3.692130699507752301e+00
4.033264381932850640e+00
2.299252961167717046e+00
3.947041992565204716e+00
8.226439827604489219e-01
1.276511968364013372e+00
3.411957710386675391e+00
4.004865396717547377e+00
3.694929720678993057e+00
5.437097143164397295e+00
3.483779173921734973e+00
2.590846557337608047e+00
1.422480654444675974e+00
1.355619411831730625e+00
4.608923753366717335e+00
1.307195651677117487e+00
1.358038429003772363e+00
2.567530339265717387e+00
4.852977136690603821e+00
4.354174753616521620e+00
2.142202887080567386e+00
5.479588765511444137e+00
2.063677703085569526e+00
2.840375702866986707e+00
4.634904703779901602e+00
1.932305366467576890e+00
4.405611729237195462e+00
2.498333764553270608e+00
2.057608179610288968e+00
2.479321263371736084e+00
3.685217893068022832e+00
