4.576491854722788410e+00
5.460052382564650308e+00
3.187595993074429757e+00
1.977491429648001064e+00
1.579409186353087025e+00
2.580866730742322090e+00
1.435042859595201614e+00
1.514917222057040824e+00
2.253972115527763442e+00
1.714965839807335746e+00
3.284200573876736584e+00
2.082817014860711247e+00
2.287746587983595425e+00
1.234450554536614009e+00
4.392282724149913165e+00
4.264361415660415489e+00
7.592033023626461041e-01
2.842156966820199138e+00
3.046252660691753711e+00
5.633330786933985479e+00
4.867439419788567534e+00
1.303039728552034981e+00
6.721645226287543684e-01
1.916571686896281435e+00
4.406341909589453820e+00
1.687539712828928451e+00
3.225269724663083259e+00
2.961839667679951216e+00
1.894265119963453925e+00
2.251868518890374204e+00
4.782883819377833134e+00
5.207116513545739345e+00
3.376216943301855178e+00
1.283118809107125058e+00
7.229554262433436351e-01
2.186723306048909077e+00
2.863251343527008608e+00
3.851011717252553979e+00
2.626541894392655951e+00
5.007184045796770455e+00
2.193452922381682324e+00
2.253017756898975765e+00
1.279925674737268704e+00
1.502281414862731035e+00
7.658887622262043893e-01
1.782064556084425933e+00
2.506899301776137623e+00
6.095692438774981348e+00
5.096755130020017788e+00
9.997755866958756288e-01
1.720416435499496188e+00
1.029181005069089938e+00
1.792043532781771420e+00
2.083122794231542230e+00
9.959815931633498209e+00
2.422626957221976962e+00
4.217003491932509895e+00
6.279945025820737214e+00
1.936157740419929274e+00
7.352763800529993787e+00
4.536718242477776109e+00
2.841463120848935375e+00
3.263894121584078878e+00
2.144294844854401028e+00
7.511289060274357610e+00
6.176258097727599150e+00
2.438623859626975587e+00
3.697740923696371418e+00
3.638046240896036232e-01
1.551818874382484115e+00
1.305518881567560463e+00
3.040303943848658541e+00
1.328328268764904863e+01
1.961565467759998294e+00
2.447614066930491994e+00
3.561739336728606986e+00
2.132019447702521830e+00
1.019964760385057545e+01
8.965766103465897530e-01
2.707348423488034062e+00
2.379968224582329039e+00
4.486919977570259732e+00
1.751402923644840293e+00
3.890391063151680040e+00
3.197277700843596637e+00
1.259095039437891916e+00
9.364469573320897133e-01
4.758192128843480972e+00
5.215657537488618267e+00
1.109564414708467117e+00
4.815733147568476369e+00
3.179742974765347174e+00
9.547472617414577201e+00
2.224632324319401278e+00
1.619985912261408423e+00
1.459571387502213602e+00
1.426626814107267105e+00
2.877388715240252637e+00
3.506134213501693964e+00
2.405643315619115263e+00
5.941027443556527565e+00
2.981025336747373355e+00
6.088062991195765328e+00
9.627253279893092097e-01
4.338529358371554956e+00
2.002220608283308501e+00
2.484669734637396488e+00
2.424988925109886395e+00
1.385855627876373841e+00
7.020604445289138074e-01
1.072573440311930248e+00
1.094665755238006355e+00
9.031165619948801293e+00
2.880132742882866470e+00
6.738890778447423457e+00
3.683513725960340324e+00
1.939587543661266178e+00
2.685965047977121767e+00
3.498088932573984344e+00
2.284874268520577179e+00
4.108161871498325901e+00
1.806229697909371934e+00
1.307496346332291282e+00
5.758855396618370648e+00
6.247814410327945822e+00
2.612979363547612177e+00
5.683496252699411500e+00
4.167313362447689684e+00
2.027277331650326531e+00
6.508887183366931506e-01
6.216372690124700284e+00
1.721762147894960737e+00
2.067860707033202239e+00
1.421788680192148435e+00
2.351451752356713332e+00
3.313137098047611584e+00
1.166583001702633515e+00
5.708940235108971306e-01
9.019613530045824668e-01
2.651202299186915745e+00
2.551210210527664835e+00
7.220038664428916064e+00
3.944516542799924697e+00
1.891035705250519117e+00
2.879349071316959829e+00
2.058756563688661778e+00
5.256053196022247853e+00
2.883147534616204322e+00
2.295812881342993883e+00
2.445930929848766588e+00
4.212253805351715563e+00
2.390149887335284440e+00
2.785266116795880986e+00
1.762086430582013641e+00
5.777811829796284826e+00
2.090815211486655389e+00
5.764910672182613993e+00
3.517565696307782375e+00
1.811618015612266541e+00
4.757220585347617714e+00
3.286552287824998864e+00
6.831453571724517282e+00
7.221300811569240530e+00
5.854319522609903181e+00
1.970801327857794050e+00
2.942283396777666482e+00
1.381569714236386126e+01
6.666115375627768014e-01
2.875093458053341156e+00
4.248178091297489800e+00
1.766259147985607125e+00
3.050471813665505572e+00
3.441824029396674867e+00
3.524973922047354602e+00
3.029989165168825771e+00
3.646623966463428124e-01
3.188454898235718593e-01
3.340007853245435143e+00
3.931475758847417623e+00
1.034955351299722714e+00
1.617840732665367653e+00
1.882722472463292274e+00
4.737548230241234393e+00
4.501364410180861420e+00
2.527338668605069394e+00
1.197109180329864575e+00
2.244773095326873857e+00
1.480875283188107794e+00
2.626371432259493766e+00
9.310085599491796371e-01
3.340321951054035399e+00
4.718686357713917090e+00
3.392450664269886396e+00
4.490182926179944189e+00
3.747994206410842910e+00
6.727078137828700122e+00
6.863301407865122217e-01
1.108194870584729763e+00
3.730518841879523428e+00
3.953153916863452189e+00
2.748214975008123062e+00
1.373443226295871789e+00
7.888282304407314705e+00
4.073395999219482810e+00
4.067736545412697247e+00
3.049179656413877559e+00
1.325011740954177286e+00
8.822294696190612351e-01
2.751424872016243750e+00
8.455814417168630026e-01
3.433451118745904473e+00
1.176375711541587599e+00
2.687160811304922792e+00
1.679443099621499513e+00
1.390107750233486428e+00
1.271171790210422037e+00
4.494876149734301052e+00
8.345613544294833153e-01
5.127865220353365672e+00
1.676524803589373835e+00
1.068289647766909845e+01
3.814023469919526121e+00
2.543531889539531576e+00
1.393441743759276097e+00
2.534696810282937918e+00
3.445969938020549073e+00
1.677051795136351275e+00
3.237235260270555415e+00
1.912200764043850754e+00
1.287806381092334806e+00
1.811363205172217494e+00
1.043230588940982528e+00
5.946024047006062574e+00
1.966079406007014141e+00
8.177357276442500655e-01
7.251711317344951446e+00
7.146187307416734136e+00
6.219642501950470859e-01
7.991111628532481248e+00
1.065971349948361180e+01
3.226803147183700204e+00
6.455846198191211860e-01
1.859034873256893317e+00
1.338784285903709348e+00
4.035108935655348783e-01
9.642182458286253643e-01
5.849992986517690952e+00
3.933298220704694259e+00
2.630334129062902981e+00
8.749335089207232130e+00
7.327166303591893914e+00
7.249318742927438386e+00
8.719744407772193284e+00
4.029799051092577855e+00
9.032573174930519366e-01
2.717689028467867196e+00
2.705292191938498458e+00
9.053687700348327372e-01
6.383252821223411866e-01
8.822804028191248982e-01
6.962636799620702810e+00
1.416420178585647172e+00
4.292570797086844858e-01
2.447702824756270434e+00
6.663896147533577619e+00
4.000595187967098454e+00
1.965452543251910988e+00
1.240187127106908260e+00
2.829611262917536507e+00
1.439989149126088774e+00
1.256643373309878964e+00
2.271863943124688756e+00
6.094119943885478285e+00
2.073749075521703844e+00
2.151980122389761885e+00
6.054971955677451945e+00
3.254978457505355305e+00
2.034949098878993556e+00
1.086041877749880147e+00
1.462493370333172393e+00
3.838273175092536071e+00
7.376314355999277206e-01
1.418196931962113716e+01
1.042778432781380937e+00
6.911351941973642887e+00
2.511828604710658830e+00
3.033097616284699427e+00
2.268137654638892275e+00
3.937031656230791654e-01
9.432452065438585720e-01
3.363387746380737120e+00
6.619102607412181705e+00
3.496523606645324911e+00
2.501011740948748674e+00
1.973750596384340472e+00
1.475707702270548038e+00
3.491756556495014596e+00
1.535280296814433898e+00
3.883767402252691792e+00
2.095073848160499796e+00
9.263886182556104743e+00
2.982444515524425022e+00
2.826242664960274098e+00
2.705583831639022829e+00
4.544622844152790275e-01
1.355284796716228257e+00
8.692575283379224693e-01
5.113029439091014261e+00
1.589369151479045783e+00
2.099358943499515018e+00
8.653102339894668260e-01
2.145742770696180912e+00
5.576862002193170298e+00
2.596747821654404209e+00
2.724860710799275054e+00
7.130331417123978888e+00
6.046101676715296414e+00
1.804596874909825566e+00
1.940838426250904580e-01
1.093550858201071341e+00
1.141312046924192636e+00
5.624025885932376845e+00
2.835127427420557567e+00
9.365946791485412204e-01
1.329872396439792270e+00
1.814489187095836176e+00
9.323239273781965819e-01
7.524916476933613652e+00
8.193658146095671446e-01
1.357525183780690314e+00
2.323829047977248319e+00
7.096817346780606162e-01
4.722845096698463863e+00
5.426948382537273297e+00
2.178115581056061067e+00
2.242961857459238928e+00
2.820106878091497293e+00
5.977068862140249017e+00
8.141283745821043638e+00
4.986397693778718221e+00
1.290287857267020000e+00
4.463238397871843510e+00
2.069526379454559972e+00
1.138256926228329968e+00
2.191039906050047392e+00
1.672104784498487984e+00
2.288363635356894576e+00
6.197167555958024154e-01
7.009347967592521655e+00
1.854996205787430741e+00
3.223622181439814938e+00
2.510331367593224172e+00
2.013310609522487304e+00
3.852342166797568801e+00
3.649263461961353538e+00
4.031786887252198248e+00
3.454948686294433635e+00
3.911184576950077485e+00
1.190903343372698764e+00
8.948313248908920103e-01
7.886829399098151949e-01
1.213634557578727957e+00
3.439438714265949937e+00
1.146148698420567547e+00
4.969893810476489371e+00
6.704944466411378201e+00
1.219987582001486492e+00
2.843816061822267205e+00
9.209458033944724065e-01
7.698573954877205860e-01
1.088047797993044519e+00
2.121598211299235981e+00
1.077349628613862009e+01
2.751056007149213833e+00
6.277290824059254426e+00
2.217837428832175828e+00
4.632738692638551647e+00
2.342660212764949179e+00
6.972779003821302224e-01
2.635372875124287084e+00
3.475523878642271303e+00
2.697902435999617765e+00
3.299884129293909396e+00
1.631291708795533424e+00
1.691271998225509554e+00
1.065612052813987276e+01
1.379112961720797337e+00
4.561545125003162227e+00
2.457266835263571814e+00
1.814111615007963918e+00
1.077170870480885334e+00
2.539338898868917394e+00
4.224557527822162761e+00
2.394960744718106049e+00
3.913957172888728131e+00
8.745192760934815679e-01
1.983513158661000197e+00
1.448383432691149331e+00
1.248517390689367446e+01
4.233480318427752742e+00
1.788628754476054850e+00
1.209762005369124704e+00
4.795667440215450883e-01
3.758510302008353232e+00
2.211820966608442518e+00
3.286631350162662724e+00
5.579604859917165705e+00
1.115596984618368426e+00
2.041063757070859186e+00
7.811928203817621874e-01
3.027027728766435555e+00
3.012115982426073924e+00
2.737519040992118402e+00
3.501268853870674658e+00
3.483446442891456662e+00
1.955276950832452565e+00
1.609749901697540064e+00
6.915076112279829879e-01
1.391675985670427274e+00
3.218569777546360200e+00
3.164248555410856589e+00
2.707542355138658152e+00
1.268287728540425041e+00
2.725388581906679875e+00
3.585862345457632827e+00
2.530473418656161044e+00
1.952378508997701934e+00
3.736278079991449008e+00
1.421378594603583290e+00
3.867334956053351647e+00
9.442199218793751569e+00
6.829422010393066067e+00
2.969606814807671746e+00
5.745663522194514705e+00
1.078769985999249670e+00
2.669107201390207074e+00
1.926977197891680316e+00
1.315297042357052471e+00
6.520354374594196090e-01
1.148119683438357086e+01
2.686176754622837670e+00
3.102380276098533951e+00
1.965035084652845265e+00
3.430634004602174159e+00
1.580424218674453041e+00
8.534526849232202395e+00
8.767127359423307897e-01
1.009820198912271039e+01
5.131608167704149182e+00
5.482476183744554810e+00
2.735551335409059259e+00
2.705193582774035654e+00
3.137842006309087495e+00
2.030405504722717325e+01
5.726987458742913262e+00
5.527205755624317263e+00
5.182967876439521504e+00
6.500347123484014666e+00
1.783373491851310444e+00
9.901785908983230522e-01
1.023435044702839214e+01
6.173148087306834952e+00
2.981763661422632161e+00
3.807031037125153450e+00
1.642370797250943149e+00
2.022310314119139196e+00
4.860809445524898464e-01
2.296053194744739123e+00
1.683137864927832794e+01
5.272655082947268035e+00
3.345218943172251436e+00
1.172698974610224765e+00
8.715553209019555325e+00
2.068651694153699427e+00
1.216638734671299460e+00
4.589516455142960361e+00
1.559619542866800046e+00
5.880221974385886341e+00
5.155667707876668615e+00
4.517854408879143358e-01
7.210303742754241796e+00
1.906569853898673284e+00
1.415802252391286320e+00
2.467961698146187377e+00
1.308165530930515352e+00
1.340706279815954360e+00
1.088206367048865175e+01
2.117165749174999778e+00
1.145553517558282053e+00
3.753734155179374810e+00
4.859607634325856296e+00
4.619088623098699942e-01
7.257931232309808856e+00
2.242435012950923845e+00
1.278126243556466424e+00
3.250780310100968684e+00
3.908250589637226824e+00
5.403793793569843018e+00
4.250423976654447600e+00
4.847730309937253068e+00
2.920018044168031679e+00
5.537289128782317604e+00
2.207798870021269177e+00
2.078200699516946415e+00
3.536855232409337635e+00
5.143142890785807886e-01
2.084351690929661327e+00
4.461033951687188859e-01
4.617759118889850356e+00
2.311341753104879437e+00
2.618062042059210004e+00
3.902660893987216717e+00
5.774071894697973661e+00
1.071495931821399950e+01
1.539385110991948524e+00
1.128806259607953555e+00
5.084901470542877444e-01
1.303202666679902588e+00
5.018967081649027273e-01
1.458999416763254509e+01
2.300132206574638349e+00
2.715877997816062095e+00
3.029382516877107800e+00
2.631780893790374609e+00
5.545064968368263791e+00
4.975936878038370814e+00
9.442800741662490394e-01
1.129083225343887165e+00
2.955853084948618203e+00
4.685131587828095689e+00
8.911395943887915339e-01
2.974608270855956693e+00
9.251182887560203127e+00
4.694441418561667412e+00
3.973546532309063739e+00
2.829964401514715178e+00
2.228361487212326519e+00
5.276291901244234417e-01
4.426313370545472026e+00
2.089071745924032886e+00
3.057650109337248345e+00
3.894175255456818974e+00
2.263404957627944025e+00
7.285163037641326333e+00
2.665060360170101728e+00
2.483084353942769162e+00
2.815774306047655884e+00
4.168038995610119812e+00
4.046051730525997314e+00
6.194346910943072437e+00
5.634585407169266924e-01
9.467558102901735273e-01
7.017603453437407657e-01
3.165978161660640389e+00
1.684945734220524072e+00
5.587222834998072152e+00
2.081475622470538411e+00
2.084426638339031523e+00
1.271335043030537459e+00
2.543550226146195747e+00
1.947524083098235215e+00
1.638382329890959443e+00
2.142074039781617145e+00
3.484515225762599755e+00
5.984639802017788668e+00
8.732482595346922949e+00
1.159956070449612753e+01
1.210902961916835885e+00
2.958959388292163872e+00
3.735919559087592212e+00
3.815854190274622582e+00
6.441381269861550685e+00
3.210225915203729130e+00
2.658253360160675260e+00
2.156112451617856252e+00
1.665073155255447857e+00
2.770454202442913072e+00
4.165998892968533873e+00
3.097867381638131690e+00
3.257488031937374906e+00
1.201320096749269428e+00
8.470996882035114472e-01
1.701438094086966446e+00
2.279305448228241993e+00
1.729545292063619399e+00
6.722360154979380553e+00
1.488025760813736165e+00
1.491344933226933067e+00
1.626919105557389722e+00
1.071706488616400943e+00
2.267048857519944338e+00
1.307519951124788360e+00
7.413734787951334226e+00
5.732265608147748992e+00
1.100295347947828350e+00
5.731708175826404350e+00
1.409637163460672937e+01
1.162303116678987003e+00
3.943810827240108896e+00
1.814811068524413207e+00
9.613019682191758619e+00
2.485063154517256123e+00
1.505697199122816521e+00
2.195009885170143615e+00
1.748435851262604590e+00
1.073002085345614454e+01
1.508354729413632800e+00
3.426778419522646058e+00
2.487169764197641353e+00
3.682898310150371834e+00
1.719813483375375762e+00
3.733921196135003395e+00
1.643684884676199776e+00
1.194423215980357833e+00
4.999244320116513762e+00
3.579415994814580948e-01
4.082909342425125487e+00
1.390155407723037140e+00
3.523346018463738183e+00
1.001831226648702389e+00
1.918540429248002610e+00
9.677318712781536547e+00
2.500931434684178889e+00
1.842679806475838333e+01
8.843301553452782571e-01
3.905826060968252467e+00
1.467978164962153054e+00
2.602614597541974550e+00
3.225635455906939342e+00
1.796538590025440030e+00
5.063909143116857692e+00
8.626357077654942529e-01
2.854479672965922088e+00
1.040558250037214982e+01
1.568651967666735869e+00
1.649525068485258261e+00
3.408401719483395098e+00
4.294579682124936681e+00
1.018506678566097357e+01
1.986237692555649303e+00
1.176768760935404279e+00
1.758835264959639266e+00
2.329466047447814159e+00
6.119036249676150785e-01
3.747154997561614298e+00
2.857530710127937468e+00
4.818053222527781010e+00
3.082420957638511538e+00
2.185732142667648592e+00
2.562955059228117172e+00
5.711279045251288267e+00
3.110035668891272476e+00
1.920264252142906525e+00
4.213735267204983259e+00
3.014230440456293625e+00
2.026098644418353967e+00
6.861058081627688487e+00
1.634839819952411899e+00
2.320886882253229810e+00
1.724947811897043159e+00
3.838011074861688243e+00
2.256663396497560647e+00
5.059128343410104200e+00
1.997270452291926679e+00
8.973464178957036852e-01
2.764850473471472281e+00
1.925855667190711218e+00
5.237403650945223532e+00
1.824021934933094391e+00
3.737643657284018261e-01
2.812128694067403067e+00
4.440717035080933073e+00
2.163711387866236180e+00
2.735442861558574190e+00
4.810182682994017966e+00
4.507933122076583032e+00
1.637363758668443969e+00
2.453121438798635978e+00
3.640066158529182139e-01
5.250117237677532245e+00
6.932498642819070467e-01
3.195285567610979705e+00
2.010532281339521443e+00
1.735888596944661089e+01
2.959230536646035858e+00
2.196845038396103789e+00
2.706561513646135175e+00
3.559463482000336132e+00
4.211650005255484608e+00
1.406291659108426684e+00
6.554801544525023616e+00
2.843643280465046885e+00
4.812139288329203346e+00
3.869838798851860773e+00
1.172793916117976387e+01
1.232506520771401437e+00
2.503470914227805544e+00
2.856921395314127921e+00
3.709811347983225538e+00
5.284488846338201817e+00
8.352186806281202136e-01
2.758856186339449401e+00
7.826018210112335005e+00
3.101325807077413010e+00
4.996299973733355770e+00
2.019761884658926032e+00
3.038024252971173844e+00
1.672795969305618247e+00
1.198741006992858571e+00
1.542669150704352399e+00
1.602055444272642681e+00
1.908174088526854550e+00
2.688379322644014913e+00
2.778534792889606919e+00
1.516107732138248565e+00
3.692003262159810006e+00
4.670638640160344579e+00
1.014698976547835807e+00
5.837804044847895391e+00
2.265966580780355955e+00
4.178338362215655799e+00
7.158719792413177352e-01
3.946134887725648355e+00
9.714705633233430282e-01
1.399656983636192953e+00
2.768766405394673669e+00
1.579985139199907795e+00
2.108665636636758212e+00
2.354504241044729884e+00
3.986358076184074672e+00
2.375270961308914242e+00
1.181805714702581778e+00
7.284641310745108456e+00
4.916613007559250903e+00
7.745681538117252796e-01
1.354199388937443516e+00
1.801793422207053741e+00
7.212794282997033735e-01
2.637446027153801387e-01
1.018461736795035710e+00
1.902753399668233536e+00
5.440424975536016561e+00
7.469932206119165308e-01
1.216984733351084369e+00
1.040239148799666724e+00
1.956203535107178038e+00
6.559058710674773529e+00
3.970270401902206814e+00
3.893074489608130406e+00
5.651994059294949579e+00
5.226006696088504100e+00
2.923447994969650132e+00
2.300792441432097934e+00
7.630741923726460652e-01
4.724166405070841179e+00
1.928355865008170689e+00
3.084878977779788922e+00
3.439888480877347998e+00
5.400144442169601433e+00
3.977242734167906413e+00
2.440332833724190742e+00
3.320946650079107165e+00
1.921693090551283900e+00
2.835354652396568920e+00
2.347992208131330027e+00
2.345282590757960417e+00
1.391823159376874841e+00
3.461998685544825261e+00
6.787734206849649787e+00
2.263156083908518745e+00
1.914117881654284758e+00
1.005451147059625239e+00
9.210563381163473506e-01
9.840821410222581056e-01
3.898029472964720910e+00
2.137968695435422894e+00
1.910317694618260953e+00
9.847848407092602230e+00
2.054325350989350429e+00
3.728163391387908643e+00
3.726919464815569238e+00
1.639175374088500892e+00
3.181406201869981132e+00
6.072897208918137224e+00
2.124959764136780116e+00
2.620682869725208697e+00
1.618649623595908249e+00
8.319456578506734701e+00
1.659302930479564564e+00
5.378121907570667659e+00
5.411836362436061032e-01
4.413486776935913625e+00
2.366643238470969468e+00
2.665746254709051577e-01
9.302700302572917135e-01
2.368039021989419624e+00
1.068574635248387139e+00
4.523877282682450485e+00
4.395967182614262114e+00
3.678104819631926592e+00
2.652412431295569473e+00
4.561260888944200786e+00
5.431304258085443148e-01
2.491406855758067973e+00
2.557158246153728776e+00
1.154231688928122779e+00
1.034955068489584518e+00
1.759521005112017367e+00
2.954039092307169767e+00
2.900607612934659407e+00
1.417262151380694890e+00
2.840123612424219957e+00
4.483264888296523587e+00
1.205385429888877091e+00
8.529800262780490305e-01
1.086684947975013138e+00
1.492246341349256600e+00
6.023774061825872828e-01
2.092948436092283426e+00
2.504500795090582876e+00
1.134590677450163954e+00
3.027303001875405020e+00
1.788035835505818127e+00
6.781904771308427948e-01
1.195127334587661183e+00
1.465570668816503774e+00
8.350394504096994019e-01
1.759803601876518186e+00
9.343651193189788096e-01
6.544817576791105651e+00
6.312080095507651700e-01
1.493915911515180772e+00
1.909149024658568505e+00
8.784038441963677446e-01
1.609163355500975667e+00
6.384306829103286951e+00
4.113812261118294344e+00
1.957037598944487700e+00
2.962333187332798268e+00
1.153297269334735908e+01
1.074623094323112227e+01
4.858326844343785922e+00
5.220679681029340102e+00
1.251826830856609840e+00
1.491500108198712482e+01
8.475012440932639946e-01
2.160821638549138779e+00
3.730594878946515092e+00
1.104788272629380508e+00
3.998857154642580181e+00
1.276684457185547794e+00
2.409680129023219486e+00
7.594133520440903951e+00
7.225480919720989048e-01
2.684890173739730823e+00
2.467262142051030338e+00
2.019941743244479948e+00
1.731387559953965649e+00
8.274161326435132136e-01
1.933759033403948946e+00
6.399233728517955688e-01
4.425246761617845692e+00
7.400201856641849041e+00
3.981825033206456421e+00
2.701401469202314942e+00
5.070662828085238161e+00
5.065678726866367221e+00
3.613090948439315664e+00
3.862990591189074063e+00
2.391784270545042279e+00
8.450177752187028046e-01
1.185843158966479960e+00
3.293067772268772675e+00
2.371340905256718923e+00
1.373669923837844475e+00
3.214296818914215148e+00
2.364026663330247580e+00
4.513383012474616152e+00
6.831657591529634033e-01
1.460734342933793561e+00
2.741966213882861769e+00
2.611796641969503785e+00
2.686732184221391151e+00
1.440355136531932922e+00
2.436889787151819142e+00
4.556726274590754855e+00
1.456473372885126460e+00
8.803742842701948179e-01
7.568832725187402133e+00
3.648579555286713738e+00
3.186325895477813752e+00
5.805849313544127810e+00
2.503663798722838507e+00
2.691268373517292645e-01
2.292647113089707922e+00
1.666634909321060398e+00
1.541039671882936002e+00
2.287547999344011096e+00
4.819619724229106117e-01
2.356449549713464098e+00
3.850284722533242387e+00
2.341981144414456928e+00
2.076005529348809997e+00
3.969368306154527737e+00
1.654102990674731766e+00
9.654081989221695581e-01
2.720829769688163147e+00
4.809351819552981411e+00
4.947703497233847614e+00
2.242252356704032223e+00
1.895911148189659112e+00
4.541047193923851921e+00
8.495254133096572513e-01
6.379667822426646762e-01
1.843559857621161813e+00
3.929512503774336807e+00
3.560702992691791913e+00
2.513345013435775765e+00
1.687862905814938141e+00
4.369793040922894667e-01
4.547210859168000496e+00
9.609261875604562242e-01
1.367471089783848015e+01
1.446540871852671994e+00
3.953079070698618525e-01
7.188270576028915393e+00
1.198710255938855385e+00
2.854434892675968172e+00
4.506903165398352229e+00
3.061369910681265072e+00
2.210327078506018061e+00
2.539194667151258855e+00
1.114791180425726447e+00
1.168927630792696570e+00
1.566114275966381086e+00
5.868526748801991211e+00
1.004961396311505384e+00
4.001597875915956948e+00
4.973427839421054486e+00
2.232592680548220798e+00
3.083166020993059142e+00
1.941619454099424047e+00
2.434118407548544916e+00
7.602066035635545171e-01
1.969527132599025787e+00
1.151712421971683886e+00
7.101550196495878264e-01
3.375357499158342378e-01
1.630757927068097635e+00
2.577422902653732972e+00
1.091675270789401297e+00
1.935015000173488486e+00
1.777450957951817179e+00
2.485277729810120295e+00
5.166216067720931449e+00
1.151159855102151397e+01
1.297347785722400948e+00
2.476083355483392534e+00
3.131129375475208754e+00
2.472650114725626125e+00
2.514111643015552122e+00
2.568765366223483504e+00
6.788988798298246641e-01
4.587083142620478338e-01
1.017390397015006887e+00
1.950569383138247570e+00
7.826013328435474925e-01
3.116788073350549304e+00
1.909734225781946737e+00
1.703571415214344853e+00
1.118992489970644044e+00
8.805198985332639339e+00
9.063706648234750585e-01
2.633161226629959550e+00
9.740352830503918868e-01
1.277789844863564284e+00
3.358758591188928833e+00
4.645894006117282871e+00
2.942452544989575980e+00
7.154469537894098119e-01
2.303070908928942728e+00
2.371689710866803580e+00
2.598762595464251035e+00
1.089469822015803224e+00
4.961828701970435462e-01
4.540051102568159358e+00
1.018794979476710605e+00
1.191493304363233197e+00
1.205440258324803393e+00
2.575299424730827624e+00
1.097924025941727111e+00
1.128621496499789156e+00
1.817241458523185749e+00
3.290177372204921569e-01
2.832453478609805675e+00
1.320038718565702318e+00
3.454188291977829284e+00
1.554593248325623289e+00
2.991827753731823858e+00
1.715145507712112716e+00
