2.195490250338805183e+00
3.525988868218919325e+00
2.181162576304469525e+00
1.116379990534001498e+00
1.482980420126534860e+00
1.924721917215135747e+00
2.348918836371031382e+00
1.627161898386540351e+00
3.617496414680263506e+00
3.560127471478644168e+00
1.010092747700244376e+00
5.808391562483686599e+00
2.476632271259570750e+00
3.447427353280072104e+00
2.896960541970280634e+00
1.415305636708920067e+00
3.191805254504797240e+00
2.564320698923083786e+00
2.458039596605169574e+00
3.109748034526879756e+00
9.519304881521899464e-01
1.523695259811129077e+00
4.830976287022078708e+00
2.069162239685720994e+00
1.736408255636451958e+00
2.062664407571864533e+00
6.204313281431595328e+00
1.086843582801363395e+00
8.477063535399647076e-01
2.672019167793504568e+00
1.216118575286269321e+00
1.485468792987652442e+00
1.030916279908216326e+00
1.214026840950079844e+00
2.725542435510061257e+00
3.051605621068384178e+00
3.410655069216986579e+00
1.216243850471689703e+00
1.532588084308813547e+00
1.954299956202834920e+00
4.430052124287845672e+00
2.825642498270825698e+00
3.021505044849268629e+00
1.143654776976482657e+00
1.560775532492890472e+00
3.073157074968231317e+00
2.705018447448789498e+00
4.215144799704695799e+00
1.885617771713398172e+00
1.061040864658086003e+00
7.509208374056629554e-01
8.711903896668531377e-01
1.140552633490485634e+00
1.248451861830185639e+00
1.525849033523797749e+00
5.706472490669098896e-01
6.835756628203061291e-01
2.424994381479018912e+00
8.827076087451050102e-01
3.608438535605143382e+00
1.672429329334597536e+00
2.002991268805145886e+00
2.428508181297821533e+00
8.166977090925184868e-01
1.466744811833957884e+00
2.192777246703259131e+00
1.659344804447172805e+00
2.148849246374239463e+00
1.142244164166621667e+00
1.703672154634044533e+00
2.770994722425034418e+00
4.628079386660629346e+00
6.889797403426876077e-01
3.352369653107706071e+00
1.662998894597005561e+00
4.067336558459271778e+00
1.846846416615248510e+00
1.091914681627745409e+00
1.985810182637628873e+00
7.744121719132046611e-01
1.613558268267836437e+00
2.441649015229251152e+00
2.147699634419663273e+00
3.537408084028193400e+00
3.950006534211736309e+00
6.118053115947732934e+00
2.105057589795889861e+00
6.022001185849038762e+00
1.814350262590733731e+00
5.876457684068812526e+00
3.487789236867315346e+00
6.604367493708567238e-01
4.446510461531168801e+00
2.831392862245670106e+00
2.038367565015818172e+00
3.304016446219530945e+00
4.152460258592097553e+00
1.168983660913285982e+00
3.470651948933930253e+00
7.983060019017277353e-01
4.274013577918879037e+00
3.605628950781039066e+00
2.315839712089960756e+00
9.195772669559159063e-01
2.395752379722374759e+00
3.016292157198333435e+00
3.012804300701826588e+00
3.027960996417244477e+00
2.815249358170675009e+00
2.196578384033077924e+00
2.113536896830702005e+00
2.194452968872754539e+00
3.508139401418580494e+00
1.236405673631899793e+00
6.505660892784846716e+00
1.888711225170338182e+00
1.899846981840362048e+00
5.450135079395590054e+00
3.848966574927234596e+00
2.811702868492123031e+00
1.362336508116569256e+00
1.878810444405220936e+00
2.820453312842106541e+00
1.654771404439612237e+00
3.259801275475718629e+00
1.640229339693406008e+00
1.646063493754261309e+00
1.750587844682682581e+00
1.318486271423112921e+00
2.006482002913591245e+00
1.957557020087322019e+00
1.796658357962805708e+00
6.279497840631725225e+00
2.456214200576404938e+00
3.344262219077039244e+00
1.546708362918612023e+00
3.871427622949789260e+00
1.239352700311155742e+00
2.154836215244851250e+00
2.532893119491979927e+00
1.752739680209743467e+00
3.289755561622961899e+00
1.775585497891754461e+00
2.692737923742832606e+00
1.274283678415192966e+00
1.482281957274966588e+00
4.495408683042422915e+00
1.669817886968144371e+00
1.786127659058333261e+00
2.332075888424365750e+00
1.668524699868113137e+00
1.672714198685479658e+00
4.157341718688649657e+00
2.834207661667485834e+00
2.909068099788783890e+00
2.769477423196073040e+00
2.498198321727837179e+00
3.808899617626515077e+00
2.878723963677633613e+00
7.784730051840859089e-01
1.087156457325633596e+00
2.063110580257233817e+00
2.689761635870965506e+00
2.473066586351905460e+00
2.336143001267698249e+00
2.198319760656965105e+00
1.564983119620670937e+00
6.256953186079484697e-01
9.908024358687619326e+00
1.246845523810995005e+00
6.375016888887113709e+00
6.530447891866167254e+00
2.572592854644325300e+00
9.241925788222150606e-01
7.792770067732822659e-01
1.110398581944993301e+00
1.884887243621814257e+00
2.314700246811502549e+00
2.120519554419369790e+00
4.522773761024887484e+00
2.079560384723784239e+00
4.097906155712366938e-01
2.274953081093229024e+00
1.346702668809380166e+00
1.906264420315565422e+00
1.120751926079292637e+00
1.794461164409356879e+00
1.565399560694834769e+00
7.965479635107455270e-01
2.893352081894079220e+00
6.928369655507282676e-01
2.154845548922667664e+00
1.777757128128331754e+00
9.553107174923663791e+00
2.304699776095563202e+00
3.836676237570358250e+00
5.854319106329000988e+00
2.618407854606121798e+00
6.019303765837314302e+00
1.635103554977216156e+00
1.198944271337891276e+00
1.857171512089759169e+00
2.473707712813160153e+00
2.999648918128012820e+00
2.379177932667757567e+00
9.148318501388995827e+00
3.002083594822770873e+00
2.199677236639348443e+00
1.709735064685414363e+00
4.704234976705176763e+00
2.302031503744932373e+00
1.383181814613397176e+00
1.304059730163625641e+00
4.003610867248294625e+00
1.335884007862456313e+00
1.103692070647731560e+00
2.181401819802489594e+00
2.190906363022244285e+00
5.940970553621507833e+00
1.638869031279134303e+00
1.143346485988412820e+00
1.894996140862421186e+00
1.927449252862314610e+00
1.656346302410494298e+00
2.849271170805067310e+00
2.181205204841139889e+00
1.257993711569452167e+00
6.211354986535753575e+00
1.477740862349179229e+00
2.659422688674324409e+00
2.998030827326295444e+00
5.044251705058288238e+00
2.579422566954642448e+00
5.380087363862228855e+00
5.862117550684057932e+00
6.444014361606777541e+00
4.839694806996215348e+00
5.317307032937069522e+00
1.915204900411973332e+00
3.405647177608009946e-01
2.516650202848935702e+00
1.497122899147594000e+00
2.976020228168574810e+00
1.654234127837508783e+00
2.396765274916857980e+00
5.680096822675642088e+00
1.985081468447793762e+00
1.270997332963048176e+00
1.274088959539984689e+00
2.311656832955715668e+00
2.307104164528147372e+00
9.672699418944954441e-01
2.606742779477531968e+00
9.052407874304561730e+00
2.545975980406437245e+00
1.428864258432035683e+00
2.064149870833452471e+00
4.049232766680240125e+00
2.531704574649007000e+00
4.948274247255814440e-01
1.377849359160467912e+00
3.451840217095888619e+00
1.518230249528778941e+00
9.507143221674789757e-01
2.397271710185078231e+00
3.759970050640991879e+00
2.835621287475713181e+00
2.248897067308484488e+00
9.622782430954383015e-01
3.902658969341167516e+00
4.720867692277293415e+00
1.421446081070647738e+00
2.703706591096225686e+00
1.002067062889159033e+00
1.719918999382878066e+00
4.103096843748820888e+00
3.632189138731948930e+00
3.501605148467075157e+00
4.768400822328125344e+00
5.131453077316121991e+00
1.438464635433686301e+00
4.110543815641015897e+00
2.710796742849420404e+00
6.910764247160650076e-01
5.333572085070561464e+00
2.061944587649064076e+00
5.569197065706713801e+00
5.015453776734888791e+00
3.584381970398891504e+00
1.014180871624504210e+00
4.071116080734197951e+00
1.710484711359196774e+00
3.275258770943310083e+00
1.441570487933274247e+00
1.463343909363073347e+00
7.128946236981064111e-01
2.451886171164628703e+00
2.304702562576311120e+00
9.377428460824482670e+00
3.612070658988613125e+00
3.327689003115412270e+00
4.334457358784895575e+00
1.802467751947223862e+00
5.725112799924419349e+00
2.501666132608979076e+00
1.129878391164697016e+00
1.982505415970304607e+00
2.357896491315870424e+00
3.124783944229768462e+00
5.023097015092040429e+00
1.376408575295547054e+00
2.416847737675620778e+00
3.557241987487321566e+00
2.501250922678211808e+00
4.093929765408559796e+00
5.230709142472496076e+00
2.568518058686995786e+00
1.314436107430143164e+00
1.327318218317719678e+00
5.943189882639274835e+00
3.970807999656456477e+00
5.403438843002879466e+00
2.596271399389418200e+00
3.139959666223760326e+00
2.752620357052884437e+00
3.895522576815147353e+00
1.284261527491348032e+00
2.014726183091311462e+00
6.257822890640873048e+00
1.061157025068520721e+00
4.703260083076850506e+00
1.951242903393794359e+00
2.594797850756436652e+00
4.253194164856087589e+00
3.205478267595489594e+00
4.665672295134041470e+00
1.816228902598202355e+00
2.157004253842518704e+00
1.402305786204239624e+00
1.097454983459812183e+00
2.779062544472602259e+00
9.087996960244633105e-01
3.245641318367034067e+00
1.103626224865679628e+00
3.795844018537964715e+00
2.997377237920205051e+00
3.610167633778870844e+00
1.903708557673574830e+00
9.183563350118119084e-01
8.979777755369549030e-01
3.283702201804545417e+00
3.334313211142002409e+00
4.384956018026491265e+00
1.880212808113199463e+00
1.857400263135162266e+00
2.549713252373381422e+00
2.237133394135049969e+00
5.790453677791203013e+00
1.672576865412672031e+00
1.811163702925631336e+00
8.996978237215506269e+00
1.754579378368772424e+00
6.377133660371649526e+00
3.817832866789094393e+00
6.419035710342317458e+00
1.248264494001614766e+00
6.456069285614326470e-01
1.211807222447145449e+00
1.704497381956890933e+00
1.765515725519474000e+00
4.833428430449094648e+00
5.245143530510185670e+00
2.703747603736190275e+00
1.784689051356041833e+00
2.074281582752761643e+00
1.710044481073929923e+00
4.128053727854186228e+00
6.767062482628863895e-01
1.234963304319601551e+00
3.607922010678052072e+00
5.133662538006476872e+00
8.361275904042565488e-01
2.595200755129964953e+00
1.914684890894706282e+00
4.611365203331236451e+00
8.270243164707066441e+00
3.802229560266105590e+00
1.878065093815255437e+00
9.217771017069116279e-01
9.598781087589283167e-01
2.717232255394911089e+00
4.479009067632697239e+00
5.451253813800395420e+00
1.138477758232808945e+00
2.128538494572879802e+00
3.369403077363938959e+00
2.349519678385969534e+00
1.820274276221242271e+00
4.291934447726528212e+00
9.721475910312424862e-01
3.404471664412223930e+00
1.706941701808939893e+00
1.602001443446524398e+00
1.191150888360173798e+00
1.450976850730032242e+00
1.395495864393234697e+00
8.818142174729304728e+00
5.246741868100691875e+00
5.760352930935316529e+00
5.006535972393431955e+00
1.775422147109781301e+00
3.499983620934570272e+00
8.560729722546703835e-01
3.031044454804342259e+00
2.993351158822171065e+00
9.982405724764337185e-01
1.288915206999704521e+00
2.048160941561453896e+00
1.745432111568882005e+00
9.407771041821337832e-01
6.266753793812446238e-01
2.618140227872582937e+00
2.446592166939994595e+00
3.832936525984136367e+00
1.117641843675104774e+00
7.534116665546574110e-01
3.295250605373634567e+00
2.650433822314696819e+00
2.197733026669665524e+00
5.012074435447529730e+00
3.286012616137174547e+00
2.461168407981519923e+00
5.730428385133615521e+00
1.583364467544302157e+00
2.538825085191106723e+00
2.623715818146397538e+00
3.133739659262786859e+00
2.257494225942460631e+00
1.445164215258322393e+00
2.757550345253090285e+00
1.677437292964105486e+00
1.632249432363438224e+00
3.749124613146932017e+00
2.517492879711271225e+00
2.171160872931665597e+00
2.187541382227779163e+00
3.152752984670220915e+00
3.452627759343437575e+00
2.868360632525646992e+00
3.033946742722514411e+00
2.691502192063273569e+00
9.041244653235215312e-01
1.720289243918135647e+00
5.963821035845406016e+00
4.003341166730382206e+00
5.137202253546239383e+00
4.229848428098079260e+00
1.202697779601854977e+00
2.395908770200901650e+00
8.804555927508761481e-01
2.101226842000570194e+00
1.157091081195104287e+00
2.827313284588037323e+00
9.393906386022000676e-01
1.265481736519967759e+00
1.293766926750296697e+00
5.247007781260428771e+00
3.342981712709006015e+00
2.957067965923999342e+00
3.118904876772758517e+00
2.363123661966169742e+00
3.275606517761385561e+00
2.402248059247125145e+00
1.430310883446840986e+00
2.149967283974231869e+00
3.144660242701694308e+00
1.699521764525112610e+00
1.181927211723936333e+00
1.616473037809236013e+00
4.987738053523274928e+00
1.092230017766072425e+00
3.216379833877014871e+00
6.876776236756373173e+00
2.243279615913282399e+00
2.548903436305596237e+00
1.743302838860553372e+00
2.828604180431449233e+00
2.598159768356791854e+00
4.500242780660759223e+00
4.891443877454085154e+00
2.229290633185689874e+00
5.387693057726606227e+00
4.277130190797495679e+00
4.047121976184568481e+00
5.895566116045444893e+00
3.098418348601714278e+00
1.966365880592820137e+00
2.385986997076805505e+00
1.515311995761424724e+00
1.399109943219429830e+00
1.275629705931157210e+00
1.515565802544207807e+00
1.925178929419986806e+00
2.483163998610068202e+00
1.078906016855571526e+00
9.139421170472397105e-01
1.314909082151185693e+01
5.929071731205693752e+00
2.791889653822449802e+00
3.123143682942049359e+00
2.585866441344617073e+00
1.563783942272958916e+00
2.847238275873463564e+00
4.864423397391365533e+00
1.335430980941022749e+00
6.232473411781696448e+00
5.276940772560263504e+00
1.624259291985480136e+00
1.293062062073539797e+00
3.105584673133181095e+00
6.680759786428634994e-01
2.322691855919755799e+00
1.923531905220498661e+00
2.175707103751495897e+00
1.404206411653484476e+00
2.528763493102325288e+00
3.663547512858820632e+00
1.275389749830004638e+00
3.482196583246377486e+00
2.201071401836390828e-01
3.325812942093984592e+00
3.716608342794994080e+00
4.779418734142265812e+00
1.067071120135433038e+00
3.579543331842127696e+00
3.629685627885340438e+00
1.225100594379033403e+00
2.150755577774817073e+00
2.397754231733552288e+00
9.694982228623721943e-01
4.556008660899670382e+00
1.044586159997928121e+01
5.477691423880777677e+00
2.118694102098432452e+00
2.069796914347597827e+00
1.062822632715860971e+00
3.585256974856978474e+00
1.663140528026479270e+00
3.248457774780004303e+00
3.025836313546811596e+00
2.372515985076931955e+00
2.544786845198729885e+00
4.782353927110950309e+00
1.512522214328479775e+00
4.556696365164897067e+00
1.430630488696525981e+00
1.277688893468009734e+00
5.619273107114048038e+00
1.530761444995660137e+00
2.013321649569979055e+00
1.905469637787597037e+00
1.238229909096910886e+00
9.196551622852055630e+00
3.708209219800002732e-01
2.953396663633461650e+00
2.158463799562001739e+00
2.701259931473560805e+00
2.425155056381975704e+00
4.675867332550336819e+00
1.284488290754640216e+00
2.557489159080869268e+00
3.750424185183354631e+00
2.142235523963253563e+00
2.792391029399904578e+00
1.458565438321491214e+00
3.457204107109154378e+00
5.230937192292844706e+00
1.991058927742096252e+00
1.686231316833011196e+00
1.126606721676839173e+00
2.115709141597896359e+00
5.418949764919823053e+00
3.332967521053177506e+00
2.893346777281740945e+00
1.420297309927884388e+00
1.252141055166175132e+00
2.442931324510591917e+00
1.887774593332427253e+00
1.270609743564515393e+00
1.687351639920024127e+00
6.107518575645486614e+00
1.918211015239828177e+00
2.619483627143320614e+00
1.341051954822046088e+00
1.589530046930339946e+00
2.242612697115375475e+00
2.272726623907120214e+00
1.994635656221839248e+00
3.783381004322384111e+00
2.340612493581956333e+00
3.271857003013393772e+00
2.778016796370659236e+00
3.088059727572424418e+00
2.113363893944594896e+00
2.287625236939502038e+00
5.195813632774960666e+00
4.060607265412594202e+00
8.933062854701206978e-01
3.886319342789330555e-01
1.435376798089385897e+00
1.124894242252974852e+00
2.373643833762941746e+00
1.978342403863920573e+00
1.463170155888896762e+00
1.707681326895552854e+00
4.247727703931243326e+00
5.333002074421223426e+00
1.955031231085041732e+00
5.684242081722606699e+00
1.539797905581047344e+00
5.054376738317411188e+00
4.850139495032825820e+00
1.052195644843905820e+00
1.733779645265488334e+00
2.946254652906803884e+00
3.744464150007024372e+00
1.275491012313948680e+00
2.158516670855426867e+00
1.263266066149567379e+00
1.848129304138622642e+00
9.638389782102579906e-01
2.614910071819468218e+00
5.732910127463552996e+00
1.315795340182330353e+00
2.277007053505672118e+00
1.082653690095774168e+00
3.250640153945959288e+00
2.749354747522663622e+00
1.339887231113609856e+00
2.610798065902741882e+00
1.112862181344749013e+00
8.164806571948219904e-01
3.169052291558952295e+00
1.058088854687413427e+00
2.653412268627685311e+00
1.738890461245309105e+00
5.193985690232495678e+00
2.453092773351743361e+00
3.082083625680365202e+00
1.597830554918450385e+00
4.292863155539864195e+00
2.309409648056628406e+00
1.823033068055602390e+00
3.009902860212186226e+00
1.457182362690385924e+00
8.393196473285288173e-01
2.702362170080410131e+00
2.959348239771093070e+00
1.141433236633258685e+00
2.958774919678636373e+00
9.598324237986098906e-01
6.164457855737068837e-01
1.272722758473728843e+00
3.799648662220910911e+00
3.181287648005401980e+00
1.882599174334239622e+00
3.149598805017136627e+00
3.726950894406773074e+00
4.565247526474389694e+00
9.176667655536465684e-01
3.539378524079381805e+00
1.141126269956421968e+00
6.307644566977401723e-01
1.904829503100831545e+00
3.301449020877187834e+00
8.512620571065649955e-01
3.220319309128828689e+00
2.201182735502166032e+00
1.620701458453249311e+00
3.981320689400893897e+00
2.442358989941893821e+00
1.501721438438826661e+00
1.509220335866905627e+00
1.018950660363160843e+00
1.199984692762526173e+00
3.058440782193543317e+00
1.625125000809442888e+00
1.994643717722392573e+00
2.150050849896055993e+00
2.740214642961869007e+00
1.065380539966978235e+00
1.017884954140795939e+00
2.074708324758697486e+00
1.850447624520557444e+00
2.384096948400579397e+00
3.183992053685584356e+00
6.112026244619110926e+00
4.131587376540191592e+00
1.924559401411294335e+00
4.562367582243517461e+00
2.483933867451382227e+00
1.718048377836529639e+00
2.019187505181926579e+00
9.933644724297669981e-01
3.810408215146765976e+00
1.830608283172657558e+00
2.986878888891272954e+00
1.161106116194580151e+00
1.277907956252586574e+00
1.184837992779601112e+00
1.603633754421532442e+00
2.041128996745664725e+00
8.010307380467811544e-01
4.895852543505459842e+00
1.401973674651229240e+00
2.175255424986782149e+00
7.787327057755023541e-01
9.887359467147560643e-01
1.429819348114217181e+00
8.561695022939747046e-01
2.235932457015835872e+00
2.390726756765633620e+00
2.331529754659568354e+00
6.106786395518025934e+00
5.958856362279433938e+00
2.603546778862830369e+00
1.813701535037306911e+00
7.009316170308879101e+00
2.125035511975736924e+00
3.248008186643879469e+00
1.180448427441351145e+00
1.752894975160094626e+00
2.717152650971437655e+00
2.832979783488238645e+00
3.242079371752346617e+00
1.551918966848818471e+00
2.588639173888719558e+00
2.553345757538350025e+00
6.173603940365092413e+00
3.170654125311387350e+00
2.121199630646144918e+00
3.228788323857022746e+00
1.805731929046737738e+00
6.282164250020619845e-01
3.020464085454736658e+00
3.165574318994115011e+00
2.850724911334856948e+00
1.757250761815771556e+00
7.878154747544471981e+00
1.742681122460800314e+00
2.039505339725770749e+00
4.930116633187568098e+00
2.275261749686768642e+00
2.901907033185282092e+00
3.016282787700152568e+00
1.713466824227641849e+00
2.108920608423001219e+00
2.042449649200787309e+00
2.758405832683701764e+00
1.794709719391031744e+00
2.950942301202602813e+00
6.722265884287441651e+00
2.321146853850569070e+00
3.172003693103115030e+00
3.628199541919268523e+00
2.109317687614565617e+00
7.131985604795548994e+00
4.013203813404229159e+00
2.395563929478858434e+00
2.851765044941086735e+00
1.869252096600825919e+00
1.738026848158998661e+00
2.082982928402651535e+00
1.556264646926170503e+00
1.935830425473035188e+00
1.557133386597272962e+00
2.236146906836720571e+00
2.779180255289710022e+00
1.082629419054444320e+00
4.327064830957734642e+00
2.136148213954215169e+00
2.914815978416496645e+00
2.074701413123865024e+00
7.461009774774973735e+00
2.657562455366344611e+00
2.269260903319588962e+00
4.330241429632677885e+00
4.129225093984507211e+00
3.069946184680945933e+00
1.953558855290296048e+00
1.672392407086150889e+00
7.248182629595981696e-01
1.024832754240701416e+00
1.766401653400348826e+00
2.838899424527994597e+00
1.561282884107487723e+00
3.656123047042727059e+00
7.487288071923705601e-01
3.100640645609886281e+00
3.590894081561457618e+00
4.252668970751217969e+00
1.717431434769570275e+00
2.522587844406040336e+00
5.717354471085934975e+00
3.990333373263457162e+00
3.815832682190829495e+00
1.351417090058412374e+00
2.075930761225351695e+00
1.537515386520472704e+00
9.540173662512333452e-01
3.610496873276072272e+00
2.897664441522650680e+00
1.476941410076666905e+00
3.160736187661699947e+00
4.275856482656969604e+00
3.727910876175302590e+00
1.080633812165238794e+00
1.059524144931654366e+00
1.441818523097656790e+00
3.507369690804278850e+00
3.552198146386924549e+00
2.875858219026305562e+00
3.244434460778500284e+00
2.938092244567810596e+00
2.501690023218162473e+00
3.600171102271018331e+00
2.188201968157947874e+00
2.291240027346501229e+00
1.160166060848122127e+00
2.780176950154845450e+00
1.734027160202803897e+00
3.618751675522097866e+00
5.252013226562721293e+00
7.434584992718493268e+00
1.461895220296362652e+00
1.666135473978964221e+00
2.379527223089507260e+00
2.380822049871694990e+00
5.421339395970928621e+00
1.945363665868421910e+00
2.405118153687366700e+00
1.643569071527339220e+00
2.765920406100621953e+00
1.279079272808541168e+00
2.747109750409506113e+00
2.035177238363477858e+00
2.400315854579506691e+00
2.003038085560628456e+00
1.673292195746600042e+00
2.452649558495441529e+00
3.368505214163720396e+00
3.527491660178761368e+00
1.880372583957273358e+00
1.275845161272932016e+00
6.379933735709193421e+00
7.231948168023147883e-01
1.279993797706694858e+00
1.624106825616759675e+00
1.127678181602968177e+00
2.244454091529302087e+00
2.458446712352990282e+00
2.729532754364583091e+00
1.677523290423341917e+00
2.668240094853093325e+00
2.812953536933936682e+00
1.904996829516706569e+00
3.041266236481264151e+00
1.307400929637548170e+00
2.018166541814513604e+00
1.411085994735169713e+00
2.773736460661806902e+00
2.910491073856653621e+00
2.753499942647054333e+00
1.692469711915715713e+00
1.164418065554873483e+00
2.609217142763995856e+00
1.594416791875920669e+00
2.747197647887891669e+00
4.173106406430434845e+00
1.939060713632086763e+00
4.074885207024239619e+00
2.565400542869183731e+00
2.456200905644830179e+00
7.293408255144400165e-01
2.136855205470079344e+00
3.120764311393236401e+00
5.906558805977133453e+00
2.511500124019280022e+00
3.789949698646244980e-01
1.894383916516716226e+00
5.167832693257744303e+00
1.991001785942889679e+00
2.123880084322804063e+00
2.259831406804127862e+00
3.374366232087962381e+00
1.110592825354844049e+00
2.171453627494387639e+00
3.409781029523631268e+00
1.507735637082054936e+00
2.460771212189500901e+00
2.297485167248676241e+00
3.164284728700240024e+00
1.509632999823744548e+00
1.364290106240253708e+00
2.537870416101218662e+00
1.475737361463599573e+00
6.774210740426991784e+00
4.390557583539142605e+00
1.480505642717908854e+00
1.190737670605189757e+00
1.243519367089163552e+00
5.001637048638620797e-01
1.935156175329869610e+00
2.829156897018441086e+00
3.012425299694107217e+00
9.702629191785758778e-01
1.397856660318223199e+00
2.334427027583497072e+00
9.393190814415861567e-01
4.140229142913081639e-01
6.774164225851189158e+00
1.214871187201683300e+00
3.178426061977262407e+00
2.003859252522103063e+00
2.722627700024960795e+00
1.132810135518171890e+00
3.321371669968025131e+00
2.978091891488038989e+00
4.095983672061268344e+00
1.215550876072246433e+00
3.298488789277848277e+00
2.322254417701104412e+00
4.229635272420376957e+00
2.350698296586471781e+00
1.335970407260907322e+00
1.640109857582667585e+00
2.439607785021697950e+00
1.957922187108883882e+00
4.016630401044167797e+00
2.031737862627354119e+00
1.634980184924975433e+00
2.905918201043579341e+00
1.084838805906082504e+00
9.265047367514694932e-01
2.270470338987737868e+00
3.093522085711287950e+00
1.559646162824637861e+00
2.349722363233220257e+00
2.005233641956826407e+00
1.969168224865093908e+00
2.745942537341020451e+00
1.455281239776786695e+00
2.422606932757633835e+00
2.022750064695221450e+00
2.509916496019870991e+00
1.523980524682435167e+00
1.073533307644300550e+00
1.756950634505598963e+00
4.762315348488260547e+00
2.572407591856411990e+00
9.085043260068708548e+00
2.344835585456474636e+00
3.180579954449639146e+00
1.395430197671635453e+00
1.475329950426597669e+01
1.929458799644963918e+00
1.157115497099111323e+00
1.606155619712873461e+00
2.368099178188457277e+00
9.357154919678251082e-01
1.977135637654145128e+00
4.030385135453021128e+00
1.639226459082226750e+00
2.194005420730591460e+00
3.063433335621578379e+00
3.283154656531403148e+00
3.571658697934467774e+00
3.153377631144453908e+00
9.698449267056208356e-01
4.063591123370487779e+00
2.875724404867985751e+00
1.572022646124083600e+00
3.425872547789985401e+00
1.972554586059258153e+00
2.443795289633402312e+00
3.869043917927258214e+00
4.752234501959886614e+00
1.504604616768059122e+00
3.908862915611821087e+00
1.947656659166054238e+00
1.958124349157908117e+00
2.914077311790135738e+00
1.531059905774263763e+00
2.554716683470081406e+00
2.038854568891713459e+00
1.784301293841875413e+00
2.015701139781981066e+00
1.346754894772276279e+00
2.932575700138542629e+00
2.798488032787621371e+00
