2.771095784780605253e+00
8.207450184718534381e-01
1.689628804408864315e+00
3.287541163837679470e+00
4.779144805212914626e+00
2.215687851107180695e+00
2.379679504872989515e+00
2.164250593905702846e+00
8.207677909760630053e-01
1.991828810444230546e+00
8.820643165678466957e+00
1.492648040014586730e+00
1.822284804696886251e+00
2.192551763534108522e-01
9.824196142754564320e-01
4.941165322919758851e-01
5.312760604996990210e+00
4.108175154551588548e+00
2.098081610622519300e+00
2.161168659719876484e+00
2.612016573382328843e+00
3.238729955947563521e+00
3.119800563562741491e+00
3.816347184445270102e+00
4.559981898830703706e+00
3.257836645546771326e+00
1.798958714775636736e+00
8.366598897111107158e-01
4.870743108667633159e+00
3.773877721908389660e+00
2.647839943743592439e+00
5.816920609059595959e-01
6.845957308172683220e+00
1.389667279396472610e+00
1.182641054307503659e+00
2.295394905095697879e+00
9.624777140698740352e-01
2.503724508253607262e+00
2.808088947885637676e+00
7.598128290530068440e-01
4.770036595562773485e+00
2.338562080200600857e+00
1.683380444151953093e+00
1.207951053315729828e+00
1.812081531217886177e+00
8.183964104689707142e-01
5.870475973903060307e+00
2.345177596440783496e+00
1.934702656593727976e+00
2.826026581911387225e+00
4.424204039054214554e+00
7.808778270912218877e-01
2.894985240758029654e+00
3.184036928992500570e+00
2.824673470451235957e+00
2.705304948950605137e+00
1.089380113793871985e+01
5.684936472283206754e+00
1.671389443786565510e+00
3.466393454464402613e+00
5.771428709928348333e+00
2.282172031125972556e+00
2.023707994380374409e+00
8.356984195811840266e+00
2.649476846608433078e+00
2.336492173673374140e+00
1.564633685525816054e+00
2.089179585208008394e+00
9.265441753137631409e+00
2.562740738530037365e+00
1.505017150962967065e+00
1.556873977830023792e+00
4.168466684151339585e+00
1.736964995789062938e+00
3.282997487917992174e+00
5.288571778021436742e+00
1.402640008013726902e+00
3.435811925131133648e+00
3.497069488426169936e+00
2.801658502667007777e+00
2.860000011924386243e+00
2.719826482360689912e+00
5.751813484202221716e-01
1.408883670411988254e+00
1.859045659119000105e+00
1.928887508309898635e+00
2.477497289776203537e+00
7.120665746589338596e-01
2.880266338431801465e+00
2.005874064786468569e+00
4.168784352228236401e+00
1.051666465093906488e+00
1.532497232914779461e+00
2.430983211322755633e+00
2.193457812760595704e+00
3.547971261482460115e+00
1.961622714382075916e+00
3.602014411422322482e+00
2.221728835638709376e-01
2.762682252085366663e+00
1.595650263403235458e+00
2.805076271589547421e+00
1.300649427615125919e+00
3.245907983459089152e+00
4.565384716563257506e+00
3.721240809908930913e+00
1.096878985117566652e+00
7.825406480393870545e-01
3.069022755087558174e+00
1.104115886446315420e+00
1.120292752563148087e+00
3.986623411262323113e+00
1.594855744663081110e+00
5.195531039461249723e-01
1.453298600689567621e+00
2.259420138786700782e+00
7.267025066341644468e+00
1.147492197136094738e+00
2.622944226700107517e+00
3.452771592729624750e+00
1.203262379292691531e+00
2.591733031612011295e+00
4.492062356881943330e+00
5.523719928044371841e+00
5.584462262262414711e+00
1.477333808257366154e+00
1.512837238224340242e+00
3.611622460857990102e+00
9.674837451799055188e+00
1.430061304349606877e+00
8.580380797317692654e+00
2.458678002338529733e+00
8.178291526142462686e+00
3.639809247641476730e+00
1.078420612011834701e+00
1.377171525738471569e+00
1.163503138872704179e+00
2.702644186747987121e+00
1.794639835848009790e+00
2.786130117737251943e+00
4.442413191269513284e+00
2.361429849883903032e+00
2.149115087954348802e+00
9.334820669161865148e-01
3.281309028020092389e-01
3.040607253302223256e+00
2.404260908328871515e+00
1.062830303798470055e+01
2.649970113704867458e+00
2.823932909215494114e+00
2.500662108537965445e+00
2.527184510127882699e+00
3.054689336536164035e+00
1.417115536797079578e+00
2.797184724219679453e+00
3.585009049258757852e+00
3.385504231932710884e+00
2.296651102192394323e+00
1.528039987242348907e+00
2.941907392985006808e+00
1.067168175556382437e+00
2.003919861576902051e+00
9.870581156787755495e-01
2.964133359705540816e+00
5.039410891320596164e+00
6.564690955642103809e+00
4.980394205004535779e-01
1.045952427379039706e+00
5.547106504589702780e+00
4.301416766559792992e-01
3.482845493077530552e+00
3.243957297700746256e+00
1.755975416395707311e+00
1.472529812513579550e+01
2.816676975198189936e+00
1.166884370473937338e+00
1.894528938108225757e+00
3.762943800053260457e+00
1.556302864250704188e+00
5.224695813456778914e-01
2.792104957353192862e+00
3.125234248784910740e+00
1.094614298570953270e+00
1.602675746405674673e+00
9.213570196020413050e-01
1.425794385895164940e+00
1.845484403517791749e+00
1.545052154555824231e+00
2.280180960233584297e+00
2.021690054528360481e+00
4.169968373614963753e+00
2.571733950037652594e+00
1.253935520879910115e+01
5.036557529023027335e+00
1.824510759138270322e+00
9.313717756754749999e+00
1.134923266366213657e+00
1.172834666279868099e+00
2.642351599509093152e+00
4.219983595043188096e+00
2.007780277491401755e+00
2.031483724966785420e+00
1.658729317739923825e+00
1.101617326322593682e+00
1.335697739433291398e+00
2.509368113974850711e+00
2.240583927476266002e+00
1.433294380654197342e+00
5.147571106728637602e+00
2.925863523689349766e+00
9.486108007150079180e-01
3.455393907579662915e+00
3.150869597009006817e+00
1.005561805040031675e+00
7.359793577564109901e-01
8.254061861106493092e-01
2.649032288360143816e+00
1.188430606218871866e+00
8.374568972390189714e+00
2.942365025935059220e-01
2.886738273562070578e+00
2.474556824776922959e+00
6.798195500958519766e+00
2.186907226560508732e+00
1.199338153306505506e+00
9.832971309211250288e-01
2.330082588104262165e+00
5.108445016760866153e+00
2.070032414020415157e+00
1.779641304795772427e+00
1.547467899607966046e+00
3.248534422501989649e+00
3.317270982997140294e+00
2.849661000302849079e+00
2.881687940390262881e+00
2.419116569813000162e+00
1.367137601609105912e+00
2.724604448640416621e+00
4.880844648257903984e+00
4.804712450976764693e+00
1.308662643790252877e+00
9.098128698477904175e-01
2.899113692063377989e+00
4.229113041824295927e+00
2.715303351440496282e+00
1.064845266629499321e+01
3.305045111627256560e+00
4.116856353427303716e+00
4.075787587857173655e+00
3.975653948953331351e+00
3.196214860201711083e+00
1.297772335105556785e+00
7.847892382552457136e+00
2.486762212142701323e+00
1.148956521944914488e+00
2.504009885046189599e+00
4.601717574490573170e+00
5.604107526055548405e+00
1.114457074387683599e+00
1.746242098140175836e+00
2.604754376562008034e+00
2.698210822580056956e+00
4.277347420337824779e+00
2.098480930732007366e+00
1.726653208478342361e+00
1.903720350525092808e+00
4.332765250423858738e+00
1.999090438965110961e+00
1.049014219018569616e+00
1.799039972281522459e+00
7.139232172145357325e+00
2.535703610000224484e-01
1.937824152157215707e+00
7.922612846233828554e-01
8.709192742457441128e-01
2.592710307701989958e+00
4.408458984342669140e-01
1.404432019831475698e+00
6.220581583322040142e-01
1.377090970541537285e+00
1.383400981347218561e+00
1.530209863098664247e+00
1.904766407027561836e+00
1.033414373851376311e+01
5.668777617921431755e+00
1.718042145782137542e+00
2.069531493869773975e+00
4.286208588342450554e+00
4.333732997786073682e+00
8.431070041409240989e-01
3.828325752641514423e+00
1.643574183521630205e+00
7.070915540473664551e-01
2.553839950878001197e+00
6.135609454570867261e-01
2.730190633560242719e-01
6.711790466491735607e+00
5.998853845917930805e-01
9.531731179133744458e-01
5.320038876570136743e+00
3.582121706744024081e+00
2.174749591599268506e+00
5.148172775781794108e-01
9.440089267293423347e-01
4.911168531713492769e+00
3.587705827295538885e+00
4.009776259536125820e-01
3.045309184620184073e+00
1.779002181124013093e+00
4.930194495176471570e+00
2.631127060977555665e+00
2.380867013255167919e+00
1.391287409846430068e+00
3.874824217562450546e+00
4.157211628888569876e+00
4.196678094798889980e+00
1.068221378105569608e+00
6.107528887458826272e-01
4.069613220664191289e+00
3.183717080952261025e+00
1.113114900877461455e+00
7.649781106133422881e+00
2.193464800970983397e+00
2.932377446521236219e+00
3.679115237202967847e-01
9.924858424958150627e-01
6.464260446487664069e+00
1.045604891511032797e+01
1.199065272879392019e+00
1.661762934418788085e+00
1.013568236476950712e+00
1.568511635979450602e+01
3.230716235124711400e+00
2.505897623557453713e+00
2.498097782135978662e+00
3.465923572457343393e+00
1.237144308086955080e+00
1.037638041949228374e+00
4.591325471774962530e+00
1.245812698329451740e+00
1.118469551087422076e+01
2.952798301315396223e+00
2.039876552966368273e+00
8.334634658521110628e-01
4.876320346840220310e+00
1.469007048974997565e+00
1.025688732031742267e+00
2.127634151480117808e+00
1.289273873888822086e+00
2.721569078425022603e+00
4.787384676347797630e+00
2.932137463901363095e+00
4.930222157962471208e+00
3.367301656810868238e+00
3.540824299989502766e+00
1.152822680993412341e+00
1.041802900520618991e+01
5.772107745226572995e+00
4.348013181167019070e+00
4.401578520975072628e+00
3.397166734733937599e+00
1.002957843849068054e+00
2.847674397422469639e+00
1.358735646418845811e+00
3.808947282382339594e+00
4.431693617454678602e+00
9.156425587664686061e-01
1.044603848424639159e+00
2.943332867931597985e+00
4.623191061789905909e+00
8.440712833156361894e-01
1.319888964438034940e+00
7.726234468023958080e-01
9.007118933317739717e+00
3.267486802957850767e+00
6.340535013041014523e+00
9.193124185242379509e-01
5.122553942147627382e+00
1.523136211536717743e+00
1.841458529407624001e+00
2.988400208520831658e+00
8.008240638028524927e+00
1.085623899249037683e+00
1.572807235906029444e+00
1.445998826014177618e+00
2.680570755166652663e+00
2.285298111023478462e+00
9.768933210490697405e+00
7.908181935111512351e-01
4.830999191373999135e-01
1.310682710159942754e+00
4.789881050972557119e+00
2.880653724544015581e+00
1.021903839064860486e+00
3.984901971394361198e+00
1.657673326880395148e+00
6.378691891186898388e+00
3.962280360889777864e+00
1.465634492915057097e+00
4.998235826776351587e+00
2.088360579025251962e+00
2.294745861289169575e+00
1.027492779495356068e+01
1.466975734775038065e+00
1.976711050385581814e+00
5.866157601131722465e+00
7.053305448517468434e-01
5.268938729081813932e+00
2.049385980561663434e+00
3.377775978426744707e+00
2.459832095521671036e+00
2.882284300881240213e+00
8.638760205344844678e+00
2.046109740292616497e+00
2.951136916595491932e+00
3.895424650022998314e+00
4.321809960449032317e-01
3.860046950097077101e+00
8.033711043790793260e-01
2.673638185085982055e+00
1.620756519220509118e+00
9.788594139439955599e-01
6.614423634098753446e+00
5.562216394204452241e-01
2.812567678650184977e+00
3.694081711016298897e+00
3.187114222584297440e+00
2.653172111197128924e+00
1.148012098891732169e+00
1.624693681220080954e+00
3.003479033834953515e+00
3.084367459216448726e+00
8.511470862662871006e-01
4.484947992048390120e+00
3.234794095681393866e+00
2.488899991485029162e+00
6.149911170639109415e+00
3.400049194897925453e+00
8.538959660420992748e-01
4.568839610976783150e-01
2.558369316491050593e+00
6.939701367122519393e+00
2.830964104136327819e+00
4.124136998675360211e+00
8.093628968774453369e-01
2.728494602317586892e+00
7.300111951310690017e+00
4.127523527716974172e+00
7.962831305214553623e+00
3.963967199607841163e+00
3.716680601457312605e+00
2.486692137353042398e+00
2.078531958246298217e+00
3.702997614123370695e+00
3.029942819923091335e+00
2.876284983538016427e+00
3.319122524109142436e+00
1.574441076425057151e+00
6.808433784657212051e+00
2.357832521559483308e+00
2.189879208289693402e+00
4.010683354260526912e+00
1.024992975791185090e+00
6.641123887856080543e+00
1.201704221313237175e+00
1.698777286079715454e+00
5.214973229126611542e+00
5.579090638507836708e+00
3.758019600849944908e+00
3.004601054319072873e+00
1.956839260103829581e+00
4.040584728730841846e+00
9.943524574493363133e-01
1.792560841771142499e+00
3.581337320596481355e+00
1.012323976369804868e+00
1.182847385142065733e+01
2.832736514947129525e+00
2.495695500629535157e+00
2.978489209695100115e+00
1.005049784648337585e+01
1.096020291115142431e+00
3.472005609801809722e+00
2.510870543095545138e+00
1.298749605350363545e+00
1.360452403625322937e+00
2.033043635393022797e+00
3.533201453430272920e+00
1.350301160822333868e+00
1.373961597916438127e+00
4.468852856990094047e+00
3.769792913661987654e+00
1.399240259848989698e+00
5.835084544844139742e+00
2.221804773314355330e+00
3.042843798727632443e+00
6.163270494874379946e-01
2.342125038544199678e-01
2.844164928821129923e+00
1.794573078226185725e+00
1.155973051857413836e+00
5.117390937075739998e+00
1.605362327801677536e+00
2.741428579101232721e+00
1.926521850820368531e+00
1.282431221057608761e+00
3.431007576000472792e+00
1.654806189275646933e+00
7.035627975255216882e+00
5.470686224874089731e+00
2.346793824192270783e+00
5.693115660307666026e+00
9.079610455708777561e-01
4.465750363104348253e+00
2.034918611910158770e+00
6.552934597648982784e-01
7.426187852116408195e-01
9.425133579374790349e-01
3.281645737100761462e+00
6.617825678949106560e+00
2.693526252155458600e+00
2.184299280433680046e+00
2.373597945356328953e+00
1.048786656850680510e+00
1.069178509067996163e+00
2.651579282016879091e+00
4.668355751879609272e+00
6.099170144844977770e+00
2.738193933405880465e+00
2.450690149566702392e+00
9.171151575040807913e-01
3.435958646983451548e+00
6.323402752527323756e+00
2.562918524552480370e+00
7.744133812652446158e-01
4.855987104192054815e+00
2.082000737744687857e+00
2.318726930428973709e+00
1.594164919995670893e+00
3.562959650192211836e+00
2.479145693958423102e+00
4.214075748087621420e+00
3.162431544389122884e+00
4.462996812858271767e+00
6.534832009888785764e-01
6.670658496487289479e-01
3.022962066265944436e+00
1.343022455390839198e+00
1.811641099647030684e+00
2.890220000961043922e+00
9.678972033878958214e+00
1.535267206719302724e+00
7.156961268797130238e+00
3.642990402859414445e+00
3.028737573483487822e+00
3.722239176607266220e+00
7.512199707540235805e-01
3.126861422457707818e+00
4.188459843019384787e-01
1.956860159181629033e+00
1.436996374006647370e+00
2.961242347304509082e+00
1.276819020596072773e+00
4.704460452534565462e+00
1.707025839122317423e+00
1.307238786677789255e+00
7.392938965335684731e-01
3.937377545076044427e+00
5.009677587127041143e+00
1.217390980323371563e+00
4.897433937942502702e+00
2.759338229864400915e+00
3.761246511938507009e+00
5.919577181363475660e+00
2.900319341434936415e+00
4.095074694079150923e+00
6.417303964254237769e+00
8.771246584324499107e-01
1.223213345996452261e+00
3.586910446773090122e+00
1.918992458966458425e+00
4.667012726095142838e+00
1.947928264384198416e+00
6.870795633058969898e+00
1.080987124165105229e+00
2.080320220966906941e+00
3.283226291794465013e+00
2.907791226786036631e+00
4.872380438271484593e+00
3.805256290436344613e-01
3.255894480016507497e+00
2.574681811825958011e+00
3.082894176394120667e+00
2.543677561848139757e+00
2.044649319850124325e+00
2.081049879530126212e+00
2.939235103017978190e+00
4.272560957494527578e+00
4.092850243021599610e+00
2.767362525319906119e+00
4.447914949931194961e+00
9.780036438955999056e-01
2.862643924812764862e+00
4.356372625927507514e+00
9.970327842384980599e-01
4.131083031197045230e+00
4.620490805470550910e+00
8.379611725018161206e-01
5.879554058359190982e+00
1.956052769948236625e+00
1.288386727686650968e+00
2.424406953123625197e+00
1.035003665205040946e+00
8.582978300064421973e+00
3.109181884636422311e+00
4.940691133952599401e+00
1.752749206045749908e+00
9.342646040137168484e+00
4.380113541247458997e+00
6.795876544034598510e+00
1.316926130802837047e+00
4.654553718443689370e+00
2.470775077735773539e+00
1.484618354657653461e+00
1.894858736089982454e+00
5.996489243581669015e+00
2.560719507184950672e+00
1.874239592130160004e+00
1.242239937842995356e+00
2.466873568739766043e+00
7.529519239488615234e+00
9.118299981145775446e-01
9.133693875309265575e-01
2.823299424535239854e+00
4.358041767008547507e-01
6.556105129914129748e+00
1.560416993923932294e+00
7.919349926631867653e+00
7.253319511154727728e-01
3.861304470938868416e+00
2.736344585708518018e+00
3.052139349242787070e+00
5.757099849438918060e-01
3.664713003296137250e-01
3.215582308528494027e-01
2.912593958123872895e+00
4.785739984050564999e+00
2.155973035858084419e+00
1.983662065488505988e+00
2.175347361552677050e+00
1.957381437943033431e+00
1.415502968218893320e+00
1.933856192060141588e+00
1.568419222413721670e+00
1.564072577889552340e+00
2.541446657701235345e+00
1.204885439381302659e+00
2.678219945675576419e+00
1.926479131770549191e+00
3.598892455579798089e+00
1.502528494070704879e+00
1.588398488215710502e+00
4.321146582487257248e+00
4.664528512805990346e+00
2.314030625771302141e+00
2.061318276772744262e+00
2.688984808484891520e+00
7.672715513799958087e-01
5.758471691911125623e-01
2.030656834055423410e+00
2.536723069521384488e+00
3.741129290855139899e+00
3.404845243832484769e+00
1.063155694951936070e+00
5.106637777705798076e-01
1.535324397926824735e+00
1.925208691520871263e+00
3.434237223445157916e+00
5.835061107261154678e-01
4.244026554702863052e+00
1.329851346673831092e+00
2.026473111127951920e+00
1.026341920837598565e+00
4.013179593109771348e-01
2.023612921409096099e+00
3.164190179736240172e+00
1.797307468561113453e+00
1.140048515733717016e+00
5.047509884153869919e+00
3.429350258463885748e+00
3.975926221225195789e+00
1.722808721681139410e+00
4.697144802547154718e+00
2.220260603144531331e+00
3.949389418352789338e+00
1.996147092797782685e+00
4.109849667056938216e+00
2.337382066129766844e+00
9.949333915254969796e-01
1.283002644058913733e+00
2.575441937908445222e+00
4.636265808137375544e+00
1.832124455301642030e+00
1.514409434080909556e+00
3.618420224667102669e+00
3.065532977693113281e+00
5.415331452335108153e-01
3.988468592475030050e+00
1.836502384367822316e+00
1.518803192382828016e+00
1.462624032826121079e+00
2.219469854434833689e+00
1.567952834839974496e+00
2.336925839521434067e+00
2.653920718509893195e+00
2.436367724234978827e+00
2.085837417622490531e+00
3.960061745304723324e+00
4.089617762350527208e+00
9.563373340690332070e-01
1.836556093946954737e+00
1.349586969145177839e+00
1.709904894507257911e+00
1.833326775632202699e+00
9.172888568774418161e+00
2.550825638314374810e+00
7.850344878049679842e-01
2.206756595392888709e+00
3.420328489170239905e+00
4.861151652641598986e+00
1.212665555063445977e+00
1.865221839292313000e+00
2.364836970982109321e+00
1.867381587556832923e+00
3.662220366924995307e+00
5.756405918585039139e+00
3.305308809502908396e+00
4.159247370667489285e+00
2.256811249538176689e+00
2.522257342255000978e+00
1.397831045903197955e+00
2.444812140358836317e+00
3.524249675497462597e+00
1.811380809948292647e+00
1.672463514842003285e+00
2.570376272169185405e+00
3.606919151173612725e+00
2.586372004880563846e+00
2.617598501999615745e+00
5.484566564053166005e+00
1.705894258671982300e+00
3.740956309634433374e+00
8.320685739164098704e-01
9.587358838311479392e-01
2.039311690287958001e+00
2.200815194811775566e+00
4.298011584139921903e-01
6.666913868986219516e-01
1.429878792381054309e+00
2.389273387576969832e+00
4.523050761114906670e+00
2.478409075184369037e+00
3.711605684401513727e+00
3.868935416678485506e+00
2.122906337170027857e+00
4.221426895122474043e+00
4.403976694954073956e+00
3.313668145832142198e+00
2.358631176141684715e+00
2.838504370137363342e+00
3.976821864013754038e+00
1.428173932289296566e+00
1.119049637501264849e+00
4.930648563216753821e+00
2.031834827395475607e+00
4.359435874710767322e+00
5.706414697718310336e+00
4.239720915179329808e+00
4.279706668359880339e+00
4.693188579183807718e+00
5.964661213076505319e-01
6.049402234111301846e-01
1.025739851303202554e+00
2.193918626328952293e+00
9.198870697582020028e-01
3.719218256677385703e+00
8.482366861006730430e-01
2.041055462568684753e+00
2.823456831817669599e+00
1.004697094858518547e+00
1.715528292820629908e+00
1.226227001721845067e+00
1.709564829811412778e+00
1.876523481543004301e+00
1.275984877942730522e+00
1.407472910146092770e+00
2.238486872554400708e+00
2.752835653405377059e+00
4.680670674085700256e+00
1.471677726686065224e+00
2.344822319665292643e+00
3.669241611835357020e+00
1.368337890620372699e+00
7.210808643706442256e-01
2.851779454495945387e+00
1.795002330658177048e+00
2.368041942413529721e+00
4.151411348726778527e+00
2.759486490374589707e+00
3.364314232154786755e+00
1.679247050882519465e+00
3.323786838465936366e+00
3.181644254567678853e+00
3.288158044705157046e+00
1.549218870784055069e+00
4.685620011807371199e+00
7.737274232460786827e-01
2.623237214479543944e+00
1.162379284774539379e+01
8.482321224118203329e-01
4.298863564122303416e+00
2.975951324466709291e+00
1.413412316828111637e+00
3.989888338517267652e+00
3.614098163645370843e+00
1.699212495425512337e+00
8.850873955343498523e+00
2.127966131810347772e+00
4.276867729621855574e+00
3.764618520987101924e+00
3.705651254029536545e+00
1.502332822124293976e+00
4.353567274693946665e+00
2.763399034908637475e+00
1.338999413469880384e+00
4.495450892182631719e+00
2.254485255222307138e+00
5.610545241822784135e+00
1.035961085327404385e+00
1.054973306859965820e+00
3.882545739435435461e+00
1.842022572437683303e+00
4.918660645891551830e+00
2.260274688416615163e+00
3.544571201159804730e+00
1.859136218677421848e+00
1.089457803380820877e+00
6.415785570246342218e+00
2.545898449301551736e+00
2.682793214051321762e+00
1.120356721030554947e+00
1.851092821023414769e+00
2.775851532101381025e+00
9.760969915428677979e+00
1.645355673053748635e+00
3.770887884227320352e+00
7.963904172654701519e+00
2.817541133784547736e+00
1.306884634817460977e+00
1.709829806076474057e+00
1.038932508859894854e+00
2.337692606265673767e+00
4.686079507369932173e+00
8.210870536460743718e-01
1.065932760409465496e+00
6.278175482330028423e-01
1.325193825531823189e+00
1.855057223423796753e+00
4.930078848188050422e+00
3.939129140949273022e+00
2.111516988439690490e+00
2.303863471307416422e+00
3.646072240019333499e+00
6.579368488776964341e+00
2.958728547330804481e+00
3.197804158726796242e+00
3.006911098393883375e+00
9.320625844355843181e-01
1.427367154403963223e+00
3.516275847563745116e-01
1.950732982629127310e+00
2.109859323665716602e+00
1.175390262376716954e+00
9.075980151672451424e-01
4.055670939382687301e+00
1.364382972064291932e+00
3.492118770475499900e+00
3.908060364343408200e+00
1.747952814820168843e+00
5.928356496417249488e+00
1.894209267765847304e+00
2.521495525923659553e+00
9.846727818196772120e-01
1.616294544255635568e+00
2.543152621895038212e+00
2.345066827438618828e-01
2.512767826066505616e+00
3.816966507097856454e+00
6.407859599772550041e+00
9.795365686714977427e-01
1.921540540995732460e+00
6.919436564872727402e-01
2.428188670959420037e+00
1.444367537481606512e+00
2.343115242390374942e+00
1.880827512413277613e+00
1.766230280799631513e+00
3.067336116007471691e+00
2.267480609191501628e+00
3.752093685794122724e+00
1.028753384366031698e+00
6.242354455959096882e+00
1.164147887331476783e+00
1.761285334469157249e+00
8.135281559173371813e-01
2.263611116503613907e+00
2.118180501578054820e+00
1.492981582068970248e+00
6.325416430980010496e+00
2.353200205255934652e+00
9.829650233588411723e-01
2.971069229159684966e+00
5.752036473404143813e+00
1.393665322335652768e+00
7.565703262225894621e-01
9.209422549821127957e-01
1.476930579513541675e+00
3.735981173528462485e+00
2.439332862220441100e+00
8.943799660055381517e-01
5.983593505176612481e+00
2.003000629815590017e+00
5.744406900418733697e-01
2.888054948177791736e+00
9.157419395993121825e+00
2.354030128224520624e+00
5.867565846119909168e+00
2.032847361227586358e+00
2.070656082711583412e+00
1.483358680431952070e+00
6.860921506513082413e+00
3.892426201198962987e-01
4.630237465533669550e+00
4.367820938291636423e+00
2.295995096936334079e+00
3.347168904607440432e+00
1.440913566462219464e+00
9.347971073306803547e+00
6.167810755735872341e+00
4.154001964708357697e+00
6.279356422429540174e+00
2.374684864595943079e+00
2.236401896059598826e+00
1.201276762782186536e+00
3.029521571759048459e+00
2.786589369956441686e+00
7.558232426425415262e-01
3.650421717763717933e+00
1.979190170121843950e+00
4.945826567976493671e+00
1.647317518410345683e+00
2.631314680744836654e+00
2.071593461257649427e+00
1.790749882500715984e+00
3.070442469201088542e+00
5.250114833992050478e+00
6.600513994144891150e+00
3.652249457785171849e+00
1.804510084634542988e+00
2.621563297300636197e+00
1.098499395814848789e+00
1.253538366137341598e+00
1.658391586824450314e+00
1.260623873271728090e+00
4.028217111215543156e+00
1.246433292519393499e+00
1.292821422868783987e+00
3.883202299256680146e+00
2.017923046005217103e+00
4.128341771953440542e+00
4.842947334705769435e+00
1.151781601685298195e+00
2.884603824363713098e+00
3.201179572453941802e+00
4.551017002736703176e+00
3.546270531466519493e+00
6.350358194067079465e-01
2.101484374596200855e+00
3.664672742924063975e+00
2.419743826574199730e+00
3.010095021179826080e+00
1.822373854318490860e+00
9.472950749364590362e-01
4.320444340639695291e+00
2.822466159828607601e+00
4.915815786265586240e+00
2.254968118945120281e+00
4.757547631701020130e+00
2.351781883858734101e+00
1.814542141494933203e+00
