8.768885271704824902e+00
5.184812920776851186e-01
1.204176561890997199e+01
1.613271416586646723e+01
4.275590336192226282e+00
1.549447719866918982e+00
5.585043850596583148e+00
8.838911502777534679e+00
7.466209062725194912e+00
2.791525747116024547e+01
8.391355921176185007e+01
7.580277381429489196e+02
1.059897714319534678e+01
1.618722905228634090e+02
2.057775299146351813e+02
2.227076708812707651e+01
3.332716314852407269e+00
3.508684019808885335e+00
1.648166377668254938e+02
1.280451973640113650e+01
2.875041083557005095e+01
3.357260991973465281e+01
1.566243758715348156e+00
8.016744086801940172e-01
2.059738765134544902e+00
3.457754273822145841e+00
4.945735139904507349e+01
1.295781105059047711e+01
3.660310186494466489e+00
4.051076313921936900e-01
1.602964359753799073e+01
3.272085272081079577e+00
1.402028900477236162e+00
3.753659454418095009e+00
9.317358981381833161e+00
5.832028236094864981e-01
6.077230534233249770e+00
3.844356344843748730e+01
9.028482618728114195e-01
1.118352361092187497e+00
1.282934922657428345e+01
2.622139271031892349e+01
2.008796632383218927e+00
7.587940561073597223e+01
1.973639359759401080e+00
3.576382916990223038e+00
2.858871182908173658e+00
6.743456443363839092e+00
2.195535624985365253e+00
9.395145226487281320e+01
1.108228750156874831e+00
4.126096270709639668e+01
5.668839766495868737e+00
2.564533419500348543e+01
2.266165356395135433e+01
6.312466900576941597e+00
2.453081204827670092e+01
3.739399618872973008e+00
9.982576267371972278e+01
5.965788335763622108e+00
6.540661173908818959e+00
2.317207852589573847e+01
1.840901470450709709e+01
9.654941302087303612e+00
1.114479712742086681e+00
1.234594155861366360e+01
3.123605655395920166e+01
1.253337023062423938e+01
1.288206901612111288e+01
2.657788388775720878e-01
6.852783691743039363e+00
1.469280427844741554e+00
1.322091528796190074e+00
5.646248219710783722e+00
3.808737907485466394e+02
6.088823397456227582e+00
6.459354018720068424e+00
9.887742120375398258e+01
5.732416520750756028e+00
7.925777223851155462e+00
3.148515079038591846e+00
4.462176867953589010e+01
1.991473127878421234e+00
2.239859182646355862e+01
1.736738550041360962e-01
3.639441723534639461e+00
8.074834143772919504e+01
6.065026932189463871e+00
2.042521322610457446e+02
1.264236625367077371e+00
5.555052523288861721e+01
3.574329873454144746e+01
2.130162687880636341e+01
4.274669399709095430e+00
4.981735165325624770e+00
2.080235831090743392e+00
1.948781144390995534e-01
4.762850509399234156e+00
1.542241467763600404e+01
2.452522520810891393e+00
2.421053685412897671e+00
6.996881213626120655e+01
4.651164435988221157e+01
8.687558082211545019e-01
1.462780664251121152e+02
3.017876579555019134e+01
5.038079660963129536e-01
3.709423642761795747e+01
2.140084081514466163e+01
1.836820952568478660e+01
9.903197263264893468e-01
7.839374829319978311e-02
1.315014047964158772e+00
7.146449886649796079e-01
3.457466117288622076e+00
1.840811492249707726e+01
1.088157768427824967e+00
3.266949726572274226e+00
1.237755977044407416e+02
1.069736724818136864e+01
2.461710876997253195e+01
2.543435341290476881e+00
2.373345018996602107e+00
7.527630737583622889e+00
4.633021914919683404e+00
4.773101784423982252e+01
3.185266365670592847e+01
7.934799151402674511e+01
1.413524593965759379e+01
4.215547310087335831e+01
1.364881181427623176e+02
2.051795423806192886e+01
1.987490080005507753e+00
3.765734029078532075e+01
3.641518797523255468e-01
1.767767307845259372e+00
6.245929835866964375e+00
8.248960173891114467e-01
3.871375358777382480e-01
2.026403639594877504e+01
8.122740680279908076e+01
2.055524447912108243e+01
6.046002923541533391e+01
5.375390957848482287e+01
8.716778643247840019e-01
9.166482505444073503e-01
2.127208994630612438e+01
1.472957631838103465e+00
2.007141969707436857e+01
4.090399641458981050e-01
1.338035026734453181e+00
1.001833900038018896e+02
5.302976128331538348e+02
6.742331510511004922e+01
1.367619828432921025e+01
7.018220394638581183e+01
3.379818859582009782e+00
3.565548141890323208e+00
1.430072756390404098e+00
2.204042812492642334e+00
2.230930833554496928e+01
1.169029918019828784e+01
1.842549042922271241e+01
8.960785914338551095e+00
1.073688823857407044e+02
1.679833417532277053e+02
9.550345082597013757e+00
5.982349655172772174e+00
2.718744576859450923e+00
4.819266454741118366e+00
2.137526898477084458e+01
2.813356654651092636e+00
4.366221845733715554e+02
2.317701852769636872e+01
4.796906827056386646e+01
2.533555923225060980e+01
4.730213141654797226e+00
1.168919100269517344e+02
8.399819904437769935e+00
1.808446519620053650e+01
6.066436026307652440e+00
1.623846813024905522e+00
1.027240036402899959e+00
2.057570853538180700e+01
6.927453727297060659e+00
1.059471831715752046e+02
2.517777712939095913e+00
1.677781642054867461e+02
9.228570821240897004e+00
1.174012582534467342e+01
3.921846930652429819e+01
2.546611195048183163e+01
1.693041260928652258e+00
1.985531662342640224e+00
5.615295355569560165e+00
3.941307560436530188e+00
9.705192360847554600e-02
1.048510595800361784e+02
1.125777541949314298e+01
1.197768200462309380e+02
1.260703020447806466e+01
5.881258775140524975e+00
1.710676643277270728e+02
1.079912092638169554e+02
3.960594659390988426e+01
6.834539340196691626e+00
4.596938161210581519e+00
7.539427778317643325e-01
2.374268412260316552e+01
1.478483003275623560e+02
3.852086374722941020e+00
7.974583312544778479e+00
1.269372427549752658e+01
6.632352588040403285e-01
8.694699788897590764e+00
2.762466796536178393e+01
1.710694092240762743e+01
8.778375016588356061e+01
2.404622144216635782e+00
5.138764252699191092e-03
6.496035367331425903e+01
2.540537748625465397e+01
9.096855673314626634e-01
1.972684919638150181e-01
2.230928451254032296e+01
5.107306221501934473e+00
6.418430655185892419e+01
2.092669041987089429e+01
1.046595572430698340e+01
2.244645767803916314e+01
3.993845650116447388e+01
1.466169044488596285e+02
3.593441791338246105e+01
4.083186950424059347e+01
1.938623297977093074e+01
2.826554968220154507e+00
2.330574389389846068e+00
2.396639761127268731e+00
1.931119570305253319e+01
2.853376037631858986e-01
2.467131578944967529e+01
9.048925654709581989e-01
2.152668811204231645e+02
1.496362078692623143e+01
9.501644244640984338e-01
4.237281176380864878e+01
7.212833137626667224e+00
3.631987153578442040e+00
5.234530442645603898e+01
5.157858678309622746e+01
3.338017148453214986e+02
1.201902858475895641e+01
1.847971445959810239e+02
1.570199790488714831e+00
4.085491761325324234e+01
1.733745949764930216e+01
4.253550708624625476e-01
2.680680311202968014e+00
6.156949020210783274e+00
1.658054613451420067e+01
3.917199186974990588e-01
5.843826363503809240e+00
5.418789709327281656e+01
8.670950424312710680e+00
8.274633086250973157e-01
8.053301228374479592e+00
1.917032632194100472e+02
3.896596582217193827e+01
1.046103449888148873e+01
1.436040167999034445e+00
8.885707351716471081e+00
4.766944615012841950e+02
3.548031099258992516e+00
8.284029648619374298e-01
4.351936870397073776e+00
4.445511546721707674e+00
3.841412722164638893e+01
7.400145042484496116e+00
2.242026449802689925e+01
1.070776338523645776e+01
2.167453687560733755e+00
2.643738566591381733e+00
1.741444586947340056e+00
2.797673601190231896e+00
2.111964954974239639e+00
2.849497464925721602e+01
9.334755213168173249e-01
3.050858485359026484e-01
5.301799487118639576e+00
1.782820368530864119e+00
4.708042223926273806e+00
7.703519612671229311e+01
3.666974200839899822e+01
4.832251405460153393e+01
4.502246585844719817e+00
1.949123458259869679e+01
3.961220158269539215e+00
4.174666446486819282e+00
1.488345061925407942e+00
3.319502832645627510e+00
2.986614785036176833e+00
2.262595657794058468e+01
4.183202031244475094e+00
7.099670966160246399e-01
3.709735407602252177e+00
4.751398788952512220e+00
5.072192132586381241e+00
3.437246551844420628e-01
2.236052756870822167e-01
4.229014459678259286e+00
1.303719915677082675e+01
4.671069936772602738e+00
4.974201793261081583e+00
1.128976546339963605e+01
9.246921434634344905e+01
2.964505135061370478e-01
3.249305374922480496e+02
1.133037719990310563e+02
1.319294399884632485e+00
1.261443520002198859e+01
1.027844268138811135e+00
2.420219603336171232e+01
1.300777140389296349e+01
1.251899885604194740e+00
2.955283771468253384e-01
6.552731574770768930e+01
2.727353266976699331e+01
9.237934657855966236e+00
9.565794054463044205e+00
2.262705488691796774e+00
3.247299788069234694e+00
1.584271006200847864e+01
1.057998734302561239e+01
4.497862792353326000e+01
3.087591577987857328e+00
1.751976045479249233e+00
4.209897762783572972e+00
3.458388925744857261e+02
4.116911145410426798e+00
2.659273801386731861e+01
8.040954445397034078e+00
1.078396372974657780e+01
4.282265629284954400e+01
1.651091532614225921e+00
6.374057411206454304e+00
2.173774418858263502e+00
7.992525730749535207e+00
4.556534808875370146e+01
4.817687469885020835e-01
4.318937948641227820e+01
4.322079674228831436e+00
3.178517001235393380e+00
3.139369747579912939e+01
1.212170837004787671e+01
1.687618227884411626e+00
1.734630586254648776e-01
1.610511013177236350e+01
2.339942534842128552e+01
7.525038912951090708e+01
8.545590699191734529e+00
5.005739545569262816e+01
5.232034705765304494e+00
1.600558248809270623e+01
2.654564477062768191e+01
3.810458848383762587e-01
6.538073041322999757e+01
4.725968796367323588e-01
4.469167144072791586e+00
5.621550519570295279e-01
5.784607497836669943e+00
5.156018559108064281e-01
9.707198869742306169e-03
4.350995287719338300e+00
2.235841663466160156e+01
7.613759428905052573e+01
3.226789354714624802e-01
1.128730294017370397e+03
1.496893473779796011e+02
8.137725261118852416e+00
1.541315277218899382e+01
6.284625056139319099e+01
4.017332084996937169e+00
1.625738134172173659e+02
6.905261896626299079e-01
5.386539510972106370e+01
2.865252388108261528e+01
3.182974748437893453e+01
6.694850236935487864e+00
5.342032246886161406e-01
8.071683282035424511e-01
1.353900137199447906e+00
1.625445501096065470e+01
7.369380114035618823e-02
5.958663088650139272e+00
2.481578696658942818e+01
2.324911979664907147e+00
3.547656293002952452e+02
9.223957683125824092e-01
4.042915959483741162e+00
1.866953809662662422e+01
2.097378548554546995e+01
5.091311699704061944e+00
4.042022905614529549e+01
5.582028555658870239e+00
1.343689677501629909e+01
7.105917704831060888e+00
2.924393680262431872e+01
3.478874874135128525e+00
2.741605222821191035e+01
9.062005442518854537e+00
6.371073169640249034e+01
1.300013632378210460e+01
9.323274180605771733e+00
8.721139720353070857e+01
8.433276713948141268e-01
9.474593998833615860e-01
5.412964467944656466e-01
7.405943394610032371e+00
1.968050437800067698e+01
5.804385406804457581e+00
5.607030202165942967e+01
2.324258806376067099e+01
1.133248374796207214e+00
2.810813078799727549e+01
4.752697683242969262e+00
1.773479945464902130e+01
7.423304640862531834e+00
5.954279571144365946e+01
4.532337516043884307e+01
8.368582782881372140e+00
4.024633847637085760e-01
8.676452033100764538e+01
5.083591176472072037e-01
2.066729253915759568e+00
7.039000324394329766e+00
1.111459425220029607e+00
2.051719827115058337e+01
4.520467785474203026e+01
5.057795037237132973e+00
5.706872008180599209e+01
9.979055041387788760e-01
6.741281248675350923e+01
4.772122074015442972e-01
2.050209039544093059e+01
1.806767794691300111e+00
1.215626522117157435e+02
3.565752028313812882e+00
3.583743449809345449e+00
6.305332902996672040e-01
2.202510802374495569e+01
7.282985235296897564e+00
1.264523885051320962e+00
1.363182358431083685e+01
3.845292375783116778e+00
4.620532666933655719e+01
1.899044554505263349e+01
5.348378925570672493e+01
3.143312739963022295e+00
4.243648586398813372e+00
2.436778178206981060e+00
6.289650357673158831e-01
3.645755961585011846e+02
6.727207358165291851e+01
1.300573184500843915e+00
2.305388623221751310e+00
2.219070515050062031e+00
2.884684295875916682e+00
1.801604939893768353e+00
4.819728562111574632e+01
1.145456477998540024e+01
1.897289696562257211e+00
2.254537828414490264e+01
3.859086013157970729e+00
1.203301968218530860e+00
6.869868943211230317e+01
2.697745638255740275e+01
2.078658836358655435e+02
1.472807053149046396e+03
2.854460075287785337e+00
6.482966444452701182e+01
2.151242100098520993e+01
2.087241125020183219e+01
8.286224112063476355e+01
3.462665401372345997e+01
2.939604620119834166e+01
8.248520470924979309e-01
3.433487574383466523e+01
7.787018364244597812e-01
3.525438606119350116e+00
1.373805164933093437e+01
6.419578972524520921e+00
1.590370094885468077e+01
6.590915154570660128e+00
2.591950966886301000e+00
2.558587700907094753e+00
2.436823391315341780e+01
1.800345302681252146e+00
1.170095410803631220e+00
8.470048705224078045e-01
2.790287643817395136e+00
