1.286372881428444082e+01
6.411315549859450513e+00
2.689263217035258613e+00
4.299087170889169585e+00
4.516313469208757425e+00
4.283629444568468614e+00
1.593636554144084894e+00
8.416690884238178683e+00
2.197003364771523692e+00
2.096654264752778385e+00
4.535732882678578548e+00
2.875825251917627057e+00
5.008103201883931099e+00
2.835313747147224728e+00
6.246084295987004431e+00
2.451397385620988079e+00
7.268074859740846883e+00
8.703609016801299170e-01
6.013138754660602103e+00
2.817841354847409718e+00
3.269072862242725641e+00
4.015927134456498848e+00
2.805445541248332564e+00
7.588746039267299182e+00
2.850283264613449496e+00
2.484835235303076928e+00
4.397240469431564769e+00
5.256657432636824723e+00
9.104382806987233456e-01
1.428355377120168912e+00
2.019277111147222303e+00
2.189259758654757082e+00
1.872911062911936986e+00
2.433642172079517607e+00
1.442904081820503004e+00
7.017973280940041469e+00
5.008172253456613099e+00
1.708242918762294282e+00
1.595308021344825189e+00
2.760827403817911030e+00
2.119501710085755608e+00
1.264119702782887655e+00
5.167419918870458595e+00
1.164159298448078417e+00
7.754169651151299192e+00
7.229006204263133561e+00
3.108401027294280805e+00
4.496790958940550809e+00
1.157417714038728818e+01
1.702357110324193012e+00
2.615389557532380671e+00
3.247994070139581524e+00
4.291140268056580886e+00
4.077266936552009113e+00
8.145766570621812974e+00
1.927503004118946484e+00
5.769566198464302076e-01
4.169691060182854514e+00
3.930850192085744155e+00
1.116819318937590921e+01
2.678162898967404892e+00
1.979805865281385024e+00
3.751842596927087214e+00
2.021854209164667626e+00
3.604109291475280141e+00
4.517746019618128273e+00
1.317773659095173411e+00
5.274164739144551639e+00
9.215313348490177248e+00
4.193277393184233759e+00
1.916658030952210723e+01
1.647757398208506086e+00
4.891775378377706041e+00
1.888777297098281682e+00
5.153930125610015622e+00
1.159602962914997315e+00
7.237800993970484598e+00
2.303734549267048237e+00
8.693235176975150580e+00
9.064576378844149573e+00
1.678560709343806634e+00
4.077977999446900093e+00
2.214629339973817501e+00
3.379467038476854590e+00
1.083811802264281710e+01
2.257360303881817298e+00
7.267129935441823285e+00
2.922616780082334387e+00
5.028875081483878517e+00
1.762058424123998268e+00
5.315314695809293610e+00
8.697531985222892725e-01
1.744426693638273074e+00
7.122400115610000526e+00
6.997106874829269074e+00
1.245502583691825205e+00
4.194986693719356730e+00
4.521154284749366425e+00
8.897583098778850896e+00
5.450546195838607666e+00
5.802618871618682839e+00
9.990798348883733748e-01
1.147000588688704070e+01
2.545541251835278462e+00
6.883489334017758310e+00
1.596777686789647266e+00
2.411528640747964136e+00
1.542048288389326061e+01
2.575105128680997169e+00
7.257385294856564251e+00
2.859994595930932082e+00
8.462223944391276120e+00
1.211953809236675061e+00
7.276686274068056903e+00
5.446965689590166804e+00
7.785497811413469194e+00
2.709939915034651925e+00
1.094576557580342779e+00
6.434127339251086042e+00
2.631242699775296678e+00
9.100751130811980616e+00
7.731159093411533512e+00
4.499512239166435279e+00
7.088546726742785964e+00
8.785450086782052637e+00
4.379675842088314397e+00
1.319904624430517703e+00
5.978127608119587322e+00
4.983144998300153894e+00
3.529025057988437020e+00
3.017101904823228598e+00
1.569242249060434080e+00
3.794220202559438260e+00
2.973433466375182466e+00
1.547870621704788618e+00
1.858069952457060747e+00
2.883523669410237744e+00
4.823266073926792075e+00
3.681611644476037171e+00
9.852032055501769303e-01
6.058248657674279336e+00
3.973178453491588158e+00
3.784522965295275210e+00
1.375507475639428767e+00
2.437815256114035822e+00
5.257874953146234986e+00
2.219919713880582890e+01
5.914692109373945073e+00
7.011420585149347851e+00
1.765393884657145973e+00
1.518542401350947735e+01
2.741535102609305774e+00
5.413766111848521412e+00
3.038163395717718096e+00
5.892593708714676914e+00
3.292999487926518754e+00
3.116168934636404764e+00
7.556019761221865139e+00
1.898225880301990687e+00
6.905708472032292100e+00
8.810515201740900526e-01
1.785551407991329143e+01
3.623308647748826772e+00
2.147785068993685709e+00
4.726201970291674215e+00
1.540610061689045729e+01
4.658203855264178017e+00
3.970874441385878750e+00
9.394949418377160910e+00
3.548876417851903664e+00
5.247809484261003021e+00
1.147194302964384960e+01
7.063641651593605353e+00
3.173034984651637025e+00
3.957870497367907525e+00
7.449764466666892737e+00
5.445746977852300219e+00
3.544027588987013200e+00
3.623140562411404364e+00
5.635932111346892093e+00
4.142407145946359392e+00
1.504905375297425962e+00
1.334859116852110894e+01
1.473593833857369084e+00
4.339748223431412200e+00
1.467504780207745663e+00
1.802134622021758670e+00
6.293134078361492634e+00
6.637205543596819801e+00
4.829102886698004582e+00
7.127359429811377822e+00
8.479507263359717939e+00
2.298416570462987529e+00
1.596506103008362487e+00
1.343827796663986218e+00
5.538805917869838780e+00
7.825617655396731820e+00
4.378973128462806841e+00
1.542197835773429615e+00
5.557757376537590055e+00
1.503166338088007592e+00
2.642424365720064561e+00
1.523585113939709634e+00
2.114640901340652857e+00
4.701463772636365945e+00
4.247103314033324750e+00
2.159054699300846369e+00
2.291403426403149091e+00
1.202221736663972429e+01
4.212075635202246815e+00
2.195993520304766022e+00
2.164630695310783004e+00
2.423713793171949238e+00
3.715360927681959247e+00
5.729085901428740968e+00
5.449603897088079130e+00
1.612928397889478838e+00
3.825718596460163212e+00
1.829579597609506836e+00
4.262093172409794128e+00
5.327723146464936832e+00
1.579964270733053233e+01
1.589300571631926395e+00
6.936762838601775449e+00
4.361548994341908347e+00
1.218538933192783169e+00
1.044490551897403252e+00
1.743026760769750494e+00
1.096009279941282610e+00
2.494317412433053160e+00
6.576933430037353645e+00
3.044306479799207210e+00
5.211639688609969845e+00
1.770584844834147020e+00
1.874145895407108853e+00
2.341379732582067774e+00
4.048667894594514038e+00
1.185923597417484210e+01
3.169985757286971406e+00
1.284317699170408611e+00
1.523534558239696857e+00
2.355073008363993914e+00
8.690194066745309698e+00
5.352276349378835896e+00
1.825672669011433991e+00
8.201605351784836406e-01
1.123305666316830198e+01
2.612511279564364131e+00
7.238248530547268800e+00
3.058425733026838067e+00
3.352830118438278273e+00
3.540463799862724859e+00
5.172591490422894900e+00
3.929851318167718155e+00
7.980798248885621504e+00
2.265125392477552069e+00
5.744246432641502143e-01
1.065276313689651033e+01
5.173458547384560013e+00
1.255697675673506986e+00
4.925302208429294559e+00
1.773975333624373540e+00
1.892312390231663954e+01
4.256280446096680770e+00
5.738680700773447718e+00
4.180138202278995685e+00
4.149710205251747830e+00
4.438348472400750033e+00
4.970532255843118641e+00
1.009771305444719935e+01
3.035867996581076422e+00
1.018958255410184677e+01
2.289454088564926160e+00
1.557916279544708127e+00
4.112232207351154578e+00
2.815379131226960041e+00
2.651973204024844932e+00
5.089599463866731455e+00
1.404472171657445756e+01
9.920110510819906580e+00
8.372518239901170389e+00
2.327348366215454156e+00
5.006145194775632135e+00
2.574978261207098384e+00
5.250388650120114242e+00
2.926206099294477614e+00
5.058310792387171517e+00
3.175649803348997047e+00
4.616992819004945403e+00
2.688042043762686628e+00
7.504161816649227212e+00
5.097621198343385451e+00
4.364152463683153016e+00
5.858997810973555431e+00
1.570896683441623054e+01
1.817569200627438519e+01
1.163115397616113045e+00
1.769126598666077133e+00
6.481124494485562160e+00
4.225675820542821093e+00
8.230351653818537727e+00
7.231197868627353031e+00
4.904073752951648935e+00
2.424975853156968952e+00
1.277160186693937716e+00
1.071581651700768578e+00
1.478350940318139184e+00
2.047138855261994017e+00
3.763930529595442387e+00
6.048103249582749363e+00
2.387291618534047366e+00
3.309166851049972990e+00
4.652167853930393449e+00
4.063931908615360022e+00
2.022564233684264412e+00
2.096216713614829974e+00
5.761363004954043632e+00
6.211916985492569765e+00
1.898946854130643125e+00
3.370587184540392300e+00
6.526679728518470114e+00
3.823035119062681009e+00
3.668448013451556911e+00
2.328022627632368557e+00
8.033877272062063923e+00
2.852713574206974467e+00
4.989684692110626152e+00
2.775892609121477950e+00
5.478907875692961227e+00
3.731133950256973808e+00
3.815408259124435819e+00
2.771708637290970501e+00
8.543753309163676590e+00
6.124079990452559130e+00
1.272571992313296541e+00
1.167195327008717776e+01
3.665200735974718960e+00
1.988544664595357503e+00
2.836579066686971462e+00
3.819115362673536129e+00
1.132638151232706836e+00
7.782398132205300634e+00
2.342369363787498493e+00
3.693987159552558186e+00
2.581165024575358125e+00
3.798030354084606763e+00
2.715680127552795309e+00
3.815380752041805934e+00
3.746602379849654607e+00
2.951854112127023644e+00
1.989669279935650570e+00
2.919225087456471357e+00
7.422053993174588804e+00
6.995395607129738735e+00
4.892227372291520382e+00
2.212249405965831528e+00
2.521356086971831001e+00
9.303913936073804791e+00
2.186012283716743276e+00
5.829325946353424825e+00
4.939232008323394041e+00
7.578700218150517642e+00
5.120455594764504959e+00
1.457424797399051064e+00
4.531575537564298095e+00
3.172107944164213045e+00
2.586288819826199070e+00
2.971093658489853517e+00
1.994694391768928599e+00
1.301457698358767878e+01
3.609856478133555591e+00
2.967978726956014945e+00
1.004393645056398121e+01
2.948723956338816343e+00
1.562542365096309727e+00
1.838120011240023111e+00
4.389529682457311566e+00
2.947714048455307712e+00
5.619572624967251961e+00
1.238426466748021149e+00
3.240917652135215654e+00
1.904121876322882878e+00
1.572022383444712235e+00
9.178607545431399117e+00
3.993361474080580731e+00
3.921293097077672929e+00
3.382354773280049187e+00
2.359943065513097071e+00
4.247442944420761535e+00
2.717602298636436764e+00
8.533033079130477816e+00
5.758681279085886118e+00
3.339233331794145165e+00
1.503366219231808465e+00
7.748332210133440867e+00
1.497359256660980797e+00
1.027623641668013832e+01
2.102596620730897925e+00
1.639295977954163153e+00
3.589921866053209953e+00
3.212369035995547684e+00
5.388847815800224872e+00
2.073904353740572581e+00
2.705405246307242439e+00
4.292338713674687334e+00
2.261534965869000935e+00
5.114925017542148566e+00
4.836315707951829523e+00
2.607925767029851905e+00
1.253381879534972754e+01
8.244822343288823463e-01
3.226822221039115757e+00
1.527410940274156248e+00
9.737747095269192243e+00
4.577352022455163372e+00
1.831358388180191810e+00
4.335975343357268308e+00
1.327090612557689120e+00
1.038423636172398634e+00
4.258236411917774689e+00
4.379695540279547217e+00
2.108801728751119597e+00
1.253161768320554481e+00
4.812126994094420240e+00
2.619891785196167611e+00
7.007126317798121562e+00
2.022559063189735440e+00
5.544920699336662651e+00
1.125011992040591213e+00
1.846361487376455557e+00
1.283934006986565457e+00
4.882034528092534131e+00
1.558650367142580651e+00
2.806500902088981064e+00
3.505441904118284047e+00
5.469370118333882758e+00
4.875242082633115537e+00
4.914672121475074817e+00
6.758970025358166822e+00
2.174669984046796678e+00
3.678646129580315893e+00
1.464484655087800746e+01
1.168177473866310878e+00
3.292359891334101007e+00
1.108902301338429375e+00
5.878761849277043261e+00
1.839216092277021986e+00
1.001251032555644827e+01
9.433532152693715034e+00
1.033648175213347509e+00
3.491608730021946272e+00
5.187350406572453387e+00
1.572870223952842039e+00
3.193187768536652538e+00
3.979498059651332298e+00
6.976143072686914470e-01
1.491591566049653039e+00
9.855926133699612901e-01
1.919867825215064716e+00
3.472536717599107536e+00
1.861374642250082756e+00
2.648504252860815367e+00
2.637826580165943735e+00
2.721768072136206307e+00
3.207236614952169607e+00
5.156389060977437211e+00
2.738516932140862892e+00
1.511691271583922802e+00
3.271661330789711997e+00
4.777141387880577739e+00
3.886527028125379424e+00
5.336772320159512972e+00
3.534609774603936660e+00
8.734572175828251517e+00
4.220884325248739799e+00
3.313956107488199798e+00
1.813224817510161291e+00
4.095857839477278439e+00
1.787105806751981163e+00
6.685153487756666735e+00
3.592881694029357309e+00
2.031819514340527988e+00
3.059905579098334272e+00
2.431594712845227324e+00
4.552428173614764262e+00
3.241083664453149105e+00
5.922129723440651361e+00
7.775498785281151903e+00
8.956222366530170120e+00
2.553239876828764743e+00
4.881592021144609106e+00
6.594125163974460690e+00
3.693879701903131973e+00
7.368994271000547158e+00
1.986605226530480994e+00
1.018912491151437560e+00
3.948314518442421761e+00
4.870975103369310943e+00
6.974688597543936552e+00
8.071990275850438934e+00
3.744729318357983061e+00
1.152027613695279396e+00
6.534305311927695925e+00
3.255628331562037570e+00
1.574050689003902548e+00
6.999238858690560505e+00
1.167900904172053345e+01
1.236134026351105586e+00
1.005337178278349697e+01
2.843096527985937705e+00
5.984222232376996686e+00
4.105395023063769244e+00
1.574399364999632178e+00
5.686970351879537589e+00
2.959114420020640956e+00
4.386699147532583609e+00
1.688483058817935145e+00
1.915970696117619720e+00
3.288943552944668003e+00
4.357745518105574867e+00
1.648567950138007054e+00
4.134271609258457048e+00
5.596812729620207705e+00
2.929040468136293818e+00
5.365884350400587977e+00
5.674655669618850595e+00
8.624302697226891024e-01
1.256419467028315307e+00
2.447783448922989713e+00
8.102980844838173269e+00
7.356540556567034095e+00
4.025168532095641183e+00
3.804247220360378989e+00
2.996960628482375544e+00
4.018078187002542379e+00
2.143795494380605859e+01
7.869836067797043810e+00
2.442076574908194964e+00
8.220120928046211972e+00
9.422100277493838938e-01
2.634888227472391264e+00
3.745215934803597158e+00
1.289708472430676212e+00
8.289907535374027248e+00
2.230039671964827264e+01
5.604438938839626516e+00
2.024840292937722275e+00
1.432505265517636683e+00
2.092807908866587852e+00
3.048101882527842754e+00
4.200272712522112428e+00
1.082262643056716156e+00
3.529485051266327389e+00
3.569862676959749237e+00
2.128673965221688391e+00
2.281217692109382966e+00
3.759193009788039497e+00
5.458645095046369633e+00
3.316083306561749211e+00
2.274572299346041326e+00
4.901592391502768820e+00
1.737929543260423815e+00
1.570771883065261276e+00
1.328550262575493468e+00
6.039517959040619388e+00
2.259607586228367992e+00
1.412797459299436298e+01
1.975496770928407919e+00
2.544613715818467625e+00
4.668380498935174039e+00
2.079318749533091815e+00
2.896253685310147041e+00
7.144715535209961388e+00
6.165519919086298373e+00
5.045857095406708126e+00
5.924415078196675566e+00
5.735573347052724813e+00
3.959117114568580842e+00
1.336628166345764424e+00
1.586712896296463171e+00
2.055559737866009318e+00
3.975168991380906736e+00
1.898052733056410757e+00
6.419412326480436803e+00
6.444991061121284837e+00
6.893629311638694190e+00
7.900298004899074300e+00
5.602068103558872636e+00
1.388512500958848594e+00
1.077649061922292439e+01
2.873303612943217900e+00
2.878047361305599683e+00
5.861444250095460440e+00
2.125792639084176372e+00
4.430274064028568937e+00
3.368164636787521982e+00
8.428133322728070809e+00
1.019974625376401356e+01
4.881347031459789321e+00
3.554057427807868041e+00
1.822578369493444539e+00
2.679284555818254088e+00
2.267231190686053832e+00
3.247233701834685515e+00
3.306902794650360633e+00
8.754409174292863582e+00
8.630046596510949186e+00
2.052186085469859922e+00
1.238712225665230093e+01
7.439483095994014583e+00
2.542530748258522877e+00
4.741324570110318604e+00
1.524979790254934464e+00
2.666002070619922115e+00
2.257380397190584809e+00
4.167616999368926045e+00
9.964138277471802363e-01
4.982523931861914335e+00
6.250332809295196412e+00
2.642446003100191287e+00
1.646547473694320374e+01
1.775552311193306698e+00
7.224988342956466525e+00
1.407717084521635353e+00
8.112495315648661887e+00
2.224782372440239353e+00
2.569717519981959963e+00
2.422392498588446408e+00
3.171001668991581646e+00
2.210376008946870474e+00
1.822187091907617518e+00
2.997390012644732593e+00
8.291022244150994425e+00
2.877815322123662423e+00
9.816655146781579910e-01
2.184871615754444996e+00
3.413630124047629000e+00
6.972569319638346030e+00
4.684575253696768193e+00
5.096014850340016444e+00
4.341492451485282622e+00
2.782319933876857387e+00
1.252552231568501284e+01
2.890678607674266765e+00
6.285200501060955958e+00
2.716857502119624179e+00
3.631803905470200267e+00
2.303578876365953043e+00
9.754937347150712812e-01
3.843048265599538826e+00
2.311916282697183078e+00
4.721508300877646391e+00
1.865718000673921129e+00
2.606794663113909838e+00
2.262231239061786692e+00
6.970485449139681933e+00
4.241656589468903782e+00
1.860366112289499441e+00
1.288593927503961645e+01
6.464233464487547209e+00
2.281438394112804247e+00
1.200055141997536490e+00
4.834393099198203814e+00
4.100803166991826565e+00
5.553575990556026909e+00
1.998879437335543852e+00
2.955950665427700574e+00
5.951489078038473934e+00
3.797620437076036914e+00
1.702195017021439938e+01
1.054011992988238866e+01
4.412947353145745488e+00
1.048542901169107466e+01
3.686355248415829067e+00
4.545542315196489547e+00
4.936323183950622528e+00
6.163668644880223368e+00
2.018070785129328026e+00
2.363545633369384724e+00
2.589832309365482033e+00
5.837278302284253151e+00
5.097635077931743197e+00
4.384924235571266316e+00
3.542693157548844063e+00
7.078574444881334138e+00
4.790137117723612725e+00
4.843967530856602366e+00
2.032964217002307450e+00
1.274800712647291778e+00
2.156200604259035813e+00
6.037813003955063706e+00
2.368771890223960508e+00
3.019502997145329104e+00
4.273228509828017607e+00
2.555105017717284266e+00
4.711114794961683394e+00
1.472923323930139805e+00
4.609104960465281842e+00
5.430667625691265599e+00
3.879287638065537003e+00
3.395038114832587439e+00
1.799164388730653874e+00
6.508111734247838953e+00
4.238383765920323398e+00
2.367903222300725474e+00
4.410115545638097601e+00
5.136441081331945213e+00
2.024772972552523420e+00
1.493526996971755061e+01
2.093830283824886784e+00
1.231015107563285804e+00
6.619229941517567717e+00
7.290194170953675723e+00
2.873858007604041642e+00
4.809310841494464306e+00
3.320924662183661447e+00
6.734980179490960950e+00
5.289506983351955682e+00
1.914797788069798834e+00
9.315730269871574265e+00
6.876024202656481954e+00
3.594421654333555427e+00
3.502269281885969754e+00
4.404649230988796127e+00
3.710844405174031913e+00
4.491985738063520195e+00
3.300433364269182435e-01
2.738654319282432414e+00
1.719942271593153604e+00
3.141753731481583767e+00
6.320424383947644387e+00
3.670838520108336223e+00
6.310282406100325758e+00
8.482664269869774287e+00
1.703976583428949532e+00
3.327920826374447305e+00
5.927289043439261995e+00
1.927134607076897099e+00
1.313020152993153333e+00
4.812646319305434517e+00
9.194868204686873492e-01
1.127633165140274052e+01
3.510807786658665464e+01
3.427005490130913046e+00
3.042521914941861638e+00
5.669669065741098635e+00
9.321704794032834585e+00
6.988827819764465765e+00
2.662317305226316932e+00
2.017253392901530606e+00
4.822640635529815256e+00
5.320502281027008173e+00
1.611672850360445608e+01
1.221213483605464889e+00
8.354005482910261904e+00
6.900841477024351356e+00
5.205554959065784359e+00
1.328050453883615312e+01
1.181859997448520883e+00
4.806516110687779175e+00
1.684949664089963051e+01
1.307559552392285696e+01
1.846093086211438195e+00
4.629393367918617663e+00
4.179373960763286711e+00
7.788245775689326411e-01
6.931703063623310124e-01
1.320801675703575651e+00
5.246821488223378793e+00
7.415986450554512999e+00
3.746500527667534275e+00
3.588243496893540829e+00
1.645833225053985105e+00
2.197551196402468321e+00
4.858957403128934871e+00
1.014605945245036622e+01
1.022055004555105739e+01
4.119011879356949457e+00
3.533070823025779017e+00
4.425347116373830048e+00
1.090534691405760537e+00
5.871194178791727225e+00
6.798572349415841209e+00
1.936411381209329097e+00
9.968627992203963117e+00
2.763787771689134587e+00
2.911023063146992662e+00
4.074585310972944185e+00
7.265212121780833421e+00
5.018410900053634549e+00
9.241655415874905799e+00
7.028302665460617327e+00
7.032098562568488198e+00
2.199665643533538439e+00
2.857811084705718763e+00
3.285125675526411548e+00
2.098221353887685936e+00
3.685899503522184872e+00
4.682199020682313417e+00
9.205908089898425573e+00
1.432286785692924003e+00
8.378938173941627099e+00
1.493895312971240230e+00
5.532458754897502828e+00
2.331335689102994380e+00
3.117174100534572112e+00
3.561689526873206724e+00
3.269076466782136148e+00
7.235461040882608330e+00
4.592791378871657670e+00
3.820472757222725946e+00
2.748830875514753025e+00
5.485138353425552893e+00
8.116875651351017629e-01
2.583332642460193451e+00
1.677113182086558796e+00
2.368687726803178073e+00
1.294807075318851641e+00
5.513832373895207084e+00
2.647498325636453043e+00
2.167776990522993774e+00
7.670692134459301315e+00
1.755188130935699586e+00
9.111132571193566676e+00
7.158706286990714318e+00
2.866938845099891608e+00
3.522762017117953448e+00
3.410549047092125807e+00
1.111850423373793362e+01
4.886753777797050446e+00
1.885109727613145880e+00
4.226324131155315911e+00
4.071254208791548201e+00
8.764501203724704981e-01
1.217160673899577361e+01
2.550949099559716160e+00
6.249741591942365559e+00
7.800904755581321570e-01
7.074370393739188856e+00
1.119454812448075653e+00
1.297256409679983902e+00
5.363493184679816395e+00
3.108918676322953267e+00
2.764952097391008667e+00
3.631035733537894217e+00
7.190283290121775472e+00
2.659414725631128906e+00
5.801780738781271651e+00
2.031830139468023599e+00
1.777444801210520176e+00
3.645146699055111572e+00
2.123119716705063276e+00
8.491657843565526775e+00
8.423195670198566631e+00
8.465376567876017333e+00
4.707665255374897662e+00
7.185082389248934609e-01
2.498343850942504574e+01
1.540029610286397066e+00
3.440516039418926475e+00
3.735874443791941779e+00
6.685748848266445776e+00
2.478653655233535424e+00
3.519479161048544302e+00
3.297534672474722761e+00
2.154789106770957030e+00
6.197010849752625283e+00
5.052862366516012393e+00
1.001072171789421361e+01
1.298034980686370465e+00
3.291083116594895053e+00
9.235213587243389810e+00
2.534606385300741227e+00
2.306785536480056464e+00
2.167648048453692411e+00
6.095574092516790721e+00
8.068766202097647167e+00
7.011639900498508382e+00
2.129521092202461219e+00
1.102702049418486219e+01
2.885892702351932737e+00
1.904488099933811851e+00
7.178819255125294063e+00
2.723503199887291615e+00
1.801375493112508552e+00
5.905412289826894146e+00
3.962404110564519577e+00
3.147242930933001226e+00
2.760963318547116963e+00
1.830683535166123921e+00
1.877687333110506618e+00
9.556231220940624160e-01
1.721937204178373149e+00
1.976805324339400372e+00
4.536852361426095825e+00
3.761752119225644897e+00
3.599898040695264534e+00
9.931621030093614744e-01
1.562041970177853045e+01
4.756657980281679521e+00
7.166103064468297035e+00
5.140209320409207194e+00
3.039212861133432586e+00
1.014432688227719037e+00
1.199991007652058128e+00
1.863923116168163752e+00
3.455403758631363509e+00
3.811100750172261797e+00
2.168706557500331034e+00
1.247758537414513746e+01
4.752548916014511349e+00
1.687211058229882710e+00
1.121514316614106477e+01
4.425146780016183889e+00
3.522055294282207427e+00
1.270369515183689657e+01
4.774185722346774519e+00
3.115064864978313253e+00
5.830964515767524503e+00
2.757338107307644837e+00
4.928797443897828146e+00
2.427943921429524199e+00
8.509683309696022491e+00
9.173160578165237666e+00
1.581660914344899815e+01
1.029158612874439527e+01
2.371192326129275774e+00
4.354558842273851482e+00
3.880555672719392390e+00
1.806346717314139649e+00
5.746791086083076650e+00
7.632095768485525511e+00
2.210744795893919701e+00
1.994595268210593630e+00
3.446997261552024128e+00
1.728130436486731591e+00
2.629841888311669429e+00
7.117196773163986911e+00
1.917061645042745344e+00
5.987486539258061846e+00
2.814169717903643786e+00
4.034990809220309060e+00
1.866842433082267494e+00
2.815731801845881677e+00
3.271313002489981248e+00
2.468949525903225251e+00
5.998412555723874107e+00
7.093966119839196338e+00
7.476873720869336992e+00
2.148923527884687434e+00
1.484587400329919937e+01
1.342080262915790190e+00
2.395432047618668125e+00
2.001053251395439325e+00
5.624467416988014001e+00
3.395001345562685735e+00
4.701717479260345556e+00
2.613205528265943656e+00
3.229750849536305868e+00
2.183574180535519105e+00
5.814418643073306470e+00
1.429137619707858242e+00
2.124083703436225434e+00
2.783990370931704650e+00
3.835656837682454245e+00
4.488681556693324026e+00
2.123623334030536380e+00
2.389120282338291545e+00
3.398482230389263670e+00
2.655572981368362839e+00
2.488413988296471757e+00
9.790969550078891359e+00
4.912629679308918362e+00
4.363652605884748681e+00
4.147180171953348093e+00
2.156973614303364428e+00
2.166506158659974535e+00
1.217106455313707869e+00
1.861720589747645871e+00
5.197598684205784636e+00
4.283535272425125662e+00
1.597364467156870749e+00
2.899637037321264543e+00
3.603788049486670531e+00
1.445135060300257068e+00
4.844878612116882088e+00
4.765729391059598363e+00
3.105513113423876259e+00
4.433980672494076458e+00
4.895670094793278082e+00
3.255813512162655243e+00
5.461748837260624434e+00
2.164000807169258245e+00
6.240128148442096290e+00
3.828185145221541852e+00
3.216832423257039775e+00
6.611715845585254492e+00
2.096269020764378155e+00
9.217227335211124029e+00
5.516161158686102572e-01
