2.429489188214961626e+00
8.965743339414486979e-01
1.153738671355292178e+00
7.819475414401336089e+00
1.489144742903010687e+00
2.577690662910195663e+00
3.208966649792472481e+00
1.476637067406179060e+00
1.520692527506765312e+00
6.788567598180285101e-01
1.884182844943938839e+00
1.850306640419684179e+00
1.540225037648540241e+00
1.590281053100952580e+00
1.230894633097745272e+00
1.348315146232390793e+00
2.222254137456009637e+00
1.721027812097618126e+00
2.163955291725808472e+00
5.434111665809176372e+00
3.562975165434264735e+00
4.135513104531368000e+00
3.014420006293716536e+00
1.809679374080423786e+00
8.592435890388688824e-01
2.374685765976866758e+00
4.112597804363280929e+00
1.712517337523304928e+00
3.042979623534954658e+00
2.742460118722237272e+00
9.549857699250526855e-01
2.293637700983927274e+00
7.854529370359355500e-01
1.306638459348842263e+00
9.967829052167000992e-01
2.419952008065568538e+00
2.520495969393382829e+00
4.653497798045616918e+00
3.120872068057089610e+00
1.248187272846484230e+00
3.524330811756471782e+00
5.206405238733541552e+00
2.207391801646395812e+00
3.328179426710790256e+00
1.283938830894119532e+00
1.664856793000750734e+00
1.198367093721466992e+00
2.748438129611636693e+00
4.517725076625096925e+00
1.700380115034888728e+00
7.513380985711327620e-01
8.404905847436170419e-01
3.656143930831410316e+00
5.355008086879954554e+00
3.766636787562130717e+00
1.804583349856700325e+00
3.574096515590158507e+00
2.349251609386160844e+00
4.098562086349490485e+00
2.469188687408365279e+00
1.155376919322618656e+00
1.949165822255509717e+00
2.332627546579205458e+00
2.176372676021644637e+00
4.527264860094417642e+00
2.236049952172712629e+00
1.870360314423396009e+00
1.542439665870695364e+00
2.421342791221495094e+00
1.512697078416184837e+00
8.137437479284569397e-01
1.620778306884009812e+00
2.149784296478348455e+00
1.838363084185204332e+00
2.255417248275069397e+00
1.433061373294390206e+00
2.504941927822403436e+00
2.380748622264728276e+00
5.014096352748291796e-01
3.276513500050959316e+00
5.923556342296529387e+00
1.400106025485927663e+00
2.812033247951493564e+00
8.829872197803746436e-01
2.795884524260936921e+00
2.468980895002786724e+00
1.660153403393510274e+01
2.212035874580121853e+00
2.274877545613079199e+00
2.355253520735810291e+00
2.113670391824101991e+00
1.912116802219651301e+00
1.689600910403274092e+00
2.266125601673276702e+00
6.037447149556500747e-01
1.411691338817364416e+00
2.710560667882136343e+00
2.667496812876373635e+00
3.325737998268925022e+00
1.926689683191929126e+00
2.693953293473167587e+00
1.919152459363148600e+00
2.997221688742479628e+00
4.600876566272620316e+00
3.044461492022178195e+00
6.544814035354304060e+00
3.604143151562277936e+00
2.400900435194951221e+00
1.137362891103134377e+00
2.650699081917801347e+00
4.073785680887899829e+00
1.986642061182945840e+00
1.620928804137962587e+00
2.047618293032140713e+00
2.078533542391520772e+00
4.541568110889472543e+00
1.072191573164304357e+00
2.129956084185463894e+00
1.774061306531010684e+00
1.209512322335800194e+00
7.407286666038052303e+00
1.844648609020649754e+00
9.493942163739093942e+00
2.814646283421785355e+00
5.825799907709360959e+00
1.481279191111646520e+00
5.474787844296615802e+00
1.665388644178804833e+00
2.583490317835579031e+00
2.316541628004229025e+00
1.878947907603144785e+00
2.115809937026789989e+00
1.277916360182699052e+00
3.082747689675557012e+00
1.941943524652649078e+00
8.174874631295108163e-01
1.592350915520046373e+00
2.860890534754274572e+00
1.330152167152939491e+00
2.867207642232263876e+00
1.404654633868459346e+00
4.613479728608375297e+00
1.811951040509918620e+00
9.816388953565921005e-01
5.265623110143371477e+00
6.860506272365153313e-01
6.812598849118288946e+00
1.824241670964922957e+00
2.013234706681195085e+00
2.303610147271177855e+00
1.006188308848124713e+01
1.569747751159131344e+00
2.017572326219201351e+00
6.481295829192462721e-01
2.437629561121788413e+00
2.186507011318188365e+00
1.173192169335244728e+00
3.069567486570606185e+00
2.293842588529547033e+00
2.288296554289261042e+00
2.626466901776434160e+00
2.637008611845732098e+00
2.536095298565653522e+00
8.575518804256480054e-01
1.175980275067714187e+00
2.163300348753484315e+00
2.957600166037801959e+00
1.728031037579252915e+00
2.250481073245052865e+00
1.734171419953103088e+00
4.336229536885389813e+00
2.252943304499061661e+00
2.385767554730358064e+00
2.784794626428333864e+00
6.577422430421504984e+00
2.939906468751468438e+00
3.537670912594728101e+00
3.006459874514674446e+00
9.432297413552120702e+00
1.403709424378676518e+00
3.034207434650747714e+00
1.117476934680506462e+00
3.784243660660859376e+00
2.511604579602046527e+00
1.113836981792493130e+00
1.859948247441961966e+00
3.979399519400826701e+00
1.360997270410445603e+00
3.837315040837740554e+00
1.690870477089057022e+00
2.208384299114398264e+00
4.671815376118958696e+00
4.305592266732160667e+00
1.612281245997270185e+00
2.689970193528825604e+00
2.342837926590267461e+00
3.087809638575992999e+00
2.013188958575584220e+00
1.903351862765387370e+00
1.993371138658350805e+00
1.419706515103234645e+00
2.314174836626090581e+00
3.088421025561951083e+00
9.478582339198926565e-01
2.606827146300778608e+00
1.844611411871537765e+00
2.415153747915418592e+00
1.403548195570517576e+00
2.767839394943251818e+00
4.979292038352502558e+00
3.733197149752719213e+00
9.727015730936365845e-01
1.188828045517458243e+00
1.734531750792115634e+00
6.458055777889926574e+00
2.038546899231000076e+00
1.274795784235096985e+00
2.449167838185279944e+00
1.989927451767512068e+00
1.063694954254080560e+00
7.199272699932668829e+00
5.873372524124143013e+00
2.720910691799727221e+00
2.816615681316709363e+00
6.116825811143007385e+00
4.828763323130343288e+00
5.929784399681391704e+00
2.501374493895307527e+00
1.937738878169543266e+00
3.122358825188653597e+00
1.569334182398699706e+00
2.945693670038608492e+00
2.129316539346204795e+00
4.435041297562730911e+00
3.075924663706433471e+00
2.895448802456130899e+00
1.815614894006230440e+00
1.034523038575003051e+00
1.429521476176916606e+00
2.346668734849298943e+00
3.201655672393084018e+00
1.176764659502552046e+00
2.245756882513421981e+00
1.445747219608394252e+00
3.039826132565901950e+00
1.459929272890155616e+00
1.325735273500026068e+00
2.018576249563308611e+00
3.860546218959113762e+00
3.008559766659563817e+00
2.891718384741183367e+00
2.665989931593246709e+00
1.893524952580859289e+00
4.047855749375917966e+00
5.726546430222115625e+00
1.761506018083717207e+00
4.987977565254857026e+00
2.010941951597183142e+00
1.884667518228931637e+00
3.748624792135722306e+00
3.938708664813994176e+00
1.343050280079963965e+00
1.298448355656134368e+00
1.413182649419943981e+00
4.506355509927204572e+00
4.816998473057404695e+00
3.114994952337366563e+00
2.191839743706998078e+00
1.908941109379327372e+00
1.463287881297558490e+00
2.613924092420714107e+00
1.642226949794519664e+00
2.709812251913525039e+00
3.535968401113670723e+00
2.720525593002051323e+00
4.153470726258220225e+00
1.933339332087342877e+00
1.789275427757771597e+00
2.384343124429624705e+00
2.096967826957328640e+00
9.492812325317303568e-01
2.163017618276257270e+00
2.604847097439040304e+00
2.379425488373487330e+00
1.422813309536969939e+00
2.308423782951591896e+00
2.795516449142982918e+00
1.421092627858673518e+00
1.496777516345678460e+00
1.444914062008307187e+00
1.006380280693950580e+00
2.885462527022974122e+00
1.371218822648154756e+00
1.482332669492062882e+00
4.141564835184018634e+00
1.683201136035788359e+00
2.016314239705562894e+00
1.272606390962781164e+00
1.566686874321850276e+00
5.380060256710704758e-01
9.278966252394861280e-01
2.850423058503517737e+00
1.477186396305357974e+00
1.883746811412958078e+00
3.378698696684600655e+00
3.709933116886423132e+00
1.698690534965167753e+00
2.259309388210429148e+00
4.248268858295805472e+00
8.197113851308799326e+00
4.151165377167176374e+00
2.244981169526100828e+00
6.704301611239983139e+00
5.731937623250923153e+00
1.419006795329889048e+00
1.961112047464684816e+00
1.276769768182441700e+00
1.336214986610045452e+00
4.281131637890251973e+00
4.360490745986097316e+00
8.856873069052431102e-01
3.215028607590502130e+00
3.178333100519346477e+00
1.349764467078477637e+00
8.229282674060814928e-01
1.178691029448834637e+00
4.193301899118475617e+00
3.487752723900340079e+00
3.870381807941502661e+00
1.816667906461922444e+00
1.495754072295823578e+00
2.667831603755453251e+00
1.616747101274744525e+00
1.632471679305549817e+00
9.521746906763934870e-01
3.071918359624552508e+00
6.768759424987026430e-01
2.626363406735831685e+00
1.406751034793790600e+00
2.904069308660039095e+00
9.593639577550389097e-01
1.587169914753893130e+00
5.970948296582219150e+00
2.040641507950228917e+00
1.417188822079938681e+00
1.364858827049877821e+00
2.852158956948797286e+00
1.707703307577434604e+00
7.000381791033774004e-01
1.519750173300693952e+00
2.423232910131951634e+00
2.503847951877815614e+00
2.743503462025197681e+00
5.163926734945477826e+00
4.646031268492031074e+00
7.159874062898378355e+00
1.845989191760073922e+00
1.986641178403906416e+00
1.425244836290790129e+00
3.798578387237002474e+00
1.741440019249895776e+00
2.213632424556317702e+00
1.555884445237027958e+00
4.214574174067271528e+00
3.009970622001908680e+00
1.154847342177317104e+00
2.958917280031856833e+00
2.710726332756602908e+00
1.193614647704853704e+00
1.957667751203961082e+00
2.726133224622580897e+00
3.397196230261612104e+00
1.312241563881059836e+00
2.844467929213283508e+00
2.844605617726068569e+00
2.253127583876722628e+00
1.521872788828167122e+00
3.202032519663944754e+00
4.018938554962493193e+00
1.551702610966236628e+00
3.526664399481737711e+00
1.389276334291716264e+00
2.338605056998700249e+00
3.005361804508671852e+00
3.174402789270240888e+00
1.707341149494107757e+00
1.220753696592149273e+00
1.800558464248610324e+00
2.926913523198499512e+00
1.695979698984843465e+00
1.492355782823362453e+00
1.821400401581857009e+00
1.807316362893112593e+00
2.717354345480877065e+00
1.870146507566708527e+00
3.054992851733551174e+00
2.178105200724459234e+00
1.221575203812776289e+00
1.719958549982217644e+00
2.615885705262837924e+00
1.333807238693861752e+00
1.197745206284629438e+00
1.724227561937559994e+00
3.162204806215156427e+00
4.229432394452567578e+00
1.522790780033115743e+00
3.833364898806719268e+00
1.817134413267941229e+00
1.377066642286348452e+00
2.194499239886734454e+00
2.387682394566517985e+00
2.124294809738285661e+00
2.881865420661466448e+00
9.320635417227394193e-01
2.852651880879890633e+00
3.102990145617843254e+00
2.241607414238325102e+00
9.852719670408847108e-01
2.190246809929897065e+00
3.758684254536383662e+00
1.049717956572799427e+00
6.564709946601081647e-01
3.067713346369852712e+00
2.415289976330181609e+00
2.717692476401710522e+00
1.617459137874624364e+00
9.398279812750034434e-01
2.272128505448766767e+00
2.129741495331319623e+00
3.205195837893219046e+00
1.508147104750875878e+00
3.266453163029685136e+00
1.737385411946145819e+00
7.166888398153688833e+00
2.879395646475548354e+00
1.921788558799873536e+00
3.984736460411428816e+00
1.332542780335788102e+00
3.412100765791757251e+00
7.743494906411772405e+00
9.735882536332444159e-01
1.363123208742748060e+00
4.151787799297941284e+00
2.086793520572210348e+00
1.093452101777042662e+00
1.748676199314344260e+00
2.468806419945714481e+00
1.331800585494496314e+00
3.624253614987156258e+00
3.663242295054265352e+00
9.378689902503087872e-01
1.895263502810846212e+00
2.084178563035728349e+00
2.529194053758591743e+00
5.156908988041807085e+00
1.243905887562161361e+00
8.255236911060742644e-01
1.502916117122603534e+00
2.901289329905016423e+00
1.398011752117253703e+00
4.058976625091696100e+00
3.541147614331729532e+00
1.909681496502407594e+00
3.374951321992492037e+00
7.476224401603530634e-01
8.493022917005534911e-01
1.514298314026981673e+00
2.774891282433499029e+00
7.588171663695704172e-01
3.569501806499282726e+00
2.921844562280247803e+00
2.896503337407364320e+00
3.064140124538285548e+00
2.993996198499135009e+00
1.985239989589690168e+00
1.671952728456763015e+00
1.439323250319568537e+00
7.208429813146437048e+00
8.998453787185436425e-01
1.654866426121139433e+00
3.851521647882745647e+00
2.682787821380200111e+00
1.837782595950589792e+00
2.901562070662541792e+00
1.629990414357638695e+00
3.645480843804348670e+00
1.608510777163543626e+00
3.217523524610283125e+00
1.317954266325779278e+00
2.692466761881155968e+00
7.537735077609087897e-01
6.418149306003421373e+00
2.203234782694744709e+00
2.452028614492658409e+00
3.175896711773500858e+00
1.325757699560202729e+00
2.200464265998871127e+00
1.213232620048677601e+00
1.231204675548847272e+00
5.028102771369034940e+00
2.010987055805048662e+00
3.319217256882511347e+00
2.675555812041868542e+00
5.038247555796218080e+00
2.149871331007521480e+00
1.887632920400748260e+00
1.189586825786938418e+00
3.230087939614730175e+00
1.224110418291215474e+00
2.002311387408843402e+00
4.479454869609437395e+00
1.254471184398958217e+00
1.272471468984003984e+00
1.905089855432970491e+00
2.642711158547704553e+00
1.387650932752611643e+00
2.266188010622921301e+00
3.207176842635376168e+00
2.802009702531953472e+00
6.302848296189491606e+00
2.793366363312102862e+00
1.867793083960852529e+00
2.315050612196168700e+00
5.030977208345939644e+00
2.218470697940641667e+00
2.594395467988646065e+00
2.865725747380027055e+00
2.904483983884162956e+00
3.185359934238971125e+00
2.318636906573383616e+00
8.500324186519446767e-01
1.496111389662345914e+00
1.245630344360012742e+00
2.759702683803285872e+00
4.579737502234103808e+00
1.841877644054360275e+00
1.386813185341906118e+00
2.016115009558564708e+00
3.356250307342469874e+00
3.598075144262027791e+00
3.999318543017098104e+00
1.584567435114991873e+00
1.684515422964763420e+00
2.191447062923195688e+00
1.120605524680246212e+00
5.241271345341519172e+00
7.729042748719311406e-01
1.308680132314815836e+00
1.586394719759419480e+00
7.734757328375626351e+00
1.246473377366132507e+00
1.562330423310596572e+00
1.090309213963858381e+00
5.449007131292935568e+00
2.853256934873089179e+00
8.958449673840916949e-01
1.651996575217230312e+00
1.606374752990102017e+00
4.127075053386839443e+00
2.210129545294010178e+00
5.206497077309534482e+00
2.741734340894268485e+00
3.009127228438496449e+00
2.114242006856371869e+00
2.167075648658190357e+00
1.586068574074360082e+00
3.382356394017086210e+00
2.522830112067351305e+00
2.003352216833519606e+00
6.128901217933018231e+00
2.224248153358683755e+00
1.865555379462809249e+00
2.134321416253152304e+00
2.366880057684840111e+00
2.383640229857643789e+00
3.757216792833659280e+00
2.020233840641708412e+00
1.458024254815718734e+00
1.691971127433500532e+00
3.070797896023859774e+00
1.759067436162293996e+00
1.051895760409299108e+00
1.625718024496394465e+00
3.860684909131673503e+00
1.114954311146454824e+00
1.641954999543741689e+00
1.215479123502820169e+00
1.207132634489255674e+00
2.028935580577991171e+00
2.821666929613378283e+00
3.013173624114527716e+00
2.352959660995032287e+00
1.377555419578236906e+00
2.526279679936341616e+00
2.378618365284279168e+00
3.981939692211946102e+00
1.394001359854682542e+00
1.512107337031463938e+00
2.302274020650873609e+00
1.420226806640075390e+00
4.119456291096694756e+00
3.814807912129882794e+00
3.506970455443767065e+00
2.156816104963904746e+00
1.194829630723125202e+00
9.932075101110089399e-01
5.075892728539485255e+00
3.404867227658807227e+00
3.176893920702037910e+00
1.109946860955199677e+00
2.834187807850779617e+00
1.788238100367656847e+00
5.166141231580543280e-01
4.072607297431280138e+00
1.308647719258408060e+00
9.975126038740834700e-01
1.057717065312727245e+00
4.052486989876492807e+00
3.049481748852102214e+00
2.412551219341613873e+00
1.818368131817014177e+00
1.681336592938385666e+00
1.834367545023942725e+00
3.898139492742854095e+00
2.397673244040247287e+00
1.853606748326077636e+00
3.239553753101510836e+00
1.543286244287195519e+00
2.328385771749854616e+00
2.147194917495601985e+00
3.808891173410331010e+00
3.104119460372408934e+00
3.343898026394536593e+00
1.290092742207845866e+00
2.580827594683146042e+00
3.617609139768078741e+00
1.784826756440295092e+00
1.602973960787699159e+00
4.348754513586259307e+00
5.991890750167990554e+00
5.250055167849827065e+00
2.139583330962449459e+00
1.882018161706980663e+00
1.725894164898489347e+00
2.386274754729955205e+00
1.589198477816205823e+00
4.497084199464278953e+00
2.196093506146779006e+00
6.176170301308309130e-01
1.595969230087071589e+00
2.149832058958697445e+00
1.729414888116114879e+00
1.268665133261599909e+00
6.478030830955601171e-01
3.108301218149047696e+00
1.149974016316671843e+00
1.122824431637947917e+01
2.451385448525843280e+00
1.841310581638362809e+00
1.971759549354733965e+00
3.283150054088862291e+00
6.556314351593105272e+00
3.729845360626645068e+00
1.959371678148685181e+00
2.278891385140248360e+00
1.593593328019172972e+00
2.111415994184891343e+00
2.944986027676753437e+00
1.071612388752133782e+01
2.084285885573958996e+00
4.849384990800709616e+00
1.851202167251644326e+00
9.690627912886905504e-01
2.748647395137409966e+00
1.937604829174639498e+00
8.921260262322462387e-01
3.758723153510286075e+00
4.184440476926075902e+00
4.341304960832170323e+00
1.479635562285672279e+00
2.995852746622476026e+00
1.155035674764841147e+00
1.798096326925220145e+00
1.867348067644747367e+00
5.594990515426289335e+00
1.254982105570844775e+00
2.507878060912785756e+00
2.161938807128337636e+00
2.178176555629672606e+00
4.762582972956661997e+00
1.287766873698608094e+00
1.935850366341814288e+00
1.485854724630368828e+00
3.365078616043755133e+00
2.157807364244513693e+00
1.373212856023467321e+00
1.377353597384882056e+00
2.227392573810545340e+00
1.227433541423420982e+00
1.374418525183504380e+00
2.382151090695340034e+00
6.578127087637048120e+00
1.988543564237945427e+00
5.172156438752914198e+00
1.300897654455640318e+00
1.707619369819481037e+00
3.764977463359456156e+00
5.913654023503604584e+00
4.370782025771334567e+00
1.217085416900963724e+00
3.522650850906220654e+00
1.631080757924662006e+00
2.075709469648992833e+00
3.464057911885920493e+00
4.566959437093992769e+00
2.130586976543124234e+00
9.224666206882405906e-01
3.509386001050825765e+00
1.736815801475685372e+00
2.521479647312192984e+00
1.870234762316410837e+00
1.410387141512775555e+00
5.614875869797767649e+00
1.433733894322536173e+00
2.856762921401783561e+00
2.468218700086661332e+00
1.202222491014078187e+00
3.902393073767595588e+00
1.045691676867346986e+00
1.929141887072701733e+00
1.455752360352368768e+00
1.656519664672410075e+00
1.364450963097993075e+00
3.972640488686766780e+00
1.111074283694561959e+00
1.876458672628224633e+00
7.548021374302977815e-01
9.998548441538666065e-01
1.247807286927683501e+00
2.595839271989869523e+00
7.538396259199101834e+00
5.516891793189357074e+00
2.068867155191523199e+00
3.662678307274051193e+00
2.608759800295961995e+00
2.674457181789217763e+00
1.855622832213263074e+00
3.400633917588244515e+00
1.833597966321832473e+00
8.942926351985386324e-01
4.084851264255696890e+00
3.982807087170346705e+00
2.531866514220395992e+00
4.127172903318086505e-01
1.579850252206197236e+00
2.752615984170160957e+00
2.495430892877303020e+00
2.067461107718266078e+00
3.062436904418178507e+00
1.757635797219101237e+00
1.533492711883620796e+00
2.015434179860308817e+00
2.830514376436420232e+00
3.067720559749965048e+00
1.786484373122058766e+00
1.772466868298519849e+00
2.838230722665021855e+00
7.488807958040267110e+00
2.181427888636785273e+00
1.018826927976412611e+00
1.250113741892029839e+00
4.780859150355625253e+00
3.175512424625249075e+00
2.263753382054888963e+00
8.880358513621300354e-01
1.517709358942668230e+00
1.349513509502801689e+00
9.469691519642517985e-01
1.149639458688192617e+00
2.900004212628297662e+00
4.333816626311925546e+00
3.617897550971048481e+00
9.113693511847034134e-01
2.776382385496200200e+00
2.729149945615045869e+00
2.436419049369100698e+00
2.741400548741799614e+00
2.384369852823843061e+00
3.931108645944869640e+00
1.727982019533196745e+00
2.114544088203971217e+00
1.280313451936252900e+00
4.391434486635929169e+00
1.336571208135387545e+00
6.565685633858839410e+00
4.763164669592960365e+00
1.392912190188546395e+00
4.888828105837238702e+00
8.373218308024645840e-01
1.474771617176245275e+00
2.810603824952759844e+00
2.861008513050843138e+00
1.258287022267883470e+00
2.297575309703214774e+00
8.067555510737158819e-01
3.263083132131060715e+00
2.239069640742141321e+00
3.568509037691343977e+00
2.016128096639454359e+00
1.760048982811590168e+00
1.408267052447812251e+00
3.023164656205062695e+00
1.543232542619942249e+00
3.739606711005194928e+00
1.425320558000518156e+00
4.368076988360593660e+00
3.276840333846601450e+00
1.425414660249413101e+00
2.012788750505280611e+00
2.329156144894375391e+00
4.244663242340442011e+00
1.585451239773418619e+00
2.937774000940022390e+00
1.498611112892711095e+00
2.196738645721199923e+00
3.370243307370445418e+00
2.742953070881510858e+00
1.607913789148221806e+00
3.220311310896820878e+00
1.601933219051765445e+00
3.599155988569556541e+00
2.203490410883856665e+00
2.739552563779904304e+00
2.487950963671739402e+00
3.523410080721092186e+00
1.478554394611739653e+00
2.340077660961010331e+00
3.596839270472647065e+00
2.726785913156047680e+00
2.073616671102370468e+00
1.516956113587202504e+00
2.856444556460512096e+00
1.176480130131823731e+00
1.362753790797068154e+00
2.841981972767687381e+00
1.520320469321814638e+00
1.691250356336116756e+00
1.111800442766364805e+00
2.160406245671154579e+00
3.122572649978909265e+00
4.001652348457799491e+00
2.210329561944374355e+00
1.496598692242184558e+00
1.979253242144846769e+00
1.916224118247308095e+00
2.241784004755486670e+00
2.537322036042712892e+00
1.843934921938591209e+00
2.455459039078810246e+00
1.708223518008983088e+00
1.903190614773318856e+00
1.481281532939239920e+00
2.669606726535551200e+00
2.241180471045991052e+00
1.304111477033828015e+00
1.728640892319488920e+00
1.523507944772167333e+00
2.229106305237435137e+00
1.776136312841432252e+00
8.350140983924094762e-01
3.947157744958905479e+00
5.458599964550101546e+00
2.076960349417597662e+00
1.183602596974987708e+00
2.145177409923605172e+00
3.823293202604572283e+00
3.712764627531845996e+00
3.469509237295453019e+00
4.677690784610893715e+00
4.729869979747592268e+00
2.372950956566806546e+00
3.178767860231013209e+00
2.758802297861050690e+00
3.197168371897730399e+00
2.544397856776138056e+00
1.598732942761571518e+00
2.548383010307335272e+00
1.569222322350614762e+00
3.420027806881958732e+00
5.276659929779566882e-01
5.409546314112252396e-01
3.164352496694160966e+00
2.383656177251616715e+00
4.373986680834634377e+00
5.187648123440854242e+00
1.910781359226203069e+00
1.005756568558971109e+00
1.049484492382368739e+00
2.294463563983519361e+00
3.490788425795309902e+00
1.348423408003189383e+00
1.645697704589002663e+00
2.190492251208318475e+00
2.828497944409797071e+00
1.750556803187981902e+00
2.724343208698012830e+00
3.643350581750306905e+00
2.427985814900567973e+00
1.610026794645694537e+00
1.343112511314800139e+00
2.731708112237694941e+00
2.200108411494456462e+00
1.362166435793608299e+00
4.093542800447576013e+00
5.062410477581315682e+00
3.737368555971671835e+00
2.847285911929776425e+00
9.501927135238961153e-01
1.791675135113993678e+00
2.197080752242323687e+00
1.852347970700137791e+00
1.276306866037674403e+00
2.220575235347100218e+00
1.148765075794473622e+00
1.932081965554983016e+00
1.198480228573452377e+00
5.144564347444527286e+00
3.988915664315099807e+00
1.019154545415689617e+00
2.493411533528665736e+00
1.216441351463686926e+00
1.596249817641705038e+00
5.212549198309667453e+00
2.662347733170825848e+00
4.223846226617121502e+00
1.425277740879851818e+00
1.754777011773749784e+00
1.698226485823729481e+00
5.230126548148446020e+00
1.760293851485779104e+00
6.927125640421560870e-01
1.671413367692286656e+00
1.399532295480239386e+00
1.676870257125435915e+00
1.710979293535859425e+00
1.375126843874265870e+00
2.193307624495842933e+00
1.818454781439854617e+00
2.290146952295931904e+00
6.580444518060254433e-01
2.432785933045846782e+00
3.003556095768333822e+00
3.948533777437879255e+00
7.756944062267083773e-01
9.236366155526245514e-01
2.672598579175328393e+00
1.951103737585390352e+00
7.996982496815089325e-01
1.614272063741173380e+00
1.627801281445876658e+00
2.353278079299538472e+00
1.253413457862181835e+00
1.783623721062174372e+00
1.106599351955564137e+00
3.588341392690460374e+00
5.971145679993871802e+00
2.220642840382765826e+00
1.755302619302178124e+00
4.019470370050094998e-01
1.606579797542563082e+00
2.604170105515997147e+00
2.070695589998523545e+00
6.863516616691807570e+00
1.650786777687252238e+00
2.424313423411075696e+00
3.215505853418988647e+00
4.062785561911230303e+00
7.070513903425008628e+00
2.278054817654703079e+00
1.977968389916711978e+00
1.385996047103558615e+00
2.831360923516361705e+00
1.924225171538053170e+00
1.647210953621757401e+00
6.333384174877120243e-01
3.482244130574072560e+00
1.492419897825638886e+00
1.691141806791990998e+00
3.743314183920472438e+00
1.863860253191266247e+00
1.848984289467810349e+00
1.239979724698507368e+00
3.482577166861331452e+00
6.087047717415194903e+00
5.951335441372038737e+00
2.802322408947563126e+00
3.412797998533033006e+00
1.120286760876037402e+00
4.816150051595726289e+00
2.070049016084746896e+00
