2.474627579113572118e+00
4.526940436094433196e+00
1.319133279449007379e+00
9.959861387810774458e-01
1.799129471482540987e+00
1.295221394103283519e+00
3.641922759875073190e+00
3.529143496822554127e+00
1.889555996576032015e+00
2.457104774304176953e+00
3.434068456262481028e+00
2.317553756766741913e+00
4.054661140608732062e+00
1.633822877268634066e+00
1.460408746894514609e+00
1.142750215486133092e+00
3.160859659237365449e+00
2.374600036504368461e+00
6.696280498566903105e+00
2.461389488103634005e+00
2.838369554184971388e+00
2.531829659484402306e+00
2.023437754150341661e+00
1.202606990386148711e+00
5.456256263994343492e+00
1.052317444191486429e+00
2.333383817110290526e+00
1.019068718882962576e+00
4.560852521615792021e+00
2.260264660337451215e+00
2.664319387400007066e+00
1.150581204015149073e+00
1.014896881219776725e+00
2.818056191436272506e+00
1.898041312006258030e+00
1.108387286008289063e+00
3.555503028477383864e+00
7.305874317052175826e+00
2.068615450451532833e+00
3.409986670487383353e+00
2.529578285687880790e+00
3.176798899983701574e+00
3.597928230087262147e+00
3.891627603424875126e+00
1.005171303942629768e+00
1.355868592458287614e+00
3.402355347835006150e+00
4.044950968426602955e+00
1.667039857117084134e+00
8.957381724352083685e-01
6.524775876212365322e-01
4.133431173636811229e-01
3.900330546107631413e+00
2.414019114373603170e+00
4.134655367063619358e-01
1.377759183807474308e+00
2.243948970316402836e+00
4.418332525098576657e-01
5.007096417851718329e+00
5.909476283157340859e+00
2.177862836140361136e+00
1.049850545719288819e+00
2.970719111647992960e+00
1.744401050599927672e+00
4.172344543521962379e+00
1.245783134056418273e+00
2.631956317265422562e+00
2.616724024765081147e+00
2.057530972171770500e+00
3.717202695070348728e+00
4.460504716300587091e+00
1.614802892788376854e+00
6.980157194716125613e-01
5.448191858991962011e-01
2.412949406261420293e+00
1.664753125608005480e+00
1.337811464366710945e+00
1.623244357895479162e+00
3.391918160915854408e+00
2.030408976065968041e+00
5.204880914176450268e+00
5.733837778436711829e+00
1.687550010329807559e+00
1.916520377305716227e+00
4.736795342988447288e+00
2.511486522127967191e+00
2.254170316007759300e+00
1.657747830713212744e+00
5.333763849182661332e+00
7.053440347276683120e+00
2.022297937537580026e+00
2.551961959706674943e+00
2.958300432213961884e+00
1.912247510684381480e+00
2.293845370628303737e+00
3.709332869571203339e+00
6.726955862593077207e+00
3.726502703146936657e+00
3.035502137680153645e+00
3.343622096976039515e+00
4.072269176079710284e+00
5.243780239632835460e+00
1.911558079348890438e+00
2.098847407276378085e+00
1.538129974461742489e+00
8.083601078615803015e-01
3.705257066928326459e+00
1.170268178776779022e+00
6.500455318775269831e+00
5.787078090671857744e+00
1.505272889826581695e+00
2.114958162296535882e+00
4.039710071027948324e+00
8.551770928234569968e-01
4.156679651742056336e+00
1.613339695545867647e+00
6.058421837617948835e-01
3.938516427464444192e+00
1.036693927140841964e+01
1.213947578722055498e+00
1.039818181167785349e+00
1.470990323719235660e+00
2.810044765210855666e-01
4.729562831834099867e-01
7.748204705136694237e-01
4.334848434938698425e+00
2.233736571138654481e-01
1.880992109121995215e+00
2.084350183320715644e+00
9.156271199410658257e-01
1.003349837418308521e+00
1.627873048387975752e+00
3.016252859791499485e+00
1.976381838674390767e+00
2.132351237113266684e+00
2.850941701990353128e+00
3.130486003526431471e+00
3.905849772702762568e+00
9.949137372956797787e-01
3.002084939306194133e+00
4.731102480290703127e+00
9.547899703856402853e-01
4.149098448179567633e+00
9.986090901250220142e+00
6.776418712356508500e+00
3.069817459439396767e+00
1.747445248372131221e+00
1.230343892442538722e+00
3.145371233644493447e+00
1.328401677005973891e+00
1.304120559317876848e+00
8.206673282897446242e+00
3.741277970183921830e+00
1.549372161380004442e+00
1.885660704750751648e+00
1.415697090129268254e+00
1.263696795960751462e+00
1.864031508757174382e+00
1.001615111070756470e+01
5.603923219929620725e-01
2.317056418180956090e+00
5.060854724033670315e+00
2.859339612181897916e+00
1.321141278211717207e+01
1.703755127328800745e+00
4.775854879052210400e+00
6.112603609908076940e+00
3.433746538739799181e-01
9.862300197758374409e+00
3.239711341784308196e+00
7.639412744847279280e-01
3.501153377436724945e+00
1.467594886667178189e+00
1.243171641434993901e+01
4.728111485849832540e+00
2.340025364235578831e+00
3.467657401904778780e+00
7.576010312665943047e+00
2.485007857781024398e+00
2.618652943340141981e+00
1.258511332190052290e+00
2.882420532038727057e+00
5.647320622762058484e+00
2.899493537834270551e+00
2.800380969245348961e+00
3.116510412060674362e+00
6.586456110522174612e+00
2.865470082584163691e+00
5.030145761226118672e+00
3.597916635718083622e+00
6.673516058796804984e+00
1.877896640743833334e+00
1.830894912364297245e+00
1.855397889306889203e+00
4.643702756154964639e+00
3.792852944480595845e+00
1.298115029440075840e+00
4.316485100627974525e+00
1.407947795111286871e+00
6.498079660468734531e+00
1.336071710892211772e+00
3.570047630278750272e+00
1.953260416243463249e+00
2.002418848193998624e+00
1.617567128752654737e+00
1.028016110256119831e+01
6.964202452681788058e-01
1.783249256579058306e+00
1.674128622438124436e+00
1.346567273333102666e+00
2.275959808603159829e+00
1.792504784716199007e+00
1.476222803403357764e+00
1.521533290964214302e+00
1.038169708688617909e+00
4.940087095482612600e-01
3.623879601455440636e+00
1.486020470892648326e+00
2.984799275528482898e+00
9.131299924794484824e-01
4.067860745611538320e+00
8.120662970524279434e-01
9.174293735035767838e-01
6.757758956788276095e+00
1.483446343413258761e+00
4.947867253495164874e+00
2.989446352255017203e+00
1.868278143339192843e+00
5.038607205466205663e+00
2.443521083059953192e+00
3.670810913056128832e+00
1.038269945502318992e+00
4.070669932380261535e+00
7.372553497139924250e-01
3.224515537589370595e+00
8.865570488009620886e-01
2.301845614330695344e+00
4.176554561691654399e+00
3.581894597430926641e+00
3.593575845645386124e+00
2.414190696781076007e+00
4.947211022363519062e-01
4.439041727076348920e+00
2.797199893953470351e+00
1.685765967707782087e+00
1.669627492745987984e+00
3.163391873374549412e+00
2.743360329154770128e+00
7.416195338318476438e+00
1.131947545913330133e+00
1.671289243640641020e+00
3.628401158678256522e+00
1.257765923665290053e+00
1.388676090909327421e+00
3.741679289156652821e+00
4.889912097224282661e+00
1.651663525113231668e+00
9.734186746967607995e-01
5.181776484371312108e+00
8.121610449155524103e-01
1.215368570796990788e+00
1.525215058365749954e+01
1.051384502687412681e+00
1.251187668934148345e+00
1.878455120564246528e+01
1.904871726834259871e+00
4.125499403691294198e+00
6.925814193490419379e-01
5.207038206119770862e+00
7.709013463456372506e+00
1.395621990613730157e+00
1.230558350070879436e+00
2.381819537185276836e+00
8.801525346381136927e+00
1.200518331007594419e+00
2.718789453939174372e+00
3.020806285244734823e+00
5.299578957437278248e+00
3.097573725469497941e+00
8.714792376403229790e-01
9.030635189611519564e+00
6.904385770361352037e+00
1.687458982353452264e+00
5.099966276636018758e-01
2.659270211351154600e+00
2.076867001530658285e+00
3.848194799713504644e-01
1.936675072630258398e+00
1.505523739527649951e+00
6.526029776519848724e+00
1.144982305962690283e+01
7.720746798451382231e-01
2.532119625974493360e+00
3.992726393491274450e+00
3.031133694206018525e+00
6.123013712427813893e+00
2.783068936462159471e+00
4.876778538899886328e+00
1.159486077786770819e+00
4.984003532013232096e+00
4.586984259209106796e+00
1.809249481533229842e+00
4.906862603750795415e+00
2.360185845628722134e+00
2.794093429732596778e+00
1.290310576696760192e+00
3.787917304172214283e+00
1.590969517103425934e+00
3.660881270954492006e+00
1.131922988982222433e+00
9.543346278550459694e-01
4.209626671203125170e+00
6.704642009041885675e-01
1.089736085000003296e+00
2.341147716068961326e+00
2.398245958234055397e+00
1.683194426889415896e+00
4.449903559456684476e+00
3.124591188418043508e+00
1.293086631260106589e+00
2.759948424920058319e+00
5.685860202520709450e+00
2.015236795200643360e+00
8.118035150249127696e-01
1.690748461745970044e+00
7.920253772831529204e-01
2.016066935499174484e+00
6.858337085919217202e+00
2.714736124511529347e+00
4.488582937705833054e+00
5.717785546900540083e+00
2.580371397480468509e+00
3.130512408149021208e+00
3.802929291327485473e+00
8.033949625283336449e-01
1.883255785247758496e+00
2.399391015888463485e+00
3.458847116051092296e+00
2.172254495494020610e+00
2.264737740136311128e+00
2.468785756504372486e+00
1.043347878465686840e+01
1.463828909824659075e+00
2.864500505216676984e+00
1.682436292760102647e+00
7.590134653675806309e-01
2.886985544327195896e+00
2.079170696019546849e+00
6.408175394421967042e+00
1.017002515633502080e+00
1.773934433677399891e-01
1.881079182695976515e+00
3.027514419165347803e+00
1.487269217515498010e+00
2.499607463577519173e+00
2.904233327327990999e+00
2.480409403934409340e+00
6.066113867923858649e+00
6.552729853285259587e-01
3.988706964005719335e+00
4.654964126661472967e+00
3.215578607477302508e+00
4.044137369146493022e+00
4.111961368019691143e+00
1.573601338500542512e+00
6.969236185859041477e+00
1.206447911701003939e+01
7.390366790554621090e-01
3.949272384485435161e+00
2.973482610951243554e+00
1.233263100679975244e+00
3.445143892783423922e+00
2.939479951405802982e+00
1.794114734975362557e+00
2.831966283921901528e+00
2.050043227006649538e+00
3.247235337137460487e+00
1.657236090786450289e+00
2.717937100274173901e+00
5.273510360562760901e+00
9.114404340899666668e-01
3.460772007862765509e+00
6.115595319182531853e+00
1.667680883298003458e+00
1.901705495343067209e+00
2.092165673202445397e+00
2.243590531039822533e+00
1.027273623486061327e+00
1.835104968966921879e+00
4.133277388508827421e+00
6.470420495972451391e+00
2.390537868139499089e+00
1.521759217754899085e+00
2.459932925779902746e+00
4.042114584679374012e+00
7.107761371284153640e+00
2.994724904768056639e+00
7.134005592834729903e+00
6.291153920347206663e-01
1.836943208422540330e+00
1.621103365518723916e+00
1.275107093554744386e+00
7.927553960125443000e-01
1.786487898404957697e+00
8.791842753361918117e-01
1.232882675464263889e+00
5.224061006855509781e+00
1.411295490386416995e+00
3.139108660647772275e+00
2.885455417648593812e+00
2.377115244590205734e+00
9.714926734766982097e-01
5.805794783948347693e+00
1.939704333494484123e+00
1.687814204856536993e+00
8.311328087566565159e-01
2.295776891568318323e+00
2.627434552307153837e+00
1.456137888437933903e+00
1.142621116823983485e+00
8.837486336335580450e-01
2.168961329081814160e+00
4.485358011619998919e+00
3.892802912744681709e+00
1.248641971807373574e+00
3.330730403422900832e+00
3.743600098640861074e+00
2.133797594512732321e+00
4.276884369563426214e-01
3.440308248791992707e+00
7.759694461550502576e-01
1.537421148086886014e+00
1.385084813299341633e+00
1.970386855584531638e+00
2.642588959840276530e+00
5.424800748439492892e+00
3.587423252286082054e+00
4.303913890907788087e+00
5.122226153155096107e+00
2.510189637248036121e+00
3.268500417698368743e+00
1.176522351455258519e+00
4.872165386107279339e+00
2.198147950342966617e+00
1.043321718404325971e+01
4.149778472382302574e+00
1.449309624550563891e+00
3.411192251478031956e+00
1.566625851719225082e+00
1.853732926734585451e+00
2.024232803118845681e+00
9.891532541548235358e+00
6.320863497047621848e+00
2.421468603923091045e+00
7.663558953387624717e-01
6.990189505118162838e-01
1.144705286129548139e+00
3.020327163740554433e+00
2.726530554907990567e+00
5.473053628578441909e+00
4.700791959026862976e+00
5.450050585763164257e+00
1.288159845165628647e+00
7.796327498276492962e-01
6.948366623709714140e+00
3.763434857337097927e+00
2.702480426409157754e+00
4.325638284094591057e+00
2.000540345736765868e+00
4.562785327725434215e+00
2.077141560484033089e+00
6.957527944162408495e+00
6.380242270198132282e+00
5.044437896090852025e-01
1.222665046944356737e+00
1.225505451747501162e+01
5.432726020512526510e+00
9.272762453573548669e-01
9.070142822043488762e-01
6.007476629567580773e+00
3.426160396064358848e-01
3.943061238823631243e+00
2.253176463088970294e-01
2.575789745134190678e+00
2.980994448858556023e+00
1.158354294548323393e+00
1.640869481197563040e+00
1.582421812456140886e+00
1.818510480307190091e+00
5.399014531264454853e+00
1.583237152785119672e+00
6.695308346199287719e+00
8.744133136263872785e+00
5.905799484536082389e+00
7.537347116486208698e+00
2.768981752450278666e+00
2.492117215930367280e+00
1.576675479112911171e+00
8.376104837822362370e+00
2.747174067839161182e+00
1.961418422509282555e+00
3.041637704999384795e+00
1.056478854812812340e+00
1.956484477852667103e+00
1.639953968622581026e+00
4.891652233003545902e+00
3.124918990828533083e+00
7.996379488294379501e-01
3.293745041507115112e-01
1.943226775889113966e+00
1.369755236565646905e+00
2.265597033276809391e+00
7.457618362189332828e+00
8.751295449386327974e+00
2.773106192970827166e+00
9.665465503427917993e-01
1.234281143199037700e+00
7.881104263976403068e+00
1.449409009919710556e+00
2.375052539335662516e+00
5.224421754176162835e-01
1.272676297209790475e+00
3.579983465616711769e+00
7.050988173450848606e+00
5.663753371717161755e-01
7.380743337317801966e+00
6.921610778563209720e+00
3.095710129629555496e+00
2.619195719797426936e+00
2.496421643214224328e+00
3.826684654079258507e+00
8.260212245916434881e+00
2.192441851433641009e+00
1.031404143057784273e+00
4.060003875267332418e+00
8.212557564388603737e+00
5.636378035931730146e+00
5.674336717051363443e+00
6.766259322813529264e-01
1.580300394082329163e+01
7.431036037115942960e+00
1.488487266302739087e+00
6.066728641075114226e+00
8.570192148472465243e-01
2.145988517742592805e+00
8.424931318262345314e-01
1.828230525938266959e+00
7.024984795459254805e+00
2.889163665778584633e+00
2.470419758586939629e+00
2.631542252212153432e+00
7.102643103716703266e+00
3.194321374241862355e+00
7.016386338126218369e+00
5.134271308124747080e+00
1.972258177325324047e+00
1.156629637980845171e+00
9.629594956250409510e+00
8.269789696286055758e+00
4.484374047227226434e+00
9.802239409383718405e-01
3.863770204323480506e+00
5.722202933905265354e+00
7.876137359887990241e-01
9.762183603219783956e-01
7.596326316848876381e+00
2.052444390358842075e+00
2.615457809358987973e+00
3.189390747176495289e+00
2.133883661735499260e+00
2.008878851038936819e+00
2.385511771398892034e+00
3.189121332951614818e+00
2.520269929073440274e+00
2.351220500851002981e+00
2.112519817013877255e+00
2.423877146121002912e+00
2.218583821429207958e+00
4.263253357354662043e+00
4.668198461997588922e+00
1.680942887404917485e+00
1.403558814551282508e+00
3.638518909552880820e-01
2.056303529325289148e+00
4.055032198826842738e+00
3.029512179097321845e+00
3.425118341934827448e+00
3.983049860267754649e+00
9.105654904403982508e-01
6.802252021080889000e-01
4.519586673266398513e+00
2.869075012585394546e+00
1.013466159294951119e+01
5.637533314915676996e+00
3.347577072345117699e+00
1.458425410754219387e+00
8.883459812795003074e+00
2.249420506664253860e+00
1.766611091073500006e+00
1.814821788268635494e+00
5.627066282602581460e+00
2.750535314684530164e+00
5.774648674690411987e+00
2.224722772884175637e+00
1.605163977761425942e+00
2.083727169001087898e+00
4.358110763184314784e+00
6.758356360288740872e-01
1.613946095853150187e+00
1.957770476978702590e+01
2.267861670480453284e+00
4.102445551558504988e+00
3.795850835177593030e+00
1.129901993574025809e+01
4.387526509095443394e+00
2.482835552185604922e+00
2.911221371465113061e-01
4.676928031357387106e+00
4.920228997937483584e+00
2.969073324513932466e+00
6.064823824543393860e-01
5.724433115777100234e+00
4.532846376728766558e+00
4.498056045518585400e+00
5.550321599744595380e-01
5.382023133573726525e+00
2.496309233430336061e+00
1.828191207601110868e+00
2.989322797300910661e-01
1.266944137734450360e+00
2.086103401127754164e+00
5.916039939147303528e+00
8.400629578674299047e-01
1.892899851134706601e+00
6.414624912921649269e+00
6.354403985566935198e+00
2.686563660943854792e+00
3.809208565882975073e+00
4.388904814636928720e+00
2.526036998568537140e+00
3.531423351625326834e+00
1.217166150404684455e+00
6.447239636605246460e+00
1.517954677860949175e+00
7.309111155085998845e+00
4.221182181993770932e+00
2.445362742871454387e+00
6.164092231964968249e-01
1.321453280045105494e+01
7.188685664534373743e+00
1.872197124586871153e+00
3.552503814930273229e+00
7.693700816072631454e+00
6.437056749310718473e+00
2.474951415041058311e+00
4.745750235041107601e+00
1.003411949401919800e+00
2.646386263544273643e+00
2.701801756273354282e+00
1.539698336165002068e+00
1.865444609721584657e+00
9.069667585677074761e-01
1.694526236885230741e+00
6.259563059560270259e-01
5.899865099950940106e+00
1.629012863894900409e+00
9.531661575420853350e-01
1.171384033568544591e+00
1.634108805802565456e+00
2.019272378758401931e+00
2.311215357356627198e+00
1.871847125530382350e+00
1.829311160595773478e+00
1.148072723117707472e+00
3.978066223045488403e+00
7.284651766830039232e-01
1.696651632830912027e+00
2.721908102494638992e+00
4.045723501304953729e+00
7.013407382729489825e+00
5.258730230612382872e-01
9.924462533608243930e+00
9.175764510281156916e-01
2.688108214336205393e+00
4.954994116994407283e-01
4.299378096957173767e+00
3.306550222178983311e+00
3.616875869072703864e+00
1.966257877660578357e+00
7.275582547586624038e+00
1.655068263103135040e+00
3.702939238319712612e+00
1.297621437201115890e+00
1.838448988813913054e+00
1.072999307913125699e+00
3.105135194306345436e+00
2.665694085943336233e+00
2.210887617836083230e+00
2.374235472645394918e+00
8.196544404995285138e-01
2.171743385808397875e+00
6.920958683633006814e+00
1.306448890145791131e+00
9.042011250391205346e-01
7.163785241845957330e+00
4.528034236032293158e+00
1.602811046206515933e+00
3.378507565846574412e+00
7.049340454251518118e-01
5.166318360624750916e+00
4.723611627110192224e+00
4.605946554807487381e+00
3.205853039879987598e+00
1.336517304236406467e+00
4.832482462527894818e+00
1.882972468100631902e+00
8.738648209495632813e+00
1.430793822298748852e+00
1.347948947859979096e+00
1.734942741982328007e+00
9.186640379306982851e+00
8.256751716191993440e-01
1.135209521125759125e+00
3.306198104488363931e+00
1.047473912326756684e+00
3.657611587400169562e+00
1.288374607166939301e+00
2.524337347825036826e+00
2.260812424054110092e+00
4.583192319798644832e+00
1.106425762741019447e+01
3.083561859951191586e+00
5.333274779191200743e+00
2.844919274778332507e+00
3.711625826754577862e+00
4.491199255859183559e+00
1.886721784485342113e+00
1.274133955098564641e+00
1.119463282431951701e+00
1.727958804373693313e+00
1.210978688232563716e+00
1.560214071656929047e+00
4.421811502944875016e+00
4.222300141725560785e+00
3.395470697782417613e+00
3.594812665464737211e+00
4.401740936893665967e+00
2.738649981961029933e+00
2.813242909718280504e+00
1.447268326466723876e+00
3.522691381261585097e-01
4.108072349600790929e+00
4.518419048424189288e-01
1.161044079091120285e+00
5.610254012065031270e-01
2.677560193083256213e+00
1.818820628490023017e+00
3.746912442462405846e+00
1.362043856137327147e+00
2.983817485319996798e+00
2.747058284251759908e+00
1.325350223616102552e+00
2.462610580317333042e+00
1.115756974911859212e+00
3.134455305356241173e+00
4.713121844729577958e+00
7.213287965126354839e-01
2.280966773576906803e+00
3.912195191524677540e+00
1.625761681179561657e+00
2.027095856298652521e+00
3.335877034583508038e+00
1.278539889880934366e+00
3.381230133561570206e+00
3.581648182255187773e+00
1.267376818951188033e+00
2.220817713085899925e+00
4.035254863447779172e+00
1.813884686404966029e+00
1.025163868212046303e+01
1.462770450852825421e+00
8.547519359485656887e-01
1.441106582484195986e+00
3.944339925849249084e+00
1.314378845647002692e+00
2.202781023434265517e+00
1.705988211153647072e+00
4.700782323505811711e+00
1.127889413184186651e+01
9.223319579557025527e-01
4.375881366961738905e+00
1.798751904225074139e+00
1.750674050375224056e+00
1.851791521895036263e+00
3.139754789190425388e+00
3.459532687712245203e+00
1.043541156344410226e+01
3.515670696716473920e+00
7.517200574889568720e-01
1.837383036924137070e+00
4.481741379250232526e+00
2.861669618427589157e+00
3.228969962732993082e+00
4.596744082737336257e+00
2.917770431600749337e+00
1.570905038966179168e+00
8.310428594982348649e-01
7.692704936042760178e-01
1.491227699879244195e+00
7.678238683947985477e-01
1.482487918852309461e+00
6.075014582341129454e-01
1.430606873956740799e+00
1.459147851629072346e+00
1.959029188241458996e+00
2.406155947568436204e+00
1.022620217339433424e+00
7.466726473131667596e+00
4.217362203951688926e+00
2.299168515023423787e+00
2.371060467655438764e+00
1.647574858029845712e+00
3.078559238953038069e+00
3.079255949001358683e+00
8.145186174271433543e+00
3.676767966944873844e+00
1.796300972374285321e+00
5.845300034250457966e-01
7.899125118371428833e+00
1.676308006662101668e+00
3.692517871325885270e+00
2.448798966696572155e+00
4.081627977037887156e+00
1.756098978090748997e+00
1.620922096685502911e+00
6.846461344206334898e-01
1.778395947761696405e+00
3.133492529547043048e+00
3.656602744033701224e+00
1.367654686421940546e+00
1.867164754273773264e+00
2.779506511699760818e+00
6.657156895775597327e+00
7.817857826101303198e-01
1.897748534960118860e+00
1.757130679283652963e+00
5.506208294556639515e+00
7.562083966285950698e-01
1.260361070335904499e+00
2.937639698899886742e+00
9.169771193939821430e+00
5.396565682568929212e+00
3.616494369014377153e+00
1.674820454837442574e+00
4.903947398579044936e+00
2.622602741718695007e+00
2.086525229528576553e+00
1.089934231864565506e+00
2.297392959535582868e+00
1.022016281430672535e+01
8.188747639683580104e-01
4.998928334617265823e-01
8.289534735964347867e-01
1.801384797740859911e+00
7.322018215461593371e+00
8.777516967260407199e+00
1.072062803534773234e+00
2.465930260519338724e+00
2.873248054839523391e+00
4.378502914724803574e+00
3.330960760608996818e+00
2.606420913757677038e+00
3.204253787035381329e+00
3.207467097862774619e+00
4.699483551155769767e+00
5.288355329578762642e+00
2.465329437342665297e+00
5.539320211692693618e+00
3.966285969450545235e+00
2.525306071426188126e+00
2.804879738059992356e+00
1.760697520826620011e+00
2.557222844538029172e+00
1.328472221750914617e+00
1.128353458667069820e+00
2.196297419363848924e+00
3.432588501862441799e+00
5.635618714490290282e-01
6.581459594911610589e-01
4.702587647535622750e+00
2.547192550171066827e+00
1.969505867257431486e+00
2.043354688783594497e+00
1.016960831760144401e+01
6.731240042018952430e+00
2.286627503487641988e+00
3.032766767386452234e+00
1.353294530452995303e+00
2.522461938129028525e+00
2.701994339928758926e+00
5.775160440213242374e+00
1.666069976363665051e+00
1.834386478733252002e+00
7.187392734005191741e+00
1.617143811101901862e+00
5.223205160104097411e-01
5.513282457434645067e-01
1.231112254675752471e+00
4.052904744291190298e+00
2.027618654498116513e+00
1.712168083250348027e-01
1.867232915145085048e+00
1.455614701185837578e+00
2.638257679431303959e+00
7.430473572276298233e-01
5.593170198922926772e+00
3.339100448772291507e+00
7.596225025638616568e-01
2.128981523994333713e+00
7.287683464547743739e+00
3.626526253485512274e+00
2.237160279852051570e+00
7.770803421239034225e-01
4.056678947405998881e-01
1.516059244631616565e+00
1.220948701564360972e+00
1.723859239001984678e+00
8.132063908614039605e+00
2.918755276051045122e+00
3.418386315131523023e+00
2.567464431577816342e+00
1.021696210022700235e+01
3.223001545093919340e+00
2.786286977450011637e+00
1.941114935106203365e+00
3.053072328967854965e+00
8.673588909784788470e+00
2.200663930062281892e+00
1.697523565825360237e+00
2.020708998641508991e+00
6.515226298793876936e-01
1.189808646826122196e+00
1.851972744732271803e+00
9.815993148155351955e-01
2.900762658030821006e-01
2.582914006415613084e+00
3.750156467373443103e+00
1.151063699960230391e+00
1.233049709347480372e+00
2.058632234939095085e+00
2.491669865721226618e+00
2.588333669890030109e+00
8.414951799677893973e+00
1.005795871324321800e+00
4.612560981915906910e-01
8.387629543980885671e+00
8.341608039770633809e+00
2.399577149459258596e+00
1.868802310640570896e+00
2.555003044537846879e+00
1.063189227689518734e+00
1.177402084967809737e+00
5.439468609225663442e+00
2.311007952981953828e+00
2.980952449566514950e+00
7.414635887710200990e+00
1.260019705619718433e+00
2.815797319822974210e+00
2.152938590192517765e+00
4.189447219266829947e+00
2.717740761246020931e+00
6.164486324403866124e-01
4.276597416935389973e+00
5.429042533046160912e+00
5.814999030158576332e+00
1.217810143818124402e+01
9.435548924811498761e-01
3.314130480009365165e+00
1.934401038083561897e+00
2.693145654080892903e+00
1.108381825057017878e+00
1.274200327859654980e+00
3.000038928333916388e+00
7.180185515984082834e+00
8.881911589496083170e-01
7.273475091755625677e-01
7.998428874958261048e-01
6.128688916131013187e-01
1.130041953456249582e+00
3.350663113782780922e+00
5.736813070916981339e+00
2.008575443106023428e+00
5.521952016271404418e+00
2.393566202931407094e+00
4.448458757540287301e-01
3.662406063693353531e+00
6.518177404592674584e+00
3.097620856496710484e+00
2.618803136246803387e+00
6.901698078424218785e+00
