6.106958444941371411e+00
9.726642895176039971e+00
1.495739910103378811e+00
8.915231701732160730e+00
3.871571851945339482e+00
2.404184660719559830e+00
2.351815605083858340e+00
3.402998350024293739e+00
1.563837381635499790e+00
3.653883415420400738e+00
4.158159504965268205e+00
3.076164647401048668e+00
1.726487450559127446e+00
1.269606145348907589e+01
3.906274785234727709e+00
4.035800053169872115e+00
2.563442361860337027e+00
8.258332070628168209e-01
2.718883574059409725e+01
3.713311782317592069e+00
2.942351428464354601e+00
2.988043697795830678e+00
2.492151815863099085e+00
1.959542528677482354e+00
6.241826457058213151e+00
6.292975963925326433e+00
2.886796303305282585e+00
2.110710530102054339e+00
2.643718843176867228e+00
8.496379043568026646e+00
3.300792607706978465e+00
6.214373965108356046e+00
5.479139790885638739e+00
1.884210789760948801e+00
1.588687424363381240e+01
4.729335640819697595e+00
8.327854393133367061e-01
1.897269458662502739e+00
7.724995625124345899e+00
5.749581739986635576e+00
6.193805328792797660e+00
9.728913209266824680e+00
4.965357737868586696e+00
1.455689647432977196e+01
3.803669911906647272e+00
2.969661327532619310e+01
4.481674001159182019e+00
1.961449627215577962e+01
2.971467529781308237e+00
2.818998064573822404e+00
6.655940425721886378e+00
2.135426702256892018e+00
5.333875356542488788e+00
4.056357220143785192e+00
4.047880962577831809e+00
1.114746507942229314e+01
5.197374571994076931e+00
2.467698491694393148e+00
3.141312352743574454e+00
4.645529000620670423e+00
2.575014189956046362e+00
4.839956940928036744e+00
8.753938845460981000e+00
3.362621171376611429e+00
2.236685228213397547e+00
5.478748950939176687e+00
1.667038376823952506e+00
3.915096691948866781e+00
6.718267086640280716e+00
7.269799921044469926e+00
2.212837883287342766e+00
2.220139439963813466e+00
4.663699566438507027e+00
4.917179151706199569e+00
1.271477303518727009e+00
5.728965486529068230e+00
2.035851011004013777e+00
4.171050681204244270e+00
5.957140387300549733e+00
3.609456463241758062e+00
8.029164860359893297e+00
4.293195059821736770e+00
4.812323303793506923e+00
1.587216794827974287e+00
3.389227123659900087e+00
6.798786208583930346e+00
3.114925017529123874e+00
5.473698825452220085e+00
1.992501217025993032e+00
7.266625905712976952e+00
1.227337509284217631e+01
2.310675568146905334e+00
3.269274495176543116e+00
4.833760994035706915e+00
1.505419727147784714e+00
3.823671187199785937e+00
8.527756626840805154e+00
1.209398428299416572e+01
1.618668614426359120e+00
2.412318962133619404e+00
7.329633681684195601e-01
2.166566065902950200e+00
1.584947733954927607e+00
5.812494799498588272e+00
4.186833193606636527e+00
4.390955881917205872e+00
5.595959029914787664e-01
1.075546107600175105e+01
2.953457524919508859e-01
4.246352056687554111e+00
1.063573527483530867e+01
2.259293058014675726e+00
2.724205647071190839e+00
4.835003824753453472e+00
2.541516099716609745e+00
1.801195055581999327e+01
2.789413562987340001e+00
3.632039235920232922e+00
8.677122772668834472e+00
6.574672498874774007e-01
2.973678824483957150e+00
6.561048723686224271e+00
1.778352793272533816e+00
3.599647097202693935e+00
3.298458179700310744e+00
5.672698773284047036e+00
2.279333988187661753e+00
9.046046562239742350e-01
5.722929678398095632e+00
1.803356692044362219e+00
6.755616970693904655e+00
3.244580609310388830e+00
3.818026907469681763e+00
7.819827751295933993e+00
2.550448603335697673e+00
4.030995027163275068e+00
2.697220704310244077e+00
8.366548896888974518e-01
3.973767926914509196e+00
1.012468565627371975e+00
2.337003485982022788e+00
1.245099536546339714e+01
4.615806980791735015e+00
2.875619855897841859e+00
7.545494322436427481e+00
3.296045376462616083e+00
3.615046778704907204e+00
5.637692584775612303e+00
2.845569367478750333e+00
3.624355701995392476e+00
8.271316834461497791e+00
1.115603039795764362e+00
3.166036553905831497e+00
6.602942726042773991e+00
3.497014102405205715e+00
2.873756147359988855e+00
2.541038400232864980e+00
1.959436566216249620e+00
8.144034436912109598e+00
1.607639721111667086e+00
8.810679086436277174e+00
1.517771109760128967e+00
1.055894019478811074e+01
4.448168744518675943e+00
2.616225373401857013e+00
2.424988438045983408e+00
1.646760554752081607e+00
3.197800937965404877e+00
3.617517667965874484e+00
1.696246139270680686e+00
5.560128013652568590e+00
3.290945349257061281e+00
4.185486254042078080e+00
2.966509857365250191e+00
4.703277929502493571e+00
1.980008767547118076e+00
3.143536496290850302e+00
1.531555172645577123e+01
3.834556035203885216e+00
2.762414313554297340e+00
3.504563179870975098e+00
2.695853865378087466e+00
2.152348173015120825e+00
4.717569713670096476e+00
2.557812298116128424e+00
9.887939540025647567e-01
7.230468644580883897e+00
2.186587193819134800e+00
6.821797114890693070e-01
2.989599330749157957e+00
3.237424909360083980e+00
1.366695929266687815e+00
1.934112438430859671e+00
2.591959916639535066e+00
4.496906670362785796e+00
2.085130370798968791e+00
5.322641183664625686e+00
2.009227107539430346e+00
5.593745249644724638e+00
4.180289966034469451e+00
5.869719446202973145e+00
2.744149066352028932e+00
5.266341918674621425e+00
2.679391164412855630e+00
1.506830083431420331e+00
2.247350119357807152e+00
4.054863204764034279e+00
1.645694101965450740e+00
2.985607911302980089e+00
3.975116333219596676e+00
1.106101685698490655e+00
4.345714396524851253e+00
6.608661418509090169e+00
2.683793874522807599e+00
3.943698637930495021e+00
2.537482796904040327e+00
4.423439919625257843e+00
3.313065005215598546e+00
1.012826334268879025e+00
1.927000270120204473e+00
4.936872895186917631e+00
2.367040592734124260e+00
8.379928250537181711e+00
4.588248691242625021e+00
4.588682729171285501e+00
4.861101513873551383e+00
8.149241103144561293e+00
2.128607247422201532e+00
2.907132095979679587e+00
2.546242538126294974e+00
7.343497764268958505e+00
4.826866515402215896e+00
3.935124491116995138e+00
2.501156020880278330e+00
4.850223141976327312e+00
6.151817263897020105e+00
1.968439481852252015e+01
2.145393629332573937e+00
2.807512965236884206e+00
2.003005285327644547e+00
8.573902029232225885e+00
2.257318074507601580e+00
3.711037717518318679e+00
3.114275353704340166e+00
3.205238411622691519e+00
3.991438432795872959e+00
2.142760664909921342e+00
7.340743582695312242e+00
4.634558690685903315e+00
3.409121797078610960e+00
2.992202642080441066e+00
5.253732093471546349e+00
1.040452697152610995e+01
3.147591364041622430e+00
2.947759807970396384e+00
6.256536803684497272e+00
6.096598323220249860e+00
1.813213337178100737e+00
3.160700817936088036e+00
2.697778400665263199e+00
5.041609914352834565e+00
4.235216029883343225e+00
4.516929545110398014e-01
4.668040780381945254e+00
9.716296800758057017e+00
2.986371863727719234e+00
5.505472783839636008e+00
2.010659224720367177e+01
5.477855010887840770e+00
1.066612713435602267e+01
6.207586164118084504e+00
5.321311273248183760e+00
3.669209026448124966e+00
4.810330277620152195e+00
5.073772632773563274e+00
1.738734655724565981e+00
1.906464251356628559e+00
1.848187446411710066e+00
7.350451928055644402e+00
2.939983442143422998e+00
6.209369377634312848e+00
3.898283515682606115e+00
4.676441155838341857e+00
5.316097784138586135e+00
4.513202232744121467e+00
8.507433007540175396e+00
4.181302981840930855e+00
2.210515700015025065e+00
3.318847520959487873e+00
2.291544576650902165e+00
3.200733951803789168e+00
1.240897425280016364e+01
1.683567891648395154e+00
3.539335762718530454e+00
1.145534275809986235e+00
9.128659564079468325e+00
2.280145836277606364e+00
1.164678025265267314e+00
5.805799483642605452e+00
2.892253883440062623e+00
3.028999365230334639e+00
3.167054501996951821e+00
2.901715991935253314e+00
3.207630934536697342e+00
3.638917912842289049e+00
3.353493274668180035e+00
9.016897933964486356e+00
1.983119176357665436e+00
3.139070236563893168e+00
1.223844682602361678e+00
1.256221470194831991e+00
2.459500467857980599e+00
1.702015671225428628e+00
3.129195286052289138e+00
9.394950980037052091e+00
4.147647628552121546e+00
1.246309110450769086e+00
4.693682689916844453e+00
8.928906310617215070e+00
1.929784839396397444e+01
1.580504184551646762e+00
1.765082712539565080e+01
1.768430323532636850e+00
8.908751045391511969e-01
6.701140745862923964e+00
5.764250884831462862e+00
5.001112137893004572e+00
4.738793065317993047e+00
1.565194036007980793e+00
2.530211903212799651e+00
9.042731927805821357e+00
3.622063874138472084e+00
2.949459583979113120e+00
1.953431679108766694e+00
1.106268674493293913e+00
2.784554709686454022e+00
4.291108800742588159e+00
9.563834298242424481e+00
6.791280017176292816e+00
1.589678369320559836e+00
3.946921332683682504e+00
2.260038372505335680e+00
6.924818709561273877e+00
2.652128146211362392e+00
3.287175397561937551e+00
9.395186145905276121e+00
2.610650262468459992e+00
5.304462513964650405e+00
2.910938568746237021e+00
4.168555671083693959e+00
4.346144750072198804e+00
2.642634812960560353e+00
2.396980362308720913e+00
1.473749508103183281e+00
4.115331449432740207e+00
5.691990242290804858e+00
5.781127934406698365e+00
3.581096880010127048e+00
4.861075749116832156e+00
2.852657108796954333e+00
3.793753697070827435e+00
5.564986993172258423e+00
1.504125797642043016e+00
1.575483935943429614e+00
1.515002229885451746e+00
7.653378563202413609e+00
1.939556802086895182e+00
1.915709357479175701e+00
4.382586549375101725e+00
1.011998657479751040e+00
1.893491771621725217e+00
6.299532084333381299e+00
9.888493460450563433e+00
6.579993790958974742e+00
1.329135378865475658e+01
4.806781656130864278e+00
7.607134984928221932e+00
4.843959214381413858e+00
2.958169513403559048e+00
5.105568743448648306e+00
5.272104786045274771e+00
3.692186147302801924e+00
5.178799513743722827e+00
1.016190511173370936e+01
1.651925115129682808e+01
1.118655212643844621e+01
4.138962450148831351e+00
2.587438796801474705e+00
1.175732469271634884e+00
2.901538813870486955e+00
7.207816280801644382e+00
2.747497009377332766e+00
5.694359425234385874e+00
2.956645798036423578e+00
3.569564763613629843e+00
2.117777103131224692e+00
3.727089704189266772e+00
3.398876941125707152e+00
3.199884587315103612e+00
2.279747021219856951e+00
1.226649702912975570e+01
3.516930373365128926e+00
2.003705538206226322e+00
3.116639688364975846e+00
1.020048100182990503e+01
1.490267640597882304e+00
3.505037736710873375e+00
1.635164940993084848e+00
2.469896617154156537e+00
4.712735543601834109e+00
3.061738664259101128e+00
3.712586264370255851e+00
1.916950978930360483e+00
2.054575832192142126e+00
2.889791476433953399e+00
8.584506424507864608e+00
2.038947520728958462e+00
3.271927500270412015e+00
2.300562333504668544e+00
1.928574214599281245e+00
2.989476329598519388e+00
2.382277125769604709e+00
2.110892151705440423e+00
1.269379148992470974e+01
9.524406107386539588e+00
8.226663933524996253e+00
1.159333762175142724e+00
4.610849014795115330e+00
1.779869688717103937e+00
7.341039707495010447e+00
1.115891244237310787e+01
1.537965153476973157e+00
1.394367792409501705e+00
4.812989134391464141e+00
1.475269932225729441e+00
1.262241132731882320e+00
1.271819526717257176e+00
2.240062672117927089e+00
1.531502145069487231e+00
6.993574345059501596e+00
9.374873703989255347e+00
3.241555484605235460e+00
3.958037360064425858e+00
1.675324000199241326e+01
1.744201184557023554e+00
3.750341310209843737e+00
7.083274211505388607e+00
2.593099625406412656e+01
6.482274039865934867e+00
4.047348702448309687e+00
5.972102577277268232e+00
3.865610149337788126e+00
9.273373176999422540e+00
3.888712124946509086e+00
1.955933313531473594e+00
5.808506388185597835e+00
6.490243991470363127e+00
9.081634410708902649e+00
1.575950703002263253e+00
3.129237268068301603e+00
1.482508693722063287e+00
3.790767275982487305e+00
3.636902999663694125e+00
5.016215045354629254e+00
1.533132146855520794e+00
3.484874671657556711e+00
2.393094480238275423e+00
4.029046667080719679e+00
3.432485035981466925e+00
5.074496430210921005e+00
2.667448941278325769e+00
4.350663055007327529e+00
1.886883514877587986e+00
1.828959287514295040e+00
6.811934069043497963e+00
6.279684089159676574e+00
4.436911469545719022e+00
2.887694366876170982e+00
4.858349657043103953e+00
2.453364227530359098e+00
7.513322964112119529e+00
4.638035172175655418e+00
1.437306452929444589e+01
5.020765038257896329e+00
3.858597879356741256e+00
1.661658041926981966e+00
6.356782121035103650e+00
9.847447790007661794e-01
8.956639812079055574e+00
6.188252914838312080e+00
3.088208444075132952e+00
5.233522791260668328e+00
2.155870859654835492e+00
2.675101924206900517e+00
8.234338841300418155e-01
1.388166456866074761e+00
3.850955710160291368e+00
4.791496101098279503e+00
2.564773136501632855e+00
6.152005624881457635e+00
3.181929479015046969e+00
4.539676270099492150e+00
6.344055209404507067e+00
3.025697448006505752e+00
1.817890561558807461e+00
5.572317969595070863e+00
4.936097841010703924e+00
3.352147533743344177e+00
2.308447265081881028e+00
4.566399077529236905e+00
6.387836325317102215e+00
3.144882050156081910e+00
3.845111111266823922e+00
8.898748304611322268e+00
5.398518685933292538e+00
5.392849468417429293e+00
4.080879924094936051e+00
7.091017218300346592e+00
3.234263781576724117e+00
1.490669634307718372e+00
1.581576156260170007e+00
4.189206717073622244e+00
1.416572296807212439e+01
4.054713447078971633e+00
1.795341017641765236e+00
1.057196796392992022e+00
6.766285984524883723e+00
1.474771386409617691e+01
2.303913099782342044e+00
2.165927956348980832e+00
3.805420454084794013e+00
7.923181827121810628e+00
3.387884809063142377e+00
4.744206492822698351e+00
2.894800416515546537e+00
4.937792505825505884e+00
3.709576656266152295e+00
3.460802427713632223e+00
2.629137075981194371e+01
5.964140160140436464e+00
1.215040908250154539e+00
1.726255370867505246e+00
2.950201372875643546e+00
8.032393282428810011e+00
2.142090368141681189e+00
2.373299324841453117e+00
2.038751295182545054e+00
2.209008304315242199e+00
1.760396068558942373e+00
6.867832108255938373e+00
3.727186775270533214e+00
3.750553805661712481e+00
2.270673814189903439e+00
3.539727781043398469e+00
3.098324872301001953e+00
1.657764520975637268e+01
2.281870699343585329e+00
7.969226292642183296e+00
1.985119172397060927e+00
4.639540793086746717e+00
1.423530050608813990e+00
3.685049939840443933e+00
9.325753528264685954e+00
7.670723490733396543e-01
7.732321261318717553e+00
1.954656495361456692e+00
4.777735723460877715e+00
7.675009651937862998e+00
3.103169081494022929e+00
2.763528887696399039e+00
1.484348336698803550e+01
2.268537648493860637e+00
4.911635391061261124e+00
2.546782863197282865e+00
5.374310675950168203e+00
2.229711219373285758e+00
2.892263721734568804e+00
1.491751947066808581e+00
1.044282121971624910e+01
1.395545556892088035e+00
2.536099671080459306e+00
6.638552101631199243e+00
5.567582113366526642e+00
3.300004314697361885e+00
3.018743639518842059e+00
2.144384418280786075e+00
1.255858498778673615e+00
4.184511425023954345e+00
2.987533949311092396e+00
6.887332174193268486e+00
2.863727604826329376e+00
4.987215871038792159e+00
2.686846831379166023e+00
1.932273454144570080e+00
1.660698423861713957e+00
2.506854078010678943e+00
2.790936183888494959e+00
1.809115766060041652e+00
1.774529843167760523e+00
3.983499071850649997e+00
4.996575341187780239e+00
4.064684085361260912e+00
7.424567805852545277e+00
8.854270614277879758e+00
1.499777130189346774e+00
5.285533995996964940e+00
2.627234669834666025e+00
4.901832953509613233e+00
8.888123533528762721e+00
2.444021369829757706e+00
1.863912731479099305e+00
5.994381224568211763e+00
5.765996541630609151e+00
3.224710179848365943e+00
8.632563555288538248e-01
5.535458165268874353e+00
3.048231117236270382e+00
3.894472151774650115e+00
3.969307871498588103e+00
1.181980015923250971e+00
1.453723957780664211e+00
7.261962618891283583e+00
4.848916792574554435e+00
2.116871771466328322e+00
3.087684104017874631e+00
4.957926034727813125e+00
6.074122387778184695e+00
5.618684336290843184e+00
5.453440405341700270e+00
1.186753463069050163e+00
5.237478294216238339e+00
4.316670459835611595e+00
5.781749238714177785e+00
7.147751573966357741e-01
6.050341845294799903e+00
3.338041835693300374e+00
3.970218654403070868e+00
5.294165507953318084e+00
2.564069391653908792e+00
4.814008729416288546e+00
5.909865512931466114e+00
4.670220383450923940e+00
3.071321089645468572e+00
1.007879432590910973e+01
1.706472026630280414e+00
1.929288202685399245e+00
3.268475267499501680e+00
1.931094853774948383e+00
2.184244245877702273e+00
3.558659724665611535e+00
9.203268655423549660e+00
6.887407032159830855e+00
4.284537339410459111e+00
3.138583948595519590e+00
2.705651151605998894e+00
3.423419252400633273e+00
1.091306335752435785e+01
3.006637568297030771e+00
5.431235234640194420e+00
4.132119426746328372e+00
3.038818511584754134e+00
1.261070926201247744e+01
6.689589409133371856e-01
1.860790031554999890e+00
1.587848752375232486e+00
2.935355982704307198e+00
6.797519283245762267e+00
3.248457066748688060e+00
2.320481527765968277e+00
1.304981320520582067e+01
1.021067496831677879e+01
5.155456926415219243e+00
2.752155465330806461e+00
2.922803119542573214e+00
4.124502136632108851e+00
1.325572656873109656e+00
8.008886244617814398e+00
2.985811584850697642e+00
1.279217920646053841e+01
3.773298252554769583e+00
1.574238021396585019e+01
5.291168464075851396e+00
5.968157440835383021e+00
2.273873001974696884e+00
6.285147817227491274e+00
8.167138374564071768e+00
5.918293193997181234e+00
7.512412275094961345e+00
3.557968908588359458e+00
4.517172868134718300e+00
8.956901782098461995e-01
2.557617718375233995e+00
1.691151121709825178e+00
1.050943247795057900e+01
2.627072413863082101e+00
3.205024282130037427e+00
1.447730834008366108e+00
5.613389107691163282e+00
3.140226153232068995e+00
2.614380039928314137e+00
4.321670504275433089e+00
2.091329296196325238e+00
3.332705352144952116e+00
7.855538628428949011e+00
5.689287777134552471e+00
4.537384886565915210e+00
6.424496322078192989e+00
2.235588575031249636e+00
2.719320623329202657e+00
1.964391049345558082e+00
3.341103922369670354e+00
2.373807273058425871e+00
4.882807164973197445e+00
5.184276110538691640e+00
2.351804910089088096e+00
4.388322953848523333e+00
1.859281944834412004e+00
9.049003777756109201e+00
5.003861059866499872e+00
3.263154221688131074e+00
1.346125069014121678e+01
4.912997067915629401e+00
3.005274263877397267e+00
3.104384272325193539e+00
6.157415412322207793e+00
2.745834252572626699e+00
1.148488910200860147e+01
1.617920567233496421e+00
3.198347946748928639e+00
3.510458843666293127e+00
7.036545129098053408e+00
1.508740873238058500e+00
2.991571758332732145e+00
1.141470360646311555e+01
1.608881264282194135e+00
3.961354668525224110e+00
8.236025480378438290e-01
2.347435448969640959e+00
4.896129118640609512e+00
5.169763288737525997e+00
3.794501318351488628e+00
3.923432917408423926e+00
1.391662486053427905e+00
5.138016078377983575e+00
6.223548561919840516e+00
8.586670499304762671e+00
2.248084515979953846e+00
1.275850503972940864e+00
3.977724718213803801e+00
1.345498702221258780e+00
7.126165575809295660e-01
4.362148655302753752e+00
2.951299541036173757e+00
2.078226319148635426e+00
1.136307007949739400e+01
5.143891017678205557e+00
2.240148749813846596e+00
1.151291301674426393e+00
4.658900978005435789e+00
6.143246193943857847e+00
2.295089923621481010e+00
2.749168919753655516e+00
1.735005853113749552e+00
1.008923825191828172e+01
6.185746908015133272e+00
4.872413921537674497e+00
7.840910451788557722e+00
4.396807982757973576e+00
1.856776990610897071e+00
5.258518889601322854e+00
1.418139984316205293e+01
2.161550905336622197e+00
3.476063712632367686e+00
5.643275290269937017e+00
4.781653916931950299e+00
2.046536546860146188e+00
7.573965717933774933e-01
7.641028269605892653e+00
1.720481746191112382e+00
3.987272008313350380e+00
4.867733910481544690e+00
4.266681098866508925e+00
2.310299929485728931e+00
4.241077589006510884e+00
6.636217428883633751e+00
2.527627579629154653e+01
9.277069829880648655e+00
2.737254730891113930e+00
1.705518755373626405e+00
8.841713695999766642e+00
5.377877965673250493e+00
3.469107254895866355e+00
1.503751688840188372e+01
8.201445026993738896e-01
1.289232585236500128e+01
6.032685831405034449e+00
7.210537860751010442e+00
1.006981968479849598e+01
4.138531520315719803e+00
1.921198150393168991e+00
3.536862349152036789e+00
1.095309778787165378e+01
2.438996205467047318e+00
3.168114165752790257e+00
2.416174083318227694e+00
1.009804072088265237e+01
2.376249174538004549e+00
4.027237823294346875e+00
2.091414178789428036e+00
1.784372085873942915e+00
3.688086329600861024e+00
4.567068720286649786e+00
1.017461996526548162e+01
2.429604809012917421e+00
2.461479134156089543e+00
2.870103892573121485e+00
1.289881542037927264e+00
9.204825311782222741e+00
1.795045436420126705e+00
4.088527872512558226e+00
7.640219386698843707e+00
2.682422517257725403e+00
7.843066794333206637e+00
1.006723547075637271e+00
7.516719035694455542e+00
1.994447247189628403e+00
2.887576589724968557e+00
2.344789615745427103e+00
1.076287854805376476e+01
5.418681906787098157e+00
2.010935380195666866e+01
4.483587000632785369e+00
2.517099142700452319e+00
4.200656452384298412e+00
4.496563565181917355e+00
1.319479777994340575e+00
1.471476675679991253e+01
7.505341864196435786e+00
2.040794066242379579e+00
2.878914421526893364e+00
1.093269238884366956e+01
2.590001683177284519e+00
3.032788008162911275e+00
6.067746137223336333e+00
6.732950430730238800e+00
2.510566759013627092e+01
5.904969518067138878e+00
1.620046336547514398e+00
5.521859473441635302e+00
4.235805592718414836e+00
3.437704840692295871e+00
3.363264768438050556e+00
4.501001740226254988e+00
2.752123251890070232e+00
1.331215792129571085e+00
4.194932788685978409e+00
2.209108615350453775e+00
6.463108953025265890e+00
5.831152410570507705e+00
2.567719866617796054e+00
5.094955619073266107e+00
2.822227064998433121e+00
1.105628998695970644e+00
2.800015027304816329e+00
4.609735954187010876e+00
1.225987458589161427e+01
7.405818836289023821e+00
5.917931458990004501e+00
9.294666196093359645e+00
9.931920117303562279e+00
1.049395645708486313e+01
1.361046972518717446e+01
8.645430936074411932e+00
1.537044259300737403e+00
2.185412667171424239e+00
1.137732708062600295e+01
4.336578155854716066e+00
6.170182287840078494e+00
4.157101029991373764e+00
1.030097637213416917e+01
1.024941017860813375e+01
8.089938066474374745e-01
2.341051343799872786e+00
2.380367784553867772e+00
6.952563633058624681e+00
1.522263922214485365e+00
5.074979655610434293e+00
3.914410964709913898e+00
1.625896440694912570e+00
6.569637101152314251e+00
3.037911055784449754e+00
1.179162393865184510e+00
6.614995358784463875e+00
3.883333633286815356e+00
2.053618756566284009e+00
4.203357318992524405e+00
4.145774411669475690e+00
1.667806938594962762e+00
2.017446615336802473e+00
2.740415695649333294e+00
1.664580605616403863e+00
2.839818924771058128e+00
6.298693811451887115e+00
3.988992146519439785e+00
3.997365186990832431e+00
4.421310579714791800e+00
7.768969860993335530e+00
5.934771229342769239e+00
3.783451958808860649e+00
3.129399119839981758e+00
7.615404194305859242e+00
2.527405713818608124e+00
8.035530534617132403e+00
1.749858393425415715e+00
1.743079596140090004e+01
9.618982809740208140e+00
2.347645069788149907e+00
1.508470882961691739e+00
5.533689775068789451e+00
1.357858137868323434e+00
3.328634224439111389e+00
7.900746665469850605e+00
2.508497664922130443e+00
2.969795038159226408e+00
5.191498394595980281e-01
1.191135019638407577e+01
1.280967330446373609e+01
5.081659164859294364e+00
7.020480310571930893e+00
1.820212572632179260e+01
7.585287767135728387e+00
3.894330474230663697e+00
1.896652301179005740e+00
1.673825672561928934e+00
2.465665935735454006e+00
3.243799350396495029e+00
3.682225619480496537e+00
8.419781276586389751e+00
9.585508452157110781e+00
7.856975192233861094e+00
1.219868764477452405e+00
1.067261334141850426e+01
5.989770757641389665e+00
3.784012970522900421e+00
3.186445412339423022e+00
4.348941689864436633e+00
5.033694902480076117e+00
2.201260402062341193e+00
1.239564903583784794e+00
4.123206553168149213e+00
1.307026693911615212e+01
1.119354903720190197e+00
4.431838437528222485e+00
7.384627906879646986e+00
4.914603123468048729e+00
1.604981712126843973e+01
5.452397775511731659e+00
2.838385273419123056e+00
2.024557035844491093e+00
2.077478716126226921e+00
5.613375553497787607e+00
2.659266961698025344e+00
1.632974906491368117e+01
4.346275576985449085e+00
1.521774793192681052e+01
5.310950900562771082e+00
3.350171640104395721e+00
6.205855998814703511e+00
1.261594375557577408e+01
3.389487993548931399e+01
2.149944910430998668e+00
1.283237658193224640e+01
4.876674856672352121e+00
2.396249073719715739e+00
2.924453705578762719e+00
1.264970628440925182e+01
3.884026551527957949e+00
5.642810870396695933e+00
1.644029302977235574e+01
8.482599798124695667e+00
1.412192462143052607e+00
1.985556975697489568e+00
1.515880455776095426e+00
3.158485036133352519e+00
7.957485416241407705e+00
2.789011133343055615e+00
2.368817102746801240e+00
6.103570490981431007e+00
2.388288905687978136e+00
1.734416896361355098e+00
1.972607635905848200e+00
4.071281110400253311e+00
2.424856354963087934e+00
2.995458464239437735e+00
3.025257520905950681e+00
5.646137474257569622e+00
3.396489505285742005e+00
3.988230578821444716e+00
3.399328614651597302e+00
1.608425515548393303e+00
