2.245577607356525895e+00
1.843529966309004786e+00
5.862534731539003063e-01
2.764879280813882012e+00
1.552475012455424519e+00
1.676287334065357237e+00
2.943055048985339539e+00
1.733582472763895321e+00
1.605290642361868692e+00
1.916592389225322268e+00
1.515722577895378897e+00
8.606215472391618437e-01
1.812002608337197618e+00
1.718671258414550707e+00
1.681583998976642125e+00
1.815224899560792027e+00
7.503680026545163084e-01
1.367377387954962220e+00
2.108866308990810179e+00
2.555275715939238079e+00
1.090102405896433257e+00
2.311812575540675763e+00
1.527373144216529921e+00
1.298645905820416724e+00
1.659741095351111584e+00
1.088534136586488676e+00
1.599356016672198066e+00
1.399050423656256203e+00
4.489243668117489650e-01
1.412292166934667303e+00
1.096697759645433257e+00
1.694340465061906498e+00
1.154026947167719364e+00
1.081443599088836471e+00
1.368600012615455608e+00
2.423747753719901254e+00
1.864833144489959960e+00
1.834968733955486542e+00
1.187791059972280072e+00
1.937062635486307194e+00
1.362266052343437783e+00
1.568689297262289450e+00
1.305253799110652313e+00
1.583920143760371602e+00
1.249558500824885732e+00
1.224905144194232021e+00
9.558146620678468208e-01
2.311074345569621435e+00
1.655934989558052184e+00
1.798547355546564308e+00
1.559715801123871426e+00
1.814242097493171224e+00
2.417966077758919141e+00
2.029623847464887554e+00
3.011197886930713885e+00
1.031652350546728591e+01
1.793710841087548857e+00
4.922177395871255023e-01
1.568525253885847404e+00
2.457857877580781558e+00
2.784279316281090377e+00
2.942626995496818054e+00
2.211658369617266473e+00
2.139491659560742942e+00
3.816361145248038600e+00
1.954612263789578197e+00
2.605128682703524934e+00
1.535910679548546653e+00
1.652455619889452665e+00
1.201373404453276006e+00
2.180126001987429341e+00
3.118526119419282150e+00
2.473431997210926880e+00
2.210545756960272001e+00
1.687376092492587798e+00
1.443611778406668211e+00
2.001116337554031510e+00
9.266801640747801549e-01
3.061880885100171756e+00
1.457770272736778505e+00
2.859908359359107699e+00
1.204371239977378938e+00
2.015829604076680326e+00
3.141446382457773190e+00
1.621306784958225888e+00
9.217626748730372022e-01
1.173523868095245115e+00
8.072083631354221023e-01
5.685661914240679238e+00
6.348910896624454514e-01
1.943731899586069733e+00
1.380697635371493703e+00
1.294888832696934555e+00
1.184319920776977897e+00
1.219913713556324719e+00
1.443256785160407896e+00
9.801869889286192183e-01
1.852871171142727480e+00
1.547694856837251276e+00
6.685085805790849101e-01
9.367806458386735979e-01
2.222227953545176327e+00
1.254104925574070828e+00
5.919428573025532714e+00
1.132826559559913404e+00
5.112962491467659687e-01
1.849698820344835237e+00
5.568557839625374761e+00
1.207102841024193962e+00
1.958465213419614992e+00
2.250531850542570211e+00
1.909571530986422072e+00
1.793120554230154928e+00
1.870385871603135852e+00
1.076998470996299195e+00
2.880002956400874226e+00
1.538175161883135411e+00
1.844331965779823168e+00
2.762183063453267806e+00
7.850166182784353852e-01
1.049789638241065859e+00
2.005975849719140225e+00
1.622708181144761674e+00
2.926762330984857829e+00
1.926598589428488495e+00
2.476958183875346275e+00
3.630264028873916526e+00
1.929173024590333796e+00
1.351469389541152255e+00
1.545053674969964819e+00
1.152742249732756186e+00
2.931837072763666452e+00
1.099974646447429150e+00
1.334308848745506149e+00
1.337040795358612311e+00
4.558057834738752589e+00
1.853969290828587191e+00
4.964230463608215516e+00
9.566251594926062918e-01
1.333665300226573702e+00
1.307092286728364527e+00
1.077250333205395094e+00
8.443726548072572058e-01
2.829985360345371070e+00
1.728835752851811014e+00
1.896749344678400950e+00
3.735733391020914507e+00
1.922271208694809275e+00
1.927413685518860387e+00
1.397424306447987430e+00
6.582643696228144270e-01
7.733046766891109591e-01
1.289115755226675208e+00
1.716361942949427011e+00
3.506174399425129540e+00
4.159499487116902650e+00
1.514791510868259250e+00
3.224017169180069864e+00
4.025185937533775515e+00
1.109312905669621152e+00
2.060482268804273431e+00
1.169740157729591612e+00
1.121322796484199413e+00
6.189345105299697281e+00
1.861485242771256265e+00
1.989634026988182480e+00
1.648631013111768295e+00
2.235331166769520816e+00
1.223091688203546079e+00
1.740161740177730065e+00
2.642319451616439441e+00
9.233639933681187628e+00
1.744454649604906926e+00
3.192956791300705977e+00
1.036246020465983797e+00
4.441808652301672211e+00
1.651326494813285972e+00
1.943039918038735214e+00
2.847435587954992187e+00
1.888952593205852626e+00
9.467308323311871554e-01
5.585930341798547971e+00
1.873498491822816359e+00
2.331877136912671844e+00
1.895257699687448394e+00
9.407446413746284319e-01
1.499619440237685675e+00
1.793493359692328148e+00
1.228081017291967170e+00
2.532335480856558352e+00
3.947896016623827720e+00
2.892867146715810023e+00
2.345780521480434366e+00
1.009759103728525620e+00
1.876043165378171729e+00
2.626661607151759004e+00
1.536414412176180244e+00
1.071120728664646915e+00
4.905237765855024357e+00
1.945529189177594764e+00
2.426573162787674320e+00
2.943048678956833974e+00
2.542700459173752314e+00
1.296164971895639395e+00
9.634289364512430565e-01
1.260765534157926693e+00
1.524439589615187440e+00
3.077078512099140628e+00
2.164566654403050183e+00
1.474391189964340931e+00
1.927546058127163064e+00
4.891369215524645764e-01
6.935809945353337280e-01
1.511374133103100759e+00
1.078584129704795558e+00
6.679952249960411370e-01
1.647760831916295299e+00
2.397002682879748825e+00
1.606717347439420740e+00
1.609383345790529329e+00
1.861608635266339240e+00
1.314027990606474683e+00
9.470337649883796560e-01
1.397989800180945874e+00
1.562473103919020723e+00
1.077573520413339869e+00
2.907906378864817398e+00
1.117368299982313795e+00
2.217118263147416446e+00
1.131008186145298078e+00
6.982493183691046434e-01
2.809903982261293898e+00
1.004243308034714621e+00
1.396645334398442850e+00
1.594277730398703907e+00
1.305704468862839418e+00
2.912384011968582431e+00
1.821623660761024333e+00
3.870185937543698884e+00
2.102753873965131248e+00
1.250174656305428567e+00
3.370788482040336653e+00
1.141313072494883674e+00
1.613230348103017686e+00
1.092381928727469420e+00
1.732571134296864379e+00
1.317309392700499293e+00
2.025437612069441506e+00
1.472287796002135885e+00
8.943137691843197068e-01
2.940543612497583226e+00
2.722849402858801948e+00
1.591376362928501154e+00
1.039176420438215009e+00
8.289791785753506392e-01
1.499669899704025422e+00
9.502402708126129749e-01
2.220530835169063799e+00
1.517350062971167146e+00
1.692972953896378696e+00
3.716968413065475652e+00
1.100603954070707324e+00
1.847316671779632546e+00
4.305045371085114425e+00
1.478577741327880224e+00
2.723555764506074617e+00
2.209573317426438699e+00
1.206960127343241540e+00
2.258317982464605578e+00
2.583090160981325045e+00
2.696167728423815468e+00
5.370582347985462413e+00
1.525255737960186986e+00
1.108445293963375988e+00
1.007214925410183648e+00
2.381414724116657666e+00
2.487161124264910761e+00
1.024584504844840316e+00
1.866871607031155289e+00
1.425522674399808620e+00
3.431629210605853242e+00
6.048392697113929017e-01
1.034116989185469127e+00
1.357813187901902197e+00
1.937592963178886407e+00
1.724104434010605535e+00
1.237150224367220108e+00
3.855037981699787064e+00
2.064269496049474295e+00
1.944293947589528671e+00
1.431574681237070656e+00
2.821340461222752616e+00
6.037979325785195472e-01
2.433149397652661250e+00
1.592309942095524011e+00
2.347710684869626974e+00
2.490562258045682764e+00
1.873098682340744947e+00
1.477946800805994831e+00
1.620639704874182963e+00
1.042030387768880129e+00
1.435304075821058900e+00
2.038264245751337800e+00
1.712520384040054244e+00
1.223934626802785530e+00
1.162905930935890009e+00
1.674264725216577432e+00
1.506099594687344778e+00
2.105466414085601201e+00
2.441991750971093111e+00
1.920395199651080631e+00
1.154268015428623118e+00
1.181175130216621350e+00
1.099305614765684780e+00
1.922943135297739081e+00
1.555744001330097603e+00
8.286692531968840925e+00
1.747270584263588056e+00
2.753565245661395267e+00
2.149147936210489718e+00
1.277232339170712772e+00
2.977419546455101873e+00
9.114736876919017350e-01
2.076758442995038756e+00
3.033743017692012600e+00
2.348193381737293528e+00
3.376838454305481907e+00
1.017907677313139025e+00
1.109404035851178527e+00
9.751370837094682775e-01
1.013212744981388358e+00
1.431429617980181757e+00
4.503804585421077533e+00
1.283529230877975325e+00
1.264273889152536690e+00
1.199853805824467434e+00
1.989948799736902529e+00
1.168868088283459672e+00
9.794706020749632813e-01
1.387116780010659634e+00
1.679956007677237961e+00
9.867710990067383170e-01
1.790245631344164146e+00
1.398324602517575510e+00
1.635886045984475734e+00
9.030323819108861949e-01
3.811798149253417201e+00
2.155439486422914719e+00
7.265995803906892814e-01
9.161932696867823855e-01
2.032522097756994217e+00
1.206409421087280887e+00
1.857613445857807744e+00
2.721295574367340375e+00
9.854564048258911413e-01
8.070709219048370908e-01
1.928675904745093428e+00
2.000896962925692524e+00
2.206448023957482185e+00
1.952309105514395737e+00
3.655678752077545557e+00
1.242173013289628702e+00
4.714316677128710609e+00
2.147580469174832363e+00
2.581928549304373988e+00
1.435669140112945996e+00
1.425445509724223569e+00
2.307108539741049125e+00
9.250543148860280729e-01
8.669652868251664923e-01
1.254135424023875789e+00
1.571706898278975917e+00
1.628227859132136857e+00
1.385691979266639784e+00
2.044145832093536619e+00
1.794320570813425775e+00
1.495381099569828898e+00
3.158137433120169479e+00
1.783799423339798018e+00
2.140977496089996102e+00
1.734581276147441731e+00
6.785723189031862557e-01
2.932379440214360589e+00
1.276304856138627208e+00
2.185201107132762388e+00
1.125065644988457514e+00
1.008202795151159181e+00
1.643065317518462631e+00
2.133718429266611150e+00
2.420983820325869562e+00
1.046522392283391500e+00
1.919133463390582772e+00
2.152740573091939336e+00
2.467737167273354792e+00
1.051931035694583905e+00
1.509433526572111717e+00
2.827948074293970659e+00
2.193051243816467988e+00
7.229990182588205139e-01
3.553988759252894258e+00
1.185418497332770160e+00
1.647981666600585315e+00
1.880088739234612172e+00
4.677430232229945695e+00
1.921242844682919726e+00
2.257796898135461472e+00
1.256199014172227901e+00
2.201246875903247968e+00
2.439685350843932010e+00
2.021843304576852240e+00
9.535234756611075113e-01
1.058952304106117737e+00
1.419517528756571778e+00
2.762844178231934844e+00
1.475547956926638538e+00
1.084766720504438453e+00
1.287945501939814275e+00
1.377870678019390338e+00
1.266771334027519069e+00
1.937443791995451026e+00
7.844964792664704811e-01
1.893575033240875616e+00
1.449476363755481723e+00
3.003283533558200880e+00
2.843562690515112124e+00
3.052437511384525237e+00
2.371882764809090993e+00
1.528823444583121693e+00
1.674080854083973113e+00
2.931757585504005448e+00
1.982269803994278545e+00
1.038774486188535962e+00
2.401261057933756771e+00
3.086422496799118065e+00
2.064396377342431421e+00
1.966119592637012747e+00
1.815641156882681795e+00
1.189948635850075709e+00
1.910566993531976010e+00
1.560133038694830887e+00
8.441778250207467860e-01
1.018548987559697805e+00
1.422382873310712892e+00
1.395717241083313631e+00
2.254658410951996927e+00
2.054177505838024942e+00
1.025426044685350702e+00
1.772899607253990206e+00
2.435872121236480226e+00
1.350361986437645045e+00
2.511734779136163720e+00
1.117499621330657833e+00
2.190777109297694203e+00
2.253006835866487201e+00
3.853301471948984869e+00
1.874355275887042538e+00
1.988392320897510945e+00
1.501865955259487295e+00
2.297397073871607631e+00
1.511964792731494533e+00
5.676861841059269054e+00
1.910301254057032549e+00
1.255341273104128019e+00
2.953651933646959549e+00
2.666661070953887602e+00
1.758953485356473667e+00
1.403507551841077561e+00
1.263344929903622571e+00
8.962263302679653876e-01
2.393018905678638397e+00
3.347290119347845927e+00
2.527467042289974763e+00
1.842118044344899896e+00
1.982744588030479260e+00
5.913671586683471038e-01
1.337417202671943306e+00
1.263860139568449670e+00
1.644663403311893424e+00
8.569914599938323052e-01
3.381706316578435345e+00
1.849586598423276662e+00
1.927425839991569134e+00
8.142545105479196410e-01
1.508025288368391337e+00
1.527857953473404695e+00
1.770886090943419422e+00
1.873339602076231625e+00
1.077439508908373478e+00
2.604727442791927139e+00
6.791414819583917462e-01
1.412534318749909312e+00
1.536666571980405571e+00
1.532924915373109265e+00
2.030200525729290550e+00
1.751792239252440320e+00
3.351977444956122376e+00
3.556665085216473621e+00
9.361528056513305218e-01
7.388737989536448003e-01
4.233580989008574491e+00
2.738189306605865347e+00
2.377870235132172994e+00
7.458623621656379488e-01
1.158643878929040527e+00
8.248184490436967220e-01
1.750719088067898443e+00
5.320691111242980220e+00
2.867655476902454925e+00
1.813456747171480199e+00
2.699134534052355150e+00
2.081848317686599614e+00
2.145038313488729642e+00
3.843997905709364726e+00
1.053006103765784296e+00
1.369355289368936468e+00
1.180549846526336433e+00
2.561178913542778712e+00
1.271095040923038821e+00
8.919328788530387353e-01
1.445896648606868506e+00
1.043532471990048727e+00
4.156103558779618012e+00
2.402845606510446874e+00
6.792290382066965559e-01
1.326239154248266994e+00
2.625327847836357975e+00
1.864456783040984611e+00
1.501394526414627784e+00
1.159701913034898890e+00
2.050853607439090176e+00
1.512273547999293699e+00
2.110109882156819605e+00
1.605402485849594552e+00
1.883324093669591193e+00
1.722109035611130601e+00
1.473755441739379890e+00
1.588411117069387979e+00
1.231733435547467836e+00
3.233632368025878723e+00
4.973621241819060401e+00
1.572858918320902744e+00
1.385666823396987546e+00
1.903387545535116576e+00
2.840256096251950968e+00
1.677472123791830860e+00
1.704472575339217588e+00
1.705141106305838150e+00
1.747163020923186760e+00
1.181757116463882262e+00
2.348894671751095231e+00
4.204235619144253699e-01
1.427595217146404583e+00
3.277602424924157543e+00
1.580855068151415077e+00
2.594984168680908532e+00
2.977701210468481019e+00
2.333730353618902242e+00
8.289073705139056170e-01
1.351111747308325395e+00
1.169755452559262388e+00
2.862629707663435052e+00
5.268108357163527877e+00
1.165209949653990940e+00
1.669669345510224501e+00
1.070321601103262132e+00
1.502518045203432129e+00
3.030237092644911812e+00
2.658625625990168828e+00
1.476935624404251302e+00
1.035682258026224600e+00
2.499439918678741712e+00
1.556192025196683648e+00
1.517183494804959176e+00
2.368222875809259165e+00
1.823046162315484109e+00
1.432022018976568667e+00
1.179186713412077925e+00
5.398538919507630318e+00
1.924571360283209298e+00
1.572714911040266283e+00
1.205736732502674879e+00
1.758977615149701412e+00
4.069481955676597096e+00
1.297332971488017073e+00
1.910206035715424910e+00
1.774359114735834408e+00
1.860497624925188997e+00
1.610011472889449680e+00
1.703681595530387005e+00
2.419515551152478849e+00
4.272587861929606490e+00
1.874136866178579774e+00
2.030885641813315434e+00
1.724231678557850422e+00
2.186868493959753579e+00
3.328019938508875342e+00
2.466557116703836705e+00
1.055636689632037717e+00
2.498255620980890601e+00
5.465495987502882791e+00
3.025947539282812571e+00
5.618888623579694208e-01
1.324199734600769895e+00
2.224211404193613628e+00
7.093734210831661446e-01
8.957021331976232625e-01
1.417009799900839306e+00
1.784924701344956288e+00
9.158833050455202907e-01
3.190569310937416692e+00
1.924165276756692800e+00
1.197493757601428843e+00
1.112130746235231449e+00
1.570507254579212475e+00
1.391535400637229580e+00
1.525176928406713373e+00
2.952330807561921677e+00
4.634278571662839852e+00
1.260401122062980050e+00
1.032851963196075973e+00
1.268805838050571788e+00
2.399905313005167962e+00
3.635621250076456423e+00
3.176421447357427486e+00
1.973164812117592870e+00
1.704152976495778571e+00
1.955736673321475161e+00
2.586380589661660956e+00
1.778402761114571184e+00
1.296230071177119303e+00
1.867969353224753659e+00
8.840036181102773893e-01
2.071139505900107203e+00
1.315121513731616787e+00
2.309253057053737734e+00
1.254765001472709862e+00
1.706297781885931508e+00
3.280953363378838805e+00
1.226069243864658764e+00
1.488816358140806262e+00
1.492972477899144890e+00
1.777612731194103013e+00
1.274744358053959248e+00
1.340202986613948877e+00
6.635995092086833802e-01
2.108624317851202967e+00
1.938082832854725268e+00
2.157143155223484321e+00
1.374344038332491413e+00
3.217633012749994137e-01
3.231180022926481321e+00
9.867298527446868306e-01
1.500930482047560188e+00
3.276920082510419441e+00
1.438887890009944437e+00
1.362591345238969964e+00
1.438136577273372740e+00
2.379131115742724845e+00
1.060859354623061801e+00
1.203833319019702586e+00
3.170466310377637154e+00
1.150210945292891918e+00
1.756640775863024029e+00
4.679780449484540306e+00
1.035134190796096920e+00
2.154819158758724651e+00
1.598500628578846117e+00
1.174266945014045493e+00
5.395200459024693806e-01
1.015354047759470912e+00
2.873220715524928970e+00
1.908754068682353200e+00
1.215440113745210438e+00
1.209833506023211269e+00
4.602770366242815214e+00
1.266164347798385714e+00
2.443502037062613041e+00
3.577051148558353599e+00
3.697926424771173171e+00
1.100666886231960184e+00
2.115771645207022544e+00
1.729393666995743484e+00
2.023655166393933502e+00
2.930832129288695853e+00
1.688052610544224619e+00
8.977645433208174541e-01
1.695686620132726308e+00
1.970075090447166666e+00
1.213843781331054528e+00
8.313814382163996486e-01
2.722835272452304167e+00
2.784201375508231102e+00
1.808892721162626893e+00
1.635534340564574807e+00
1.474424789310048389e+00
1.285196469772269090e+00
2.280498381998964152e+00
2.353175542048366875e+00
1.118695825552562750e+00
1.344014403105586508e+00
2.426966606698969908e+00
3.042928448125912677e+00
2.638704478765996786e+00
3.668664365781705072e+00
1.111340856992767856e+00
1.866790235375915152e+00
9.097174387439311838e-01
1.882091443239016781e+00
1.790982157902871741e+00
1.486450700543511250e+00
2.333148833142496770e+00
1.266721918592317753e+00
3.131017225599689091e+00
1.056704716744780947e+00
2.381220102287369578e+00
1.740673031967949314e+00
1.750626778625157254e+00
1.278526510310749265e+00
1.959893043838667692e+00
1.336980579005025094e+00
2.863463227842397707e+00
2.689556801425343036e+00
1.857619490925447314e+00
1.675097777350299300e+00
1.130277569675518290e+00
1.679358363351085792e+00
2.813751209983473611e+00
4.679323659366156463e+00
1.604067719899940903e+00
1.371293325821938192e+00
2.706831287599722025e+00
1.822995613093250089e+00
2.295272441683105402e+00
1.100371826440992074e+00
4.254225663946663794e+00
3.464247034208837839e+00
1.518035933692164940e+00
2.664764608401385182e+00
2.395230332151541575e+00
3.233894677143484664e+00
1.051247973693077764e+00
1.115216726094869326e+00
1.891327410913153484e+00
1.446630357973500480e+00
2.120669602639864149e+00
1.129469866267215128e+00
2.245749698557623741e+00
1.004626821908328971e+00
1.287274127116090794e+00
1.606119572540474216e+00
1.335394528601159259e+00
5.422813590603190015e+00
1.315263452105662978e+00
2.337932488530436892e+00
1.344179939850115080e+00
4.326633073566110710e-01
1.999888224160013328e+00
3.315582871893191008e+00
1.628789241347409433e+00
1.850310606476838204e+00
1.532183552675331573e+00
1.827108886523091336e+00
4.620713069615688617e+00
2.484731110163258982e+00
5.380500964284697929e+00
7.429389114099705926e-01
7.554888764673015622e-01
1.137982708775108875e+00
1.843441923623065470e+00
1.424459770323154739e+00
2.678460277824631142e+00
1.601979199400739073e+00
1.290433828654649950e+00
1.395240442045540874e+00
1.188548368653614906e+00
9.725673305478742536e-01
2.608633955463432130e+00
1.623349286512210554e+00
1.468331485146516346e+00
1.629457874837353604e+00
1.364234976727406456e+00
5.044336317705846895e+00
5.076818868238794025e+00
3.557473544103901375e+00
3.148366956467276712e+00
9.484313318430830364e-01
1.512108605770290382e+00
9.407799234132770971e-01
1.623193380180050438e+00
8.832828921842733605e-01
1.896164384836076078e+00
6.996454838452503822e-01
8.190574073720980897e-01
2.448461598936922723e+00
4.014930192650757235e+00
1.222770775675540156e+00
3.335227945406165517e+00
1.028127839575143199e+00
1.770380603608515457e+00
3.205871644982508428e+00
2.440521695868883345e+00
1.177875443265201438e+00
4.823323629412949565e+00
1.473021717832313726e+00
2.463182635361558681e+00
1.348551223411695199e+00
2.874046398409250802e+00
1.565508114989539123e+00
8.977348845751947914e-01
1.853737570259482270e+00
1.745290941424849418e+00
9.591075264045209048e-01
1.872285057730567637e+00
1.354177609331436161e+00
1.505865347660787723e+00
1.124213367964101762e+00
1.014322712101605406e+00
1.113761360545999057e+00
5.665454608686659732e+00
2.232934626119049248e+00
6.683834995006188162e-01
1.338599052011067325e+00
3.527248008185679407e+00
4.087666678270480247e+00
1.234132670018997624e+00
4.154671274437114370e+00
1.574658154471445304e+00
3.696397019486901581e+00
2.744031211641058565e+00
1.268629765094977158e+00
5.031923100377071911e+00
1.452518926384346321e+00
1.318594284256238591e+00
2.676842080315026351e+00
2.585772102905075087e+00
1.813497518285123400e+00
7.971360672755096743e-01
1.276761950930084932e+00
1.755856428043137463e+00
1.558173288352834085e+00
1.468696522376361058e+00
1.285478230282492307e+00
1.444848828013459263e+00
1.818424120599553939e+00
1.640602920672793674e+00
1.531330024066763773e+00
1.980026178978201212e+00
2.277230703752445962e+00
1.718619086339309154e+00
2.175230307457112211e+00
2.518755774628888222e+00
1.704388635835913490e+00
1.034287786316184121e+00
1.661737472504536406e+00
2.414207307266137192e+00
8.554011387061871696e-01
1.470672524256573688e+00
7.466319349307099174e+00
1.052863547606728956e+00
1.784641533176543060e+00
1.628053031402355133e+00
1.349956961035539749e+00
1.380885060485894433e+00
2.783622014836874659e+00
1.344573988720554114e+00
2.596969204366995854e+00
2.347846801922080839e+00
1.394765962911638457e+00
1.467975325246779539e+00
3.565441847574332801e+00
1.999970855801211256e+00
9.255323489319284835e-01
9.989148331313637552e-01
2.095836932151827092e+00
1.633091823621437122e+00
6.891940248492433030e-01
8.911823238489973154e-01
1.119368069489895090e+00
1.425225576915757575e+00
1.686366868293178722e+00
5.819677197541840430e-01
1.472739947417773365e+00
1.787808016701730729e+00
1.238890752903258674e+00
2.447169079375639100e+00
1.781955240582028033e+00
1.858040538009510190e+00
2.734214040970745607e+00
3.001804213208589811e+00
2.176459653762752300e+00
2.902522641251188418e+00
2.878554067450954435e+00
1.829293622808205289e+00
1.325365880796235629e+00
1.333189055798587486e+00
1.835251666572920159e+00
2.155390018460525248e+00
5.593533734338480556e-01
1.390778464122595093e+00
9.758183053554311259e-01
1.823218492583919659e+00
1.791664138929065064e+00
1.257021817518028550e+00
1.658674631148631562e+00
4.302579106827462141e+00
3.135085728838131747e+00
1.109316576965918122e+00
5.613095664535252549e-01
3.367577095953246502e+00
1.089613260134963735e+00
3.705786750866221446e+00
1.994883889345611117e+00
2.227943493287213528e+00
1.798601535732532897e+00
1.748558596673889465e+00
1.755260703549685219e+00
3.925554152907085648e+00
3.831824306956339132e+00
1.887776350113748558e+00
1.768810119876156994e+00
1.146203467585336311e+00
1.139675418013389674e+00
1.331656315250843159e+00
1.328918359440799390e+00
2.140119539961810702e+00
1.528936497875684752e+00
1.422029234013412857e+00
1.659689896605917481e+00
1.852675368986279381e+00
3.482532263718517651e+00
1.101305199103494115e+00
2.186686472101661671e+00
2.778273035739624142e+00
2.666014671713094586e+00
1.356232269321651751e+00
3.148652029121028040e+00
1.603173818934511496e+00
3.384655808552957890e+00
1.927700787184490450e+00
1.244719745384764487e+00
2.711746752392781623e+00
1.080227650683911911e+00
2.136552195862387649e+00
1.843595261436918209e+00
2.292862487617240763e+00
2.346574802519119096e+00
1.045647142374461991e+00
1.260618247889240928e+00
2.380384374436724571e+00
1.309651553481126163e+00
3.025856556016031540e+00
1.330154228295781449e+00
9.286795418035808103e-01
1.472075277770785506e+00
3.502090874381725172e+00
5.474083758564478597e-01
1.335730106251566296e+00
2.130244768026289481e+00
4.197107562820209248e-01
1.925392877676756598e+00
2.829938281876206219e+00
3.097863953964258066e+00
1.189231405884424886e+00
3.209680070020591192e+00
1.421653646130645710e+00
1.039640172546044461e+00
1.935951158838740138e+00
1.482174266608421886e+00
2.455170721538657563e+00
9.338511857215345824e-01
6.793691448711001168e-01
1.441661557332567511e+00
1.440999394921613108e+00
4.724193371270450470e+00
9.052457517129437470e-01
1.466373748226951435e+00
2.246537983266434946e+00
1.130754131709720944e+00
1.545387074750271816e+00
1.242679963128220599e+00
2.646631456372484426e+00
1.214736471610568636e+00
1.939117826331320904e+00
2.868750326351496405e+00
2.697324181763320894e+00
2.167846394810315935e+00
1.376015529909256019e+00
4.808721473761019549e-01
1.493309723179381043e+00
1.888325855565502254e+00
2.942752804192262595e+00
1.376893884438087134e+00
1.886252255437643743e+00
1.204193304464897585e+00
1.274859696404778253e+00
1.024952275277235758e+00
7.096732112006649551e-01
2.105074456608003963e+00
1.902829420066114885e+00
4.416960385945471579e+00
