1.056538990631593400e+00
7.922896031449092824e+00
5.135748906881747899e+00
1.562687026090970877e+00
2.842845344293240206e+00
2.545885131435156601e-01
3.533419325043443693e-01
3.957673702471115273e+00
2.526043129984238078e+00
7.627832353038523916e-01
6.531591939936009616e+00
1.954833972099955908e+00
1.689349213056870358e+00
6.469013386816921063e+00
1.885039923510467119e+00
4.058292485311509878e+00
4.649089121431687066e-01
4.809721400173822548e-01
7.651424585253696620e-01
1.016475169256954247e+00
5.567440457515898444e+00
2.196738518895494874e+00
1.705928546815493885e+00
1.659058467916616042e+00
3.293273532952914362e+00
2.008466528380300486e-01
1.658564154345700814e-01
4.159450629037684166e+01
6.457194531518886116e+00
5.949981157854114855e+00
5.758557536779771446e-01
1.286148530735130358e+00
6.060943586994799404e+00
4.464078012313454358e-01
5.906687564259333278e+00
6.981025219331623788e+00
4.977452502970212578e+00
1.547999352058691080e+01
3.595927525420629323e+00
1.820677658791827636e+00
8.112859065302618689e+00
8.385713873738566138e-01
1.941796025770840872e+00
5.538665926010967411e+00
1.494379729444336613e+00
4.554665880093187180e-01
3.487806664896724129e+01
4.282123328595764633e+01
1.940630036162229732e+00
1.223407616977946866e+00
1.076246659105000392e+00
4.394783969957028469e-01
8.062036854556215104e+00
1.146232816540535104e+00
3.483598795627016020e+00
4.248414786046124547e+00
5.413778514988821788e-01
4.266153157606636270e+00
1.618164931223619707e+00
4.702893646486246970e-01
4.136710504179134773e+01
1.482404210114456555e+00
3.455400698332988796e+00
4.613447248572017045e+00
2.251290267996429062e+00
4.045218658699489822e+00
8.989161456984542387e-01
2.585596355903714283e+00
2.898062603841187634e+00
6.052039955544950800e+01
1.388990485851027967e-01
1.118579626325408860e+01
2.947352248068011438e-01
1.464995304233385642e+00
3.885829335692846609e+00
1.160925816398660082e+01
4.837632601609363370e+00
8.232640289061210481e-01
1.498109464857183770e+00
5.449603171888865560e+00
4.662118829607443615e+00
7.016983427901167580e+00
2.107705046984781561e+00
2.503340902691440384e+00
2.302614210303203013e+00
4.730183012218777350e+00
2.161139169211180877e-01
1.670536446256246865e+00
1.978317779073315963e+00
6.046926833719002969e-01
1.442530441775022254e+01
2.555469471794662994e-01
2.248374677116689035e+00
4.050415896522333026e-01
1.588099729163936047e+01
3.084587953435230734e+00
4.349445976423031546e+00
1.078409470132626780e+00
7.755115736308164642e-01
8.100500635865021337e+00
3.320588523426381555e-01
2.917850749687520562e+01
6.386990158890539782e-01
1.638738807082230187e+00
2.339866838251047909e-01
4.250875355817244738e+00
6.581070444411203368e+00
4.722276312295877077e+00
1.195040240914193808e+00
1.043233719311161822e+00
2.075408921247838379e+00
3.446230110212791686e+00
1.805218033986686121e+00
8.516096775086821058e-01
3.079686279181164998e+00
1.398246873380750976e+01
7.269399248795440194e+00
4.101267588401391606e+00
7.777932912997720383e-01
5.650713918114125267e-01
1.265042989967994469e+00
1.758834879738800927e+00
8.092760506643091878e-01
2.161867159993283494e+00
8.797403587780822098e-01
2.749911814035409519e-01
2.353663431669165806e+00
2.351372958442905059e+00
6.323067453148932815e-01
1.817030964554843031e+00
3.725566177189450823e+00
1.371918428983460725e+00
2.423287769762942911e+00
1.555380658537153238e+01
6.532657066505005439e+00
4.462419171196968515e-01
1.322332206083471018e+00
2.436773194521006047e+00
7.765726140801490374e+00
5.158459979035480814e+00
2.388011739545412127e+00
4.904458708698442138e+00
1.302412986387119442e+00
7.071588525801075775e-01
7.108828985226254282e-01
1.360908446389828264e+01
1.660881708450166583e+00
2.991224900599159575e+00
5.611979355483259768e-01
2.208571640443918405e+00
1.133048929036058583e+00
1.337193458627573328e+00
5.476265824642873525e+01
7.100631609367018093e+00
4.962440543678880434e-01
2.073356601120929454e+00
1.167066566282404239e+00
1.854520832482026194e+01
3.723768004621118344e+00
3.788014699429385246e+01
5.899760037740146013e-01
2.508830964078069048e+00
1.922977062251540659e+01
4.439932179413735192e+00
1.048822398921249510e+00
6.922665791566112725e-01
2.302511988780292285e+00
2.503183483071561799e+00
3.397782313356961237e-01
1.536859051332796655e+00
2.206627304087103614e+00
5.726154147556029583e-01
3.598820883678310434e+00
1.597339571007618098e+01
1.312052538545797065e+00
2.219763686628537069e+00
7.462655937708146503e+00
4.883925078200029191e+00
8.043629191241649323e+00
5.918769269417849976e+00
2.101843045959996381e+00
1.754020685957567327e+00
5.257560587915073302e-01
9.461199766390663513e+00
1.521975885175497467e+01
8.800950810137424529e-01
4.282689541716219850e+00
5.361279818313197332e+00
1.379621403519438960e+00
8.456287174586653022e-01
5.899642797852612253e-01
6.677524461736852324e+00
1.045217395410171513e+01
4.288779771905717908e+00
5.096162900794211303e+00
1.324887472981976400e+00
2.041790180088479012e+00
7.635037167544231451e+00
1.392949024691820092e+01
7.759455280817946221e-01
7.104332863044986013e+00
2.645617611767724142e+00
3.579318337900126434e-01
1.016454157842277439e+01
2.338814936972216874e+00
4.225063623817140623e+00
5.283612642387348624e-01
5.346827840803573650e+00
1.920855300046213898e+01
1.487792747362542833e+01
1.969995242274200464e+01
2.442809155620157213e+00
1.502052482596788252e+00
1.373946825768085489e+01
5.110274115362060776e+00
2.700311689787317171e+00
3.874546682606289316e+00
1.167611233787773095e+00
2.929756799047966709e+00
2.038317482501959432e+01
1.015522417469678196e+00
1.477020748370109260e+01
6.663605320371215335e-01
4.190655381636960164e-01
2.476151732932537985e+00
2.440720706676686724e+00
1.123255930769241129e+00
1.683078092791345792e-01
4.939408117991467506e+00
4.837894187053354278e-01
8.810009655656393379e-01
6.947543483717209867e+00
3.441626731414429319e+00
1.933537313474577690e+00
1.264170895322439137e+01
1.278666683113388380e+00
4.177835721715348782e+00
5.440471087956701979e+00
5.461376364515770909e+00
2.123718488422964068e+00
9.517922638130656976e-01
5.500242359657493552e+01
4.082990277509409571e-01
1.942309002757589553e+00
3.625029787042513885e+00
7.829634507616213490e+00
3.543805922657436103e+00
6.334954494359678279e+00
4.971503116785317644e+00
8.078638255616100716e-01
6.281805126373965820e+00
2.273202925603125202e+00
2.733411243633210308e+00
2.055597189696386273e+00
6.985633963131951951e-01
3.312938978449106453e-01
2.035133995586668298e+00
1.198995856363430690e+01
1.243844745660848794e+01
2.914840986626631825e+00
4.481369741054343159e+00
1.467223639487318598e+00
2.141737806385038301e+00
3.729104043023490078e+01
2.973659958364454958e+00
3.415093938771310622e+00
4.270097677636318423e+00
3.070165370900996282e-01
5.726763606232689874e+00
1.348996175588325208e+01
3.298175357131286400e+00
1.154016476222045728e+00
3.682488067763177053e+00
1.462712857149304657e+00
4.664515113574067229e+00
2.405107441214953568e+01
7.140062591872823994e+00
3.367904874761880052e+00
6.201632576791770157e-01
1.398623002133766668e+00
3.120342873138229223e+00
4.404895871949712771e-01
7.369057764685122081e+00
3.048700834132153759e+00
3.848077059775270481e+00
6.052653563667804271e+00
1.808411756276899984e+00
4.105378864313991016e+00
1.574983288055815933e+01
8.886006660969616888e+00
2.786216566704223130e+00
1.887625120363040088e+00
4.170769761883875049e+00
1.143751908891262481e+01
5.810576363619260887e-01
6.282116359121273419e+00
5.546473797604835054e-01
9.439346474444239021e-01
2.603614582087850238e+00
6.057389898980923171e+00
9.399326896595908920e+00
5.182442000622938849e+01
8.554668784779748236e+00
3.916452656702935631e+00
1.961443990743718224e+00
3.568647989668385812e+00
2.037250200902705810e+00
7.914993450611689241e-01
1.434329701326338746e+00
3.113592212388228830e+01
1.737566609756672520e+01
9.184418318098595435e+00
3.135193714047876501e+00
1.086839305168928238e+00
3.652852291374138360e+00
1.400978966388247426e-01
1.109282701479717304e+01
1.667546786741806386e+01
1.574502287521825972e+00
1.845037400615176626e+00
3.835786037242089108e+00
1.389112137331141561e+01
3.020811473374718670e+00
2.333250335144079202e+00
3.344222356436298060e+00
2.167483947086942031e+00
3.016752905959661835e+00
2.316203060338669628e-01
1.277322293132399311e+00
2.416731711016576245e+00
2.144299124996059014e+00
1.180277361997567054e+00
1.583453602295712415e+00
5.888405455550087098e+00
1.149248722248825239e+00
1.462021905595998206e+00
6.996884034546360098e-01
4.175664905204584443e+00
1.149186975986538961e+01
5.059328809983981934e+00
8.422836010332520607e-01
8.671388123391995606e+00
1.846976241247851425e+00
1.310273578998812916e+00
1.011476418201607963e+01
6.307631138766575774e+00
1.627030732026232052e+00
4.006960317556042206e+00
4.134975646254928527e+00
1.650630710436478354e+00
4.142577879414998776e+00
5.048787161822485992e+00
2.386114403028478659e+00
2.436065899164666426e+00
3.792045904481857743e+00
2.082516040764848420e+00
1.033816579251777945e+01
1.298233712059119682e+01
8.501657841531910620e+00
8.921364721835620681e-01
1.189482810713208050e+00
2.254174277481050925e+00
1.300957965262609761e+00
4.077163525526298571e+00
6.793547442261231861e-01
5.332347470566768166e+00
4.124568877454579119e-01
7.110500434877865317e+00
2.555277517917688357e+01
2.053531495804390428e+00
2.583373913305614611e+00
2.493306981866693750e+00
1.595612586143378975e+00
2.892871868314923933e+00
2.294416839171546929e+00
1.035423642415218026e+01
1.178109809077532377e+00
7.279123883648374260e+00
4.203171141455486648e+00
1.205806230187061789e+00
5.354123657766770572e-01
1.399082775792127586e+00
3.907799434206445710e+00
6.598323866601845111e-01
4.206913243331067975e-01
4.444993659101859618e-01
7.304078315608785177e-01
4.179695510610407894e+00
1.140016705878350800e+00
4.604899899554044662e-01
1.489140362148787489e+01
2.168377393349309123e+00
9.015055438077534955e-01
1.733526012990026732e+00
3.281040588345019438e-01
2.239777203786840865e+00
9.627943711572465091e+00
1.730039034906175388e+00
2.056881357617545536e+00
8.055539593747077731e+00
7.079356814943198462e-01
1.857795205340293965e+00
5.942352784573563973e+00
1.459599591596882640e+01
5.138173748288965115e+00
2.225638509205839721e+00
2.625659689065068747e+01
1.106365867899499422e+00
1.389510359140429197e+00
7.441286566175924211e-01
8.343748008406204342e-01
8.233299513560547567e+00
2.761658760156453063e+00
2.098346546154913894e-01
1.337745472504779265e+01
2.061092377296276645e-01
6.712869547332807052e+00
7.117516981684559596e+00
1.020545053303085759e+01
7.875706830302974248e-01
1.132412422967729704e+01
9.328830037030375166e+00
1.704229882949266806e+00
1.073894794131141595e+01
5.119565669504577698e-01
2.849953069132786343e+00
1.863125370213460030e+00
4.144911940575195075e+00
5.194901303594075870e+00
2.713930372666885749e+00
9.922623847411140119e+00
6.180374986015801930e+00
5.843935027606373289e+00
3.953143773186030163e+00
1.981294310955557414e+00
2.238172150131536586e+00
1.289891295767422230e+00
1.816330497531465227e+01
2.240600453830648764e+00
1.302887335355703113e+00
4.775892404891520782e-01
1.305959714044484876e+01
2.433026776236080124e+01
2.425034858333716237e+00
1.587318485721593841e-01
5.071652705539973383e+00
3.576748799480840013e+00
1.152891799681937712e+01
2.218745755337262759e-01
1.608678012350496234e+00
1.734242731147411565e+00
3.971676206109183482e+00
5.788159061977714570e-01
1.999757755704077156e-01
8.501877114821181358e-01
3.843314963428831277e+00
1.587008536476608223e+00
2.854012953257747398e+00
1.590884843906995627e+01
5.193899881300639843e-01
2.578771358076440201e+00
1.581986071552713424e+00
7.142947786198500459e+00
9.704524146942620888e+00
1.419931354257969014e+00
3.126772008901918531e-01
2.270245889060558131e+00
5.755440144673150682e-01
6.909568506714657943e+00
2.212463920187713651e+00
7.232290123854289154e-01
6.919271239464273471e+00
1.035524870504046069e+00
2.732143937363294750e+00
3.897096264789076336e+00
7.386804963706743443e-01
4.609727461243334545e+00
2.144941273460578834e+00
2.619391509072501290e+00
7.878465662287142734e+00
5.586583658779401773e+00
1.632853266335537734e+00
4.292691256202108008e+00
3.774993166384268406e+00
8.469812862977521561e+00
3.291095417580724103e+00
2.555951084996162415e+00
1.493673895351889325e+00
1.115468355897843367e+01
3.488264778091154206e+00
2.299661625944093402e+00
2.075390801504383820e+00
2.503736895531356588e+00
2.517463579526658890e+00
6.299819835401269108e-01
3.229032917026294136e+00
4.054958294879229541e+00
3.869336068052582345e+00
4.580535317533784401e+00
5.449279823714000548e-01
6.573420848866946109e+00
5.061965716264035464e+00
1.576592214661679758e+00
3.986202507175005394e+01
1.877549407101612111e+00
3.893074840723345087e+00
9.238609126908855496e-01
4.688686160423629623e+00
5.812597569389901242e-01
7.190564147447401133e+00
3.141483866252163359e+00
1.639203128562876088e-01
1.186572703930219674e+01
7.011000752901042965e+00
3.859238791876127284e-01
3.302471247827948986e+00
2.260497136854876299e+00
3.108315947503335508e+00
4.992736184270805566e+00
1.036208162198623661e+01
2.522963228203033648e+00
1.774882856662748087e-01
1.230010958256504278e-01
1.667593198487795636e+00
1.935899265627648091e+01
2.158384367188481701e+00
7.374784080024202604e-01
1.064929558609451821e+00
2.139063613798464658e+00
3.660068535879031359e-01
7.706980469083797303e+00
6.536545677487787920e+00
1.361968770747332158e+01
8.879873646342169025e+00
9.089240768364278411e-01
3.082368910780071403e+01
7.689850720440675191e-01
3.660020845864548455e+00
1.622076165922980096e+01
3.170925444430465312e+00
6.387151356404716651e-01
8.783411507305023402e-01
7.046184261776312630e-01
2.612238058075111002e+00
7.829971953996791356e+00
4.797191809913321947e+00
2.908410527422920566e+01
8.177216357287905302e-01
2.670031920060147712e+01
9.552500391710689875e-01
1.601492275147247568e+01
5.635896746812968372e-02
1.398630186849038504e+00
4.371847031399471284e+00
2.388698191329446274e+00
3.099604684698530122e+00
2.592260491772725217e+00
3.395805790543220404e+00
1.478470023489518059e+00
4.566143631788349699e-01
3.588390912410952538e+00
7.544809809895520303e+00
5.719122846185522580e-01
5.564542356364367670e+00
2.755268094084117081e+01
7.554684272137608403e+00
5.271533068765430485e+00
6.903946042602525424e+00
3.468319253897569343e-01
4.872869405892241268e+00
6.557960145789827777e+00
1.912432028716862575e+01
3.397546397342235736e+00
2.102218699901740706e+00
7.636403268076700890e+00
6.489539994420470137e+00
1.919252446655001521e+01
7.349098233193811502e+00
2.159057556299716740e+00
3.199648589765943019e+00
6.302145421435361161e-01
2.702687432043444193e+00
1.502333623795880868e+00
7.747397850921495799e-01
2.024219967213191307e+00
1.756794640050766132e+00
6.550712768281576892e-01
3.377965563593481324e+00
6.153148667530123461e+00
4.786216957477425815e+00
2.399752189056191920e+00
5.620217524527530983e-01
2.907708174014512981e+00
4.214172310096865104e+00
1.990313154691132791e+00
3.094642133365637982e+00
5.283878711272000039e+00
4.438606290082309780e-01
3.256241844529149443e+00
1.322335828251872414e+01
8.150704174590782003e+00
2.685585585636415118e+01
1.318255061343004364e+01
1.372176020373403693e+00
1.824226301223998536e+00
3.331477840766740695e+00
3.637278089463870323e+00
1.664073209817015897e+00
1.342143858490618402e-01
2.628283315395438802e+00
9.782545046317930870e-01
7.697464188332954205e-01
1.197439412394847480e+01
2.168067381072339828e+01
2.449419089346593914e+00
1.611255283962968576e+00
4.232041025381246269e-01
2.493689388911759064e+00
5.986898339335919417e+00
5.469797685904893569e+01
2.129334498539954978e+01
1.450671368361052149e+00
1.950047137013532605e+00
2.494294732836768169e-01
6.711888195759199149e+00
4.677394290331206572e-01
2.136752701886469552e+01
4.278576791387441958e+00
1.535362159331692666e+01
3.997568965727089196e+00
3.228684882457339977e+00
1.732649539165028951e+00
3.272500090136947204e+00
4.972337259442582424e-01
1.412576199357464812e+00
1.609133740084704778e+00
2.887899039357432418e+00
1.842702817837278850e+00
1.041381852329737123e+00
6.105363513849348944e-01
5.073361259724740169e-02
4.139782509904429419e-01
1.292383849619813896e+00
1.266872316424013256e+01
6.331054047440893839e+00
1.218490209798772028e+01
3.770132054869450133e+00
4.288428793448603393e+00
1.037482177647162729e+01
1.980950861174438860e+00
1.796413548374682279e+01
7.276545154222937573e-01
1.830708707393090773e+00
8.679350837352050263e+00
7.193491528187371253e-01
9.998496421080429464e-01
2.140063795208054565e+00
3.171595391833419875e+00
1.986722814812928783e+00
4.115035579212204198e+00
1.740822746990297931e+00
8.227707301046075727e+00
2.957338986376704337e+00
7.138735699720653471e+00
4.993808109239430415e+00
1.171877312964208073e+01
7.881565165885372481e-01
3.001721341804119092e+00
1.101415096674671412e+00
3.912801824118248728e+00
5.467010725587928555e+00
2.279982346661922321e+01
3.784092491765632449e+00
2.663762791524066031e+00
1.305904985650796934e+00
1.842966470441868010e+00
1.071216306955650621e+00
3.267633870546603703e+00
1.824723177162608678e+00
5.903574201477882255e+00
1.283282040748305342e+01
7.152955972123614670e-01
2.929732763332108192e+01
5.097430842349331970e-01
3.323618876208792039e-01
1.015865745270767739e+01
1.480881914794288434e+00
6.841253515760391535e-01
9.747020960563194114e-01
4.542743294294180778e+00
5.052858118885621863e+00
1.650911891664644804e-01
6.077089755954403039e+00
1.928451740625948263e+00
5.556855135488199871e+00
1.243249024320419061e+01
1.082339322250099212e+00
3.243957281371255164e+00
1.155374738530792422e+00
1.671944110588260868e+00
5.602463725792113935e-01
1.526845695995302599e+01
3.780357570321273841e-01
1.040516673850109974e+01
5.664957711331918233e+01
2.423051713089095838e+00
3.423345139648044655e-01
1.065367189458066122e+01
5.032773908998260382e+00
2.191967868915932982e+00
4.749177911794189910e+00
7.424016652310399422e+00
5.449490214957875445e+00
7.529951555996131640e-01
9.001113745738741345e-01
2.380953098740552054e+00
8.587660079615030639e+00
2.532203403390223428e+00
8.662037169822733418e+00
7.500230473961353894e+00
8.841894378273496002e-01
3.379456948812460126e+01
1.454281196254044728e+00
1.601214232925054715e+00
2.649515095711594270e+00
3.195461655130202416e+01
9.635756132252569772e-01
1.522179635126181374e+00
6.248834850336606461e-01
3.672260295941196517e+00
3.968932692082859148e+01
1.048775137087517706e+01
1.494708572600504271e+00
3.760478683387913801e+00
1.723184561363277634e-01
1.240453452300233295e+00
2.423963807954788052e+01
2.777913905162486818e-01
2.718542968667541970e+00
1.137272403120787478e+00
3.345185353874306600e+00
1.094303712703667220e+00
2.150754900944093606e+00
2.247665729122152811e+01
9.556108882336765475e+00
5.195911224439535570e-01
6.886385241973971283e-01
2.676818231793275160e+00
2.901604407332528890e+00
1.020356781506810684e+01
3.080636390034703798e+00
9.968071638944626667e-01
3.832836355612387003e+00
4.211664849876670225e+00
1.105378835389671410e+00
1.614736079521651391e+01
4.628892103956286697e+00
3.112737347188218706e+00
1.360941419955439047e+00
3.955438580278944016e+00
2.431715850813527169e+01
3.582745236602091321e+00
1.419728271533638342e+01
3.083530607572899651e-01
5.736819270235534063e+00
4.585042783658621057e-01
9.294001593989808185e+00
1.092661345334793754e+00
1.363419532864606154e+00
4.397075398510549071e+00
1.027872469696095470e+00
1.072929008615467472e+00
2.302645625238405547e+00
2.322960500145091201e-01
1.388033876963936386e+01
2.326273788300815548e-01
4.852086058203705643e-01
1.947216743306477760e+00
4.318235149307139586e+00
1.405056287790244607e+00
4.648805545813109452e-01
1.177104041012897007e+00
2.801701613549788306e+00
9.754724858974672674e-01
3.724032894912717495e+00
4.195584154371293506e-01
5.620335734411636253e+00
1.392664922337402578e+00
1.097253578307719524e+00
7.874547406924850002e+00
2.181820509598274338e+00
1.443775851595799509e+01
1.331576086290934269e+00
6.174536957309245899e+00
5.852895651440158664e-01
2.129252141583009461e+00
1.275140725045557977e+00
2.223308806328209986e-01
2.964042405334565533e+00
1.044482507267833871e+00
1.959186554555802484e+00
9.536671683633590746e-02
5.853119634487688572e+00
1.012414792509814587e+00
3.205279410299717746e+00
2.934934172311383094e+00
2.499811359219662243e+00
3.072949548083514060e+00
4.041807402523013848e-01
9.148712043416335149e+00
1.421798961493148106e+01
6.022106094917910823e+00
2.026965487531418830e+01
6.216318910880979764e+00
7.872483638730185085e+00
6.507491516441226143e-01
1.099934146075211672e+00
4.282051489171418979e+00
9.695833302099030604e-01
4.343031247401549777e+00
2.269024655026110615e+00
7.388524759541663656e-01
9.473277531896076020e-01
1.080689931385003799e+00
1.442228855204733584e+01
1.205360348671184800e+00
2.703437242949550345e+00
1.043931657809629820e+00
6.217507778800584362e+00
1.394803220678562550e+00
2.985948522153479279e-01
1.275610774527934810e+00
2.496555748833584776e+00
1.088621205616711229e+01
2.061304220153486355e+00
7.440425982705607399e-01
8.610616949935767650e+00
1.470865330554091166e+01
1.230868212466931455e+00
1.196623079210366036e+01
4.358678857439181265e+00
7.485670278355027740e-02
2.213198429870702200e-01
7.716950589073330313e+00
1.363927443860919908e+00
6.948082911391816552e+00
1.491604206156471824e+00
1.501898632594389493e+00
3.739412992459243412e+00
2.770088319728899506e+01
1.511941510581293446e+00
3.852221799507005784e+01
5.600169586410103095e-01
9.805860174590538492e+00
1.637625586136593370e+01
3.496274252661953685e+00
1.659977290317151410e-01
2.664420878361745348e+00
2.924853200792644436e+00
4.115042510413964294e+00
6.912836792687080845e+00
1.684805105069288045e+00
5.590662139391470831e+00
1.503892760024613473e+01
8.805097935357627525e-01
9.487266363766891919e-01
2.877944638439487779e+00
1.184168949648388480e+00
5.407188240010455615e+01
5.549094314307260190e-01
3.843090685073512702e+00
1.280990019517888934e+00
8.859625869728173342e+00
1.864304818839013445e+00
7.081889872719830059e+00
6.470994459226750095e+00
4.791207482759307190e+00
3.789837404942258736e+00
2.983997717575658459e+00
2.572766953771796494e+01
7.388788191914439807e+00
8.039107291885695616e+00
3.542514000070796421e+00
1.374016759975674162e+01
2.462075217871032784e+00
1.033582639626490218e+00
1.464009573854963830e-01
1.243664675149471988e+00
1.330866392947805998e+01
1.784880612506667408e+00
1.502135621026043211e+01
6.001570548892034562e-01
1.997948394657676596e+00
1.124990182000330918e+01
1.209127544209214022e+01
1.653619935183851908e+01
1.874507949520050953e+00
2.677659870008166632e+00
7.136803748088969002e-01
7.723730182268851996e-01
2.174189348574823377e+00
4.904668003945394261e+00
6.101258478513839068e-01
7.635640597479809166e+00
1.674097564460384158e+00
1.444496619065385445e+01
2.177466962268411077e+00
7.592446011401850825e+00
3.467658850769113954e+00
1.559480035402875497e+00
3.882027657600882087e+00
3.613171291807416807e+00
1.786204447294551745e+00
1.469118295026155652e+00
4.511955920727679370e-01
3.578374106318759629e-01
4.630508857001640166e+00
3.415976517601569284e+00
1.101615508467595816e+00
4.936790828545059462e+00
9.377770887784009801e+00
8.352841432726007653e+00
4.077350342271280681e+00
8.335624605331009462e+00
1.496877290697113672e-01
3.009764327202431478e+00
9.520731197306897542e-01
1.722127618453011655e+00
1.901141647796950718e+00
2.044608898459039281e+01
1.788036179929656244e+00
2.695098944651455497e+01
4.454949482759964496e+00
7.650400420471950014e-01
1.430426375784854764e+00
5.122457242827099577e+00
1.733798183761919631e+00
1.364837521103915430e+00
4.871081652234523496e+00
4.967365899251539929e+00
3.284545078553171127e+00
2.458991899238211154e+00
4.694501984676580975e+00
5.035045371460657115e+00
1.562603073185168334e+00
2.554064584436637753e-01
6.777362065647493106e-01
2.762705331210953297e+00
3.597145027523271477e+00
4.419148196161197362e+00
3.189502658574778216e-01
1.307334759914572375e+00
7.132043330824983096e-01
1.955040758488335229e+01
1.465175588829785092e+01
1.698027555238232900e-01
6.887624192518757127e+00
3.247918398265319695e+00
5.468744563805262970e+00
1.884105757810336845e+00
2.382156051843741462e+00
1.831405195818556209e+00
8.098046294704206005e+00
5.280943352436461957e+00
5.713968352783409088e+00
5.797396005435562910e-02
2.902153964794688790e+00
2.567166318126476554e+00
2.306919456530970969e+00
2.234858216937605668e+00
2.488285337344228410e+00
9.870909454342888245e-02
7.824540657327148097e+00
2.003270808590801977e+00
6.393751109259128151e-01
2.937562506042220800e+00
4.067537041941473142e+00
8.153322505437476941e-01
1.247696722345141840e+00
7.832425951795731756e-01
1.667342212350568342e+00
6.862326613396358965e-01
2.222650002681255010e+00
2.360965487251769801e+00
3.854520172217901219e+00
2.658433456064641209e+00
1.904248318437821830e+00
2.533148332299685723e+00
2.546521784586301518e+00
1.701457703628430629e+00
1.633922781983447647e+00
1.238145414110545595e+01
2.383301828172294634e+01
8.586875605762889663e+00
1.351215094163857655e+00
2.356672232546194934e+01
1.343653766037701036e+00
1.799057806715804508e+00
7.076476394454249252e+00
1.614500383713221909e+00
