1.198337766435841889e+00
1.620822984407018774e+00
1.646389915617648692e+00
1.571845909947836573e+00
1.499344624476161902e+00
2.085610594709192522e+00
1.739428996352060608e+00
2.557153556670596739e+00
1.893034507614875350e+00
2.652676537338758411e+00
1.283537620580466276e+00
1.865418427933081436e+00
1.941344129260511808e+00
1.569825653343261296e+00
2.375784594199074728e+00
1.992533237001544277e+00
2.056179404675617217e+00
2.613975446131461933e+00
2.028512511022405818e+00
2.350693181679018640e+00
1.912471716629483787e+00
2.118660945408105345e+00
1.974915073159228207e+00
1.962219059600960991e+00
2.172009696783715693e+00
1.522965164978012265e+00
2.388895287696826131e+00
1.500408962824114623e+00
2.115607788586906235e+00
2.130371483444992275e+00
2.036986082805765541e+00
1.554746256985326536e+00
1.965639156936551446e+00
1.673724865894687941e+00
2.190367775723589983e+00
2.590267172778439431e+00
2.089264454923349668e+00
1.969936499748895509e+00
1.627353270356625581e+00
1.304208822838616610e+00
1.772370277310630238e+00
1.749506444056193155e+00
1.399519733796460885e+00
2.845002219787827968e+00
2.971682409243389777e+00
2.413004922171089639e+00
2.137881095239295703e+00
1.635441220746816304e+00
1.434150714584398134e+00
2.553599770479252573e+00
2.087289939021029106e+00
1.451208922756184405e+00
2.121786739144544853e+00
1.177369916723792542e+00
1.581146921020624818e+00
2.001013824794338980e+00
2.067977920026949246e+00
1.879798656581897820e+00
1.912002545730034253e+00
2.187915952525537833e+00
1.901111774749876915e+00
2.162116134245409604e+00
2.528615074929563278e+00
1.216200676485870824e+00
1.223055043796159813e+00
2.671949552412709483e+00
2.058608387775273663e+00
2.345985175325766559e+00
1.447956383190800000e+00
2.453058742755147570e+00
1.418924367005038434e+00
1.740214649486237608e+00
1.416156954462856055e+00
1.682156624488581720e+00
1.594281021582448332e+00
2.361369655946754076e+00
2.645906784821267621e+00
2.167302657365171026e+00
2.223669629096781453e+00
1.745983057216544676e+00
1.513629452475743431e+00
2.791789650648357934e+00
2.184659680061146414e+00
1.888362909911311949e+00
1.848101231931012389e+00
2.284969861635620880e+00
2.107869240515939158e+00
2.535703022498174253e+00
1.799262149039442704e+00
2.037499808952313973e+00
2.058793863928943146e+00
2.527867405853603699e+00
1.662425131339291040e+00
2.408446442998743109e+00
1.277373408166478930e+00
1.957167400303139182e+00
1.910400795346873126e+00
1.810233322144328527e+00
2.161836856349974578e+00
2.297565941145828461e+00
2.115821080312946467e+00
1.890379758622630968e+00
1.949975399487562822e+00
1.733461330423414104e+00
2.040690016931595352e+00
2.172273522606996909e+00
2.131983587171923489e+00
1.840302084920118819e+00
2.160974291116070312e+00
1.542955595060951701e+00
1.262121061974359471e+00
1.268323609341956315e+00
2.309432560569005588e+00
2.187613126808291231e+00
1.578483142870599654e+00
2.037235049175996515e+00
1.504030868386460718e+00
1.511645389972828379e+00
2.173829230407309687e+00
2.845832542481515848e+00
1.959876850169929297e+00
2.730067550300755652e+00
2.370249770716438054e+00
1.109589687031644623e+00
1.482710451350274905e+00
1.032494382844115544e+00
1.866767800777717312e+00
1.795253628315567784e+00
2.205054714415346506e+00
1.704256799860686344e+00
1.603663691566378446e+00
1.945158742261098084e+00
2.320940827199549084e+00
2.423529158451404708e+00
1.406682511792263890e+00
1.803865932540203776e+00
1.592576164864847765e+00
2.947518063758234774e+00
1.582329133126588516e+00
2.177211881368604995e+00
2.195920247454543617e+00
2.122335764506815270e+00
2.176829112766251573e+00
1.825830216117629412e+00
2.592183870565304638e+00
1.873241783577250574e+00
1.643719192235209237e+00
1.252397599026186636e+00
1.988858899268608260e+00
2.171769736758207170e+00
1.930966846896944755e+00
1.619304139159325473e+00
2.007111726493639559e+00
1.607379014747700730e+00
2.504240926735719963e+00
1.718824553124714605e+00
1.706432603349206545e+00
1.894070227511911231e+00
1.893447716294231142e+00
2.247356048720082544e+00
2.088871486297096514e+00
1.611652865443647720e+00
2.283849297180920335e+00
1.487721908691750805e+00
2.096388368304493710e+00
2.897712386539702756e+00
1.906628899036449498e+00
1.553559845997613209e+00
2.718141881577808228e+00
1.840381037850806756e+00
2.012904045694212662e+00
1.762629218022377042e+00
2.344741853928097086e+00
2.313426298041477924e+00
2.086362775225148791e+00
1.776900778412894066e+00
2.315145388351703470e+00
1.356001202337029143e+00
1.508285336669800136e+00
3.013147479091183634e+00
1.991789870576593513e+00
2.429947065952995811e+00
1.839308662190323851e+00
1.373628875168602548e+00
1.815944261858677189e+00
2.495206421961677634e+00
1.474884625216740464e+00
2.787988510388197838e+00
1.815803693862711787e+00
1.775900618475841020e+00
1.934376750754822183e+00
1.926819628583798405e+00
1.453340687970812173e+00
1.196110377165490402e+00
1.827451246579316235e+00
2.872216682499150409e+00
1.967220419092189809e+00
1.594440682811993693e+00
1.926086396733222905e+00
2.569730952963523940e+00
1.762919802008198866e+00
1.819633429220474774e+00
2.263566424358971929e+00
1.842423610704743364e+00
1.781173099580959818e+00
2.889664653624819390e+00
1.910278746316539600e+00
1.766185203807448811e+00
1.510161129109303113e+00
1.212371740982061796e+00
1.677179145267811089e+00
1.625809773149953896e+00
1.668999860109432243e+00
1.166917583746649001e+00
1.186754850593268129e+00
2.339405147653173866e+00
2.046184468329797390e+00
2.121236415827428612e+00
1.608946235466371499e+00
2.244120126969797013e+00
1.740474944395317136e+00
1.724107016756807997e+00
1.556902476324387052e+00
1.657698648149059872e+00
3.024352242745175889e+00
2.189609236955640803e+00
2.456233067250622071e+00
1.586655221928575221e+00
1.591214795712082797e+00
2.372749372458015316e+00
1.339302785522074712e+00
1.932341095835359068e+00
2.361156569477692813e+00
2.203517967392169208e+00
2.337886983898393112e+00
1.803112195677464946e+00
1.669659789439287279e+00
2.032327984930784481e+00
2.171080424215470650e+00
1.959418703736659495e+00
1.580379340912607233e+00
2.534877542562811836e+00
1.523918818395710639e+00
2.059471309758421853e+00
2.260559684379630063e+00
1.844979907930550223e+00
2.503383144734237842e+00
1.268827871920902739e+00
1.844780132435215103e+00
1.604680123858389873e+00
1.980367998996747758e+00
1.415138231154102755e+00
1.227578449699664676e+00
1.795813605087039466e+00
1.745143881272595454e+00
1.886489126843369224e+00
2.399869546916912011e+00
1.445206210119100110e+00
2.111724540710500975e+00
2.386831754577053211e+00
2.089273141793007493e+00
2.263719245573951433e+00
1.735070401650973926e+00
2.076191588926854958e+00
2.210563536631535264e+00
1.927603558123874850e+00
2.048985135856167705e+00
1.566158452706265525e+00
1.274614442772119549e+00
1.134412990302178237e+00
1.745746424043249867e+00
1.575961755158874933e+00
2.445506222765511328e+00
1.331968143184817599e+00
2.441863478814434441e+00
2.110345062496580937e+00
1.601957378385702402e+00
1.610410750994733631e+00
2.301350511497303852e+00
1.328945655086265720e+00
1.485173536478292533e+00
2.808393607055499785e+00
1.195985219207212902e+00
2.259446775917451689e+00
1.227146984959893494e+00
2.922815176200486587e+00
1.761483568545222367e+00
1.347479557329503086e+00
1.245854125969565684e+00
2.072297422046414539e+00
1.564820958753118108e+00
1.261297119008853995e+00
1.387870683297087959e+00
1.033139183188051424e+00
1.796649444436131393e+00
1.503432184248382208e+00
2.387230808217980726e+00
1.876523724277293637e+00
2.299162438695399935e+00
1.746430402203268617e+00
1.595060463180052235e+00
2.380816807108917299e+00
1.884847679246593133e+00
1.729793912392854738e+00
1.254253169101613219e+00
2.326191292543868361e+00
1.268326845096264588e+00
1.981105102000034979e+00
1.874681800000421505e+00
1.755072523096510517e+00
1.723467315017890300e+00
1.226122530690949786e+00
1.128589166953381628e+00
2.324194356849593746e+00
1.823183644366033640e+00
1.142159340035108439e+00
1.944931826258345042e+00
2.293747318912760402e+00
2.491593794772690718e+00
2.070537057479726606e+00
1.063571552916878993e+00
1.722375344535641339e+00
1.644496703164581852e+00
2.049011841694003966e+00
1.697984497226347145e+00
1.689005182072437439e+00
2.756967180035363008e+00
2.076769317909259449e+00
2.173784515792752448e+00
1.924279706110101129e+00
2.195000062150238573e+00
2.707202157109822149e+00
2.609483375606937106e+00
1.348324823418129981e+00
2.059676788765349098e+00
2.850452433803750463e+00
2.162486623623077087e+00
2.301160475400003680e+00
1.628585691365590726e+00
2.414638421173566307e+00
2.101941567577738645e+00
1.421600039121731829e+00
1.589615050204441493e+00
1.578570512017956062e+00
3.176773547013389098e+00
2.595742119551653460e+00
2.009454852962566651e+00
1.701294761483064466e+00
1.722994823287563815e+00
1.901508152756142156e+00
1.612096489151731094e+00
1.829851545427681803e+00
1.987918288450705617e+00
1.596850378980831042e+00
1.775565371100939149e+00
2.910372112529031163e+00
1.439047071729401717e+00
1.609758617119759982e+00
1.576656246973082709e+00
2.225639668311359287e+00
2.706615093828661500e+00
1.873660022223810229e+00
1.178513663216099294e+00
9.301489781152413316e-01
1.782483604893480456e+00
1.231747218839595037e+00
2.477984334205143302e+00
2.890366494302989420e+00
2.912401022722298727e+00
1.808113972859870966e+00
1.686929286687697704e+00
1.968727287739973297e+00
2.302321845635093123e+00
1.062759440052167603e+00
1.734677933168635944e+00
1.648690929916848180e+00
2.329207066737935428e+00
2.300211060460127577e+00
2.885457862806096951e+00
2.207567780014642711e+00
2.177759625449186665e+00
2.099980994000646639e+00
1.169901277206300882e+00
1.649502834902299986e+00
1.323501648926457275e+00
1.478842320965693569e+00
1.959734872365895164e+00
1.590448044830726326e+00
2.551082048128814783e+00
1.907429333038942687e+00
1.568159904981980102e+00
1.865652411054163240e+00
1.336334464865919891e+00
1.865907147817477352e+00
1.412861658346481031e+00
2.032505423295102531e+00
2.082006123027670963e+00
1.489734533461103183e+00
1.775830999692282752e+00
1.837985662658192076e+00
2.160393587897284640e+00
1.992703927156450394e+00
2.089257689390479733e+00
1.872569493568390975e+00
2.163262046141521733e+00
1.708908444356284972e+00
1.943705344010648872e+00
1.861475417529589782e+00
1.878496823897012336e+00
2.003830308236974833e+00
1.717906319960408767e+00
2.892676460412499928e+00
1.893983807362274341e+00
2.032696376833948992e+00
2.327369989449584953e+00
1.546155941725289917e+00
1.752494063151378123e+00
1.878130036761756827e+00
2.003793107117842531e+00
1.179556349337801180e+00
9.571287259659735369e-01
1.808758077258166175e+00
2.625713697651419931e+00
1.858912449990368865e+00
2.356575766824423823e+00
1.949860981223878520e+00
2.458311833341158437e+00
1.767926456554291148e+00
2.473082494353485483e+00
1.538438305299811182e+00
1.981500477353129508e+00
1.511922894903787062e+00
1.624961521536514963e+00
1.929351785964033228e+00
1.600836591278474330e+00
1.888926157477953893e+00
2.090387861793149504e+00
3.058287153771229061e+00
2.252068152271311074e+00
1.889348252210657275e+00
1.940190182592787194e+00
2.690506169689912852e+00
1.654964377513297169e+00
1.344609617156528714e+00
1.992091223518227761e+00
1.229220605911433006e+00
1.908529766378023629e+00
1.863253829524452510e+00
1.276733242135102531e+00
2.031031869810261625e+00
1.962119483553607768e+00
1.802195600626649519e+00
2.437512257673723592e+00
2.422539930784306073e+00
3.177191418953162039e+00
2.536350470934956913e+00
1.709228835637261579e+00
1.659974295440405978e+00
2.976819921695248894e+00
2.283159229128287393e+00
2.050381872034678921e+00
1.987237002903413874e+00
1.303913860525081514e+00
2.058769677978177892e+00
2.707298216988175188e+00
1.742525705543764403e+00
2.437713839155163598e+00
1.861090614748754479e+00
1.559177150711136939e+00
1.759209767085904152e+00
2.297659248017330125e+00
2.432866868129827331e+00
1.981782325301420844e+00
1.130037905137769805e+00
2.281278089601728620e+00
1.625681906462939974e+00
1.582705869533151510e+00
1.317862706333444711e+00
1.822490136297758134e+00
1.559424725285480040e+00
2.812686043283791015e+00
1.390573821591507331e+00
2.299746601798166701e+00
1.941549176087458584e+00
2.028065708955701485e+00
1.764756790787927798e+00
2.269436109794213952e+00
2.381680058273598632e+00
1.638487337618548256e+00
1.644855822416284807e+00
2.040078788329835469e+00
1.766489433389605290e+00
1.784410802837979038e+00
1.529135950448824000e+00
1.940052391707174806e+00
1.319413921017014824e+00
2.469967180519668126e+00
2.320190896400045055e+00
1.616665271782825597e+00
2.715223902389480859e+00
2.640307023091784888e+00
1.935921690481570145e+00
1.383523033545879466e+00
1.755365491826829549e+00
1.022109152111858599e+00
1.711212641987349015e+00
1.760440483750935536e+00
1.734489551286458209e+00
2.302318127444262341e+00
1.653955497741570024e+00
2.290597716950365292e+00
2.158252125428983703e+00
1.555715788253290599e+00
1.826247409726972748e+00
2.222396121694709237e+00
2.158751890304164700e+00
1.222392258357005934e+00
2.353221928715529820e+00
1.625003543527131500e+00
1.998390644502709534e+00
2.581023238438195033e+00
2.776601806323387045e+00
1.882991948964383599e+00
1.409089936331378023e+00
2.539317370923660278e+00
2.410213230106544202e+00
2.019065813657578534e+00
1.940370094248556665e+00
1.591807437169556749e+00
2.266447075717891391e+00
2.280357771067601735e+00
1.795142158351327621e+00
2.099746698779680454e+00
1.751802774177714461e+00
2.287884003961569324e+00
1.153922880040831433e+00
1.461331352038401921e+00
2.202420831481930019e+00
1.415748192803546912e+00
2.008865819052938040e+00
2.828768621471296818e+00
2.084389280405644307e+00
2.269865537247045761e+00
2.159074420971123676e+00
1.733848753743090887e+00
2.654872435003712283e+00
2.194706342105083419e+00
1.920333007985408180e+00
2.848765916825893640e+00
2.211729534290467480e+00
1.414018261788079434e+00
1.599658824427141690e+00
1.599278491353611331e+00
1.252269402968060774e+00
2.400800451079251108e+00
1.576379352258198141e+00
1.968961726017339542e+00
1.728873245002131132e+00
1.538516759724511074e+00
1.581968902250141529e+00
2.120030877130668401e+00
1.114798628892339494e+00
2.038240813579303090e+00
2.258114416545053071e+00
1.308072851579309637e+00
1.937841459510312614e+00
2.837922071217876763e+00
2.495224783250995060e+00
1.655323564718708340e+00
2.504252665502553654e+00
2.407627557758500902e+00
1.968284681504360423e+00
1.467030709257752141e+00
1.879851076788278563e+00
1.596351883531894167e+00
2.538911768440043293e+00
2.066526906465556923e+00
2.002958275669917576e+00
1.817354743006984741e+00
1.991932834098784966e+00
1.749104944080621227e+00
1.754550002817896637e+00
1.638149721706992468e+00
1.459822824572763356e+00
2.404426441282897731e+00
1.444227179743943879e+00
1.770977218791315311e+00
1.522040440778487769e+00
1.846077022151646263e+00
1.961042387300518275e+00
2.217402086934608274e+00
2.189948371606535549e+00
1.514431025248801355e+00
1.610998606176967440e+00
1.836790066187640180e+00
2.410720622469884944e+00
1.815371465005970020e+00
2.393154541030680704e+00
1.897649863827579608e+00
1.730332806821690994e+00
1.574692335550346600e+00
1.744254116121138010e+00
1.283780226402130742e+00
1.807247979839988083e+00
1.871780049560240800e+00
1.684042932640011481e+00
1.658098468757048805e+00
1.642555883092182256e+00
1.780200969076021877e+00
3.468929154222499811e+00
1.963331899192535923e+00
1.713874476768861177e+00
1.639329932027687287e+00
2.140809382377247161e+00
1.581060588961480384e+00
1.635093445734354667e+00
2.081407040238802963e+00
1.958910269380698788e+00
2.481098411289275774e+00
1.782039829616826498e+00
1.914833937509100137e+00
3.084654905926895285e+00
1.702081562629023104e+00
1.142033991298702089e+00
1.751183163589015379e+00
2.531207366654890656e+00
1.153305842114314528e+00
1.764031866331718490e+00
2.119749907273789979e+00
2.234349987038161789e+00
1.100249300949667663e+00
2.225184035895098944e+00
2.161006586537323582e+00
2.195779146679724292e+00
2.099240706110327537e+00
1.899575248065727306e+00
2.397298385480901572e+00
2.022995103327403843e+00
1.182258838789764788e+00
1.906353445884197084e+00
1.733659014474281168e+00
1.927734305552219363e+00
2.289764134267538331e+00
2.473877941690620474e+00
1.760694634262724101e+00
1.357687787573726768e+00
2.305214526853576196e+00
2.545202641948857814e+00
1.831089822642340215e+00
1.993740226483195155e+00
1.409897125597735945e+00
2.671835166520185378e+00
1.998864697308954996e+00
1.596258321530029889e+00
1.912233903382137834e+00
1.421232037856348551e+00
2.928956153459121747e+00
1.751365899662398862e+00
1.843465082630778351e+00
1.519916899137986555e+00
2.152752604600466135e+00
9.060952961972731368e-01
1.398457212607806754e+00
2.704617332222007065e+00
1.513315011498524099e+00
1.736047540501805431e+00
1.526352900998238393e+00
1.743923967746511705e+00
2.419953164748549490e+00
2.158055752000666239e+00
2.327728644132731173e+00
2.510179268766343785e+00
2.061260976150570468e+00
1.898309854684131270e+00
2.395728139480960195e+00
1.500338742005675075e+00
3.750708755769202707e+00
2.588067322320601882e+00
2.401886759293108131e+00
2.347116619037700413e+00
2.644128994106877073e+00
2.287171656412283038e+00
1.548510755095213742e+00
2.355964463830793942e+00
2.264470372281872645e+00
2.141504401781845868e+00
1.441928169981149255e+00
1.134751310537067681e+00
1.172342834106968379e+00
1.410858402913556686e+00
1.757177715375610294e+00
1.301029101612583005e+00
2.148019814835891328e+00
1.511200952622972604e+00
2.410867622997615367e+00
1.738123347360069681e+00
2.625939688851372633e+00
1.696438654882706842e+00
2.622569828857364005e+00
2.046798549786425614e+00
1.747544096069650443e+00
2.184962241945452632e+00
2.194443569702837937e+00
1.930255152119578543e+00
2.368310168641551972e+00
1.381182725748699269e+00
2.128976061346730564e+00
1.532853180130592241e+00
1.902553824595951903e+00
2.684537199718720402e+00
2.002708017564233778e+00
1.753074795758912119e+00
2.005946183155030926e+00
1.564377563798780013e+00
1.707529543635076807e+00
2.135991414313191505e+00
1.851667848741496147e+00
1.939617961892042386e+00
1.343600715277178725e+00
1.752206332882066064e+00
1.437857288947259171e+00
1.988235742334617751e+00
1.625599393925440728e+00
1.686596883792415680e+00
2.995982962559007312e+00
2.382673932729726829e+00
1.563400727152769898e+00
1.259362849557738251e+00
2.067336197089391980e+00
1.551357627879076606e+00
2.258895975902317055e+00
1.442108686670439344e+00
1.497766661167243774e+00
1.486616189853304570e+00
2.370403467690221255e+00
1.459624573856014518e+00
1.513993617628126565e+00
1.267416196087021829e+00
2.697753424523998689e+00
2.521172174699272350e+00
2.330826386084386304e+00
1.387778482602169294e+00
2.047291247545127035e+00
2.089305912891668005e+00
2.360002501012959275e+00
2.313137717677993699e+00
1.820713586305056753e+00
1.373430185667270820e+00
1.195220201417070971e+00
1.521322232151616438e+00
3.484735385834398791e+00
2.481583657023159084e+00
1.741044759503627359e+00
1.301921107692142643e+00
1.706461692243701922e+00
1.578443744675225524e+00
1.958257741531564733e+00
2.311365910926699740e+00
1.586546727718597616e+00
1.663763911935905337e+00
2.541704964071852313e+00
1.449501104925496664e+00
1.789712255239208849e+00
8.652251209105015217e-01
1.324701886031746323e+00
2.761035218327831053e+00
1.870208044606523234e+00
1.471308652256120730e+00
1.292694769440444036e+00
1.596123885447587654e+00
2.488840430489119182e+00
2.784194800438938522e+00
2.193381906611616028e+00
2.086853263785656498e+00
2.077997845487173478e+00
2.103929235901230932e+00
1.922079422679888072e+00
2.084210042992066025e+00
2.147466710459846606e+00
2.291541207982370043e+00
1.827482788934002178e+00
1.495389069546973815e+00
1.885404570688445691e+00
1.571183759017392934e+00
2.021803801945512014e+00
1.638709017167550241e+00
2.078480895108580029e+00
1.704937254847519901e+00
1.288678090611700133e+00
1.452745240108153535e+00
2.029439797464782647e+00
1.241795409403244621e+00
1.681592960508230261e+00
1.757595298201971357e+00
1.343736735594534881e+00
1.756979458360037105e+00
1.580601254144324619e+00
3.763802200625558925e+00
1.657136095531674513e+00
2.206039192942831129e+00
2.017403406252186837e+00
2.234832815267691952e+00
1.457388588037808130e+00
2.701371319676365346e+00
2.547574828697747318e+00
2.225311915077434310e+00
2.242307764037360762e+00
2.176764401598267451e+00
3.131580182135007551e+00
1.590132658186450998e+00
1.534565025919794268e+00
2.167140408902787474e+00
1.809803039221666410e+00
2.088103545649862447e+00
2.053754732758393153e+00
1.547633903823122159e+00
2.947421670764895030e+00
1.805830782782583244e+00
1.783407338568892220e+00
1.392070181620977731e+00
1.249292273901927874e+00
2.501778639392679082e+00
2.050480240288831357e+00
3.317830103411383291e+00
2.093311238834211441e+00
1.838708514822825268e+00
1.454033160292100169e+00
1.652455778096562744e+00
2.632788185660408509e+00
2.030442715764269490e+00
1.386387588675550564e+00
1.690065886325319733e+00
1.438086744449472265e+00
3.136453059363091711e+00
1.780961457135207260e+00
1.530404897722205559e+00
2.216463838183297508e+00
2.474471793222162042e+00
1.803507466267968873e+00
1.310805028860646981e+00
2.170214912558896536e+00
1.646486200395131050e+00
1.745773620972540519e+00
2.004448857982796373e+00
2.491359403060741329e+00
2.884874456648103269e+00
1.905857631622032811e+00
1.504948870698404662e+00
1.904775174203320320e+00
1.931426578948103989e+00
2.036407666949570316e+00
1.856941919961056175e+00
1.560522774399971668e+00
1.658693867971769764e+00
2.048764801014834713e+00
1.704674621919803235e+00
2.088680882920799675e+00
2.001983161940559697e+00
1.578760692492322537e+00
1.926281305588137371e+00
2.245487269863535751e+00
2.479970070476488431e+00
1.608055465582282739e+00
2.148444328537256975e+00
1.436253372865489375e+00
2.031826453635418694e+00
1.397857303721870670e+00
1.822285028351072977e+00
1.748797038178183216e+00
1.417712574938953196e+00
2.160936240675082942e+00
2.058746723661601052e+00
2.174098756324557069e+00
1.464340659128410049e+00
2.304972120724948503e+00
2.029139620459507132e+00
1.892502690419223255e+00
1.373399477975664862e+00
1.572120518020216462e+00
2.182393937278646501e+00
2.886408617071035021e+00
1.459570686893551850e+00
1.993318938341832824e+00
1.339276175199314523e+00
1.613750599074871506e+00
1.926396780886240778e+00
2.581827600874587958e+00
1.147984973621367200e+00
1.619421576001828234e+00
1.558109463924473692e+00
1.472154207564684958e+00
1.704328165927609273e+00
9.897436963462650228e-01
2.401457387032583046e+00
1.976934381559277920e+00
1.244398019418014867e+00
2.420578341531911093e+00
1.823483954843450050e+00
2.521919232664869615e+00
1.721408886418018147e+00
1.163105059872409530e+00
1.857706959666581170e+00
2.264261056531196470e+00
1.721238474611924474e+00
2.232642598725801619e+00
1.883313448750856711e+00
1.500109255675548203e+00
2.383323354810930716e+00
2.415489470610368006e+00
1.969798864375707170e+00
1.109850048079642937e+00
1.876892210257343763e+00
2.154444627372521293e+00
2.289193848118532326e+00
2.269117237710242208e+00
2.082794961682299384e+00
2.509663895271689427e+00
2.317718572318517190e+00
1.262103384193455691e+00
1.397283241164488432e+00
2.731952016967328589e+00
1.432119418260984212e+00
1.506295633924714439e+00
1.585659099683218942e+00
1.484226370961253538e+00
1.989351726219441785e+00
1.445419160464903818e+00
2.044534916153543769e+00
1.705553332001679800e+00
1.271429421667331194e+00
1.550739357193613888e+00
2.172997593147862450e+00
1.814005871485351085e+00
1.666048514449095297e+00
1.636577995532684238e+00
2.809328799986043013e+00
2.242251742605490872e+00
2.696287689172636615e+00
1.953591553278434922e+00
1.354077261231586560e+00
2.302708351541419951e+00
1.509800561478064740e+00
2.397628485145483879e+00
3.304423107543098315e+00
2.056848563889435599e+00
2.297478940306637796e+00
1.828955134571498053e+00
1.349595870181156343e+00
1.664643621736064283e+00
2.210862049696526999e+00
1.627963430015835211e+00
1.764390495986611462e+00
1.741211616747175839e+00
1.593113549017354691e+00
1.756606480510120250e+00
2.347887438455968923e+00
1.764813888045306811e+00
1.543265282086643264e+00
2.657283785666013642e+00
2.226839932863633464e+00
1.236012321002621039e+00
2.224833777485972774e+00
1.531123741746413414e+00
2.023286311719354913e+00
2.651660098382731423e+00
1.696920706956776215e+00
2.115996622037702224e+00
1.702012192951074088e+00
2.436287427276269568e+00
1.670873383918286326e+00
1.642556579401796446e+00
1.708307893019954671e+00
2.635181746033608885e+00
2.028128012337349961e+00
1.472581085226964293e+00
1.913105456249156511e+00
2.372197726087341252e+00
2.290643337212754815e+00
2.336180312854153840e+00
2.158867536917263852e+00
1.588342144098901398e+00
2.887302600967489141e+00
2.208035218762681495e+00
2.100723124635767824e+00
2.119100639193375990e+00
3.240509723900938610e+00
1.713917467768630631e+00
2.471234142342050522e+00
1.335615254976875166e+00
1.688417556022660415e+00
1.668503969551453192e+00
1.864776768590082678e+00
2.302918218235108672e+00
1.878639373782002853e+00
1.956581659323487932e+00
2.252719633700664748e+00
1.284914058871702291e+00
1.754749904560485518e+00
1.700586465744777787e+00
2.242359374905960934e+00
