2.558782165270589992e+00
1.100592440379647918e+01
6.579865007823015866e-01
4.373877915222453616e+00
4.908067840696893613e-01
1.843290601688334007e+01
1.161113547730932538e+01
1.247802879688922895e+00
1.413842885815645189e+01
3.771937197167672728e+00
3.479795917864354493e+00
1.702384621520792862e+01
9.608151129274624225e+00
6.563176822313102399e+00
1.151632020222755237e+01
1.082369392220158133e+01
5.721913458423823151e+00
1.245235351843698446e+01
1.785694376022786400e+01
4.887754999415435009e+00
4.401948198060582129e+00
9.711024069654103030e+00
2.463691043893643240e+01
1.090097701229050031e+01
5.618114864990013224e+00
1.921404680574586354e+00
3.632855702853674540e-01
2.550502779143158705e+00
1.212674089141652090e+01
1.005184610335909312e+01
2.582955341847025910e+00
6.190640669748306735e+00
3.304866431900193469e+00
1.271506771876969477e+00
5.782537874599428918e+00
2.914044632654647859e+00
1.988089212414611451e+00
2.718945945809227105e+00
4.869592222798351244e+00
1.803388211833697596e+01
1.192660217615278517e+00
2.477555886625334658e+00
1.808581157918870419e+00
6.957685288204442209e+00
8.195220961091457923e+00
4.787985100596099386e+00
3.279402126848573573e+00
2.966051603489837873e+00
5.716213536490679203e+00
6.139390969953490540e+00
1.017833769421434909e+01
2.214568797925305699e+00
2.163734792434084842e+00
7.605798606718197519e+00
4.859334044250660511e+00
2.098672645500176070e+00
1.632798287647588609e+00
6.917134608482621516e+00
1.000734413796707400e+01
1.265864686339480727e+01
1.999797684133786779e+00
8.041086805953661099e+00
6.685041465515768166e+00
3.348178391191173997e+00
3.956262356297183036e+00
5.070016615277007865e+00
1.086191487541138656e+01
3.526652488718707623e+00
1.754166146002517523e+00
2.683486768440531378e+01
1.746839800043580482e+01
7.705669019311937040e-01
1.111463035646807596e+00
8.655664654953433512e+00
4.697447879816592398e+00
1.838595868277111123e+01
2.653273363251393846e+00
9.800536073862664566e+00
4.512370564137880180e+00
4.795776746187099704e+00
6.992445716182619231e-01
1.599967506511808324e+01
4.048068674218320950e+00
5.764218417723712129e+00
1.914008062061843374e+00
4.698071091479432582e+00
6.247644374056695149e+00
9.976657971653441592e+00
2.221335660443098714e+00
5.892221559052138957e+00
3.779708156534669516e+00
1.114586329449999624e+01
1.214477829922604002e+01
1.607096489665095218e+00
5.353092419590563367e+00
3.546476360596508215e+01
9.057924598037778718e-01
8.423616933016718988e+00
2.435287397894842343e+01
1.061269965077828559e+01
4.314168075813961667e-01
2.143169657908109649e+00
4.032553200690665030e+00
1.050807729681452685e+01
4.770683256373169923e-01
1.278642346036429878e+01
7.655768708395968680e+00
1.100919680310571458e+01
1.347364091123752106e+00
5.685679768150514235e+00
1.186909364248761278e+01
4.611591799977770911e+00
5.037095308978678077e+00
1.704483994771018374e+01
7.694492339700818029e+00
6.666448905775082423e+00
2.039417871149618922e+00
1.004897067648042608e+01
6.377313865287951522e+00
2.704733695060192034e+01
1.205620003529376039e+00
1.378332921357534069e+01
4.854947464986258510e+00
3.645924039435053388e+00
7.892382151592005179e+00
8.120449552012445338e+00
1.649672055150910666e+01
8.840811126914390528e+00
2.872057879795609558e+00
3.216516144236979624e+00
7.758183079578125918e-01
2.314426078973039935e+01
1.084561783008576086e+01
3.196976451298819022e+00
2.845767665013787973e+00
2.049840755120323266e+01
2.005008902230191481e+01
8.705631454312406703e+00
3.397419950017856571e+00
9.379456041031609459e+00
3.196202643368131646e+01
2.388087470063619122e+01
4.196419835965746969e+00
4.402152187672498052e+00
2.257167087887953283e+00
5.843636278434220621e+00
1.404572800649064312e+01
2.785281015972282059e+00
3.920469074579409074e+00
1.669578756835208955e+00
1.767846994637536140e+00
2.056931175822414914e+00
6.424447897202997027e+00
1.788432354950067138e+00
2.364685650246856952e+00
1.458402853953338330e+01
4.978600134833394364e+00
1.202381638831680366e+00
8.008838406741675797e+00
9.893554048921263444e+00
4.638439078080984324e+00
3.867184577718533411e+00
5.696313154746373897e+00
2.931484573697881402e+00
2.565353300325074137e+00
3.346103809799525486e+00
6.728415633529898354e-01
3.631325616776505338e+00
6.646751340331627844e+00
4.507112673207048559e+00
4.358816207153547451e-01
1.074106570400757654e+01
9.750155981260189009e+00
6.139809830066733198e+00
1.135965517777768552e+00
7.662358656914685540e+00
2.280298211532530317e+00
5.575253280770234632e+00
2.047052904741205825e+00
5.745580573018856718e+00
7.215956798149244511e-01
9.931589801685630547e+00
6.658846971040375706e+00
2.401014048036277604e+00
1.310070513929324854e+01
2.220663958940932048e+01
5.873145108205685361e+00
6.311143545073894856e+00
4.577162325111263641e+00
1.085224693756667058e+01
5.420834644951224579e-01
1.816682637025687086e+01
2.155670588373598484e+00
2.654560173726049577e+00
2.618677889674706272e+00
7.755293469536844064e+00
8.599086836968462322e+00
8.211811122740527935e+00
1.731430879551174584e+00
9.627614177250357841e+00
2.974128396011589626e+00
4.084825708492652474e+00
1.164926740942256700e+01
1.528620218037928913e+00
1.028131406782027524e+00
2.045752367432972108e+01
1.388289754050002767e+00
8.365369810018600250e-01
9.294771776872501334e+00
1.775451238119217345e+00
1.716218137196673599e+00
4.328176587803735487e+00
1.668825543811025369e+01
7.931352993602826196e+00
4.941432634425926729e+00
1.784954586768335405e+00
8.744240300386382003e+00
6.453413133409885205e+00
2.835054071980703583e+00
1.330119594789523951e+01
2.005761838277506204e+00
3.701844021300157550e+00
3.627474790178094377e+00
3.807467939139403068e+00
1.650605380070017558e+00
4.379440094342543333e+00
5.913537999548503343e+00
4.750662737638825739e+00
3.222025837182703967e+00
1.151799669336720511e+00
1.096129777432649810e+01
2.753237650120953894e+00
1.557620303563095021e+01
1.841276021617147096e+00
5.332768877736022262e+00
5.833051542982976123e+00
5.355417562467878589e+00
6.323422330823675885e-01
1.208073759325788465e+01
4.737939520104600177e+00
4.358720015936158987e+00
6.727747075953268485e+00
1.315482574819291095e+00
6.493481364297919889e+00
5.990823182348444575e+00
4.335483167073507893e+00
6.826165008273009427e+00
6.430360193803108082e+00
8.960892799420062005e+00
1.029914273972095096e+01
3.392033343965354497e+00
2.105127318630346078e+00
2.885779632652901938e+00
2.024397260177063007e+00
2.361451886878271011e+00
1.623251590198886873e+00
1.689778732851062726e+00
1.328673698921976287e+00
2.080213565612144677e+01
8.148078441258428839e+00
5.402140708637041655e+00
8.215435141309205491e+00
7.981860098145774352e+00
3.519011431365552500e+00
4.014543349919363457e+00
9.540023003076482766e+00
1.833772861675357468e+00
1.356128965531933073e+00
7.059722978967990503e-01
4.970362110316775528e+01
2.800772939089576585e+00
4.139354938388335903e+00
6.238977837961718009e+00
1.781477329074566907e+00
1.183040619492251011e+01
1.048231963231592623e+01
9.631259921576269534e-01
4.649739007661933599e+00
6.885788778626549700e+00
1.532011973385584369e+01
4.555370378277203258e+00
5.592862298647885311e+00
1.948360401512420514e+00
4.446760951853796051e+00
1.292296208607626795e+01
1.025874661450564673e+01
3.397733738034788331e+01
2.010873831371931431e+01
1.382075820366548946e+01
2.796555612873970809e+00
8.664931188220359459e+00
4.636368434622665902e+00
6.161583939475169913e+00
1.531874510850322668e+00
1.748475959228397159e+01
9.193075279198916760e+00
3.482610178454833338e+00
1.531504542134237390e+01
3.615235363284794001e+00
1.850418519464944733e+00
3.506349172307616335e+00
1.308910032766055132e+01
2.929933733661774564e+00
5.705660965336221579e+00
1.709583643039261691e+00
2.760222122798444033e+00
2.652147425941083547e+00
4.087518343196118842e+00
3.689916913236324092e+00
2.020750315298747157e+00
1.178200549585475487e+00
3.009172205851403881e+00
3.647131089972041273e+00
1.901520915465814143e+00
2.387357636341296274e+00
2.267484412813953742e+00
3.417359170992456008e+00
3.724760194483234255e+00
3.142641196891076127e+00
6.102587709948048555e+00
1.469095585548686467e+00
2.581060276179410806e+00
7.640093637854908692e+00
1.905998025089959302e+00
9.232479039374320573e-01
1.294796782388648815e+01
8.330756035552614236e+00
9.081124118880556040e+00
1.569091619858998810e-01
2.077433324043330476e+00
1.230862339747355261e+00
1.806808049982783437e+00
3.336079287010049743e+00
1.125533496322054461e+01
6.722799508691720050e+00
1.022414561514294817e+01
5.996887909060721000e+00
7.472281142406584920e+00
7.962439008209363678e+00
1.437751563849070324e+00
3.098514988437815365e+00
4.515160667592062360e+00
9.994587657691068605e-01
3.843300927722185900e+00
1.341456775862737150e+00
1.067985134947923243e+01
8.977424523456255301e+00
9.222957408499041776e+00
1.825027742446286849e+00
9.177068659282657137e+00
6.406950419651094464e+00
2.852625528438351044e+00
3.013806206341514304e+00
6.670209776597302742e+00
4.004662081020521569e+00
4.679973733231254762e+00
3.137296020012033004e+00
4.736903499739998580e+00
4.372418891570617916e+00
1.113133203745305944e-01
6.483112262779519241e+00
6.018656132181656737e+00
4.606714497639382344e+00
1.207799937366848653e+01
2.025720434967477779e+00
4.418465424924702845e+00
1.351313389723263647e+01
2.031709536069127964e+00
6.101116011334269729e+00
1.100225350015606196e+01
7.525707266815077290e+00
3.774085128767004704e+01
6.785007643124054688e+00
8.832696571521024609e+00
6.437292652845701291e+00
6.165569796989139206e+00
6.217778628748241720e-01
1.310765336838861650e+00
1.937887288043352640e+00
8.220539077387107874e-01
9.003102633739828775e+00
8.885884455495364875e+00
3.023887717991925328e+01
1.860549632808534470e+00
1.754697928859634493e+00
2.168310307976658802e+00
1.341836473389961482e+00
2.150827450989925893e+00
2.491151009402816641e+00
7.604102180782481568e-01
1.060965361907232918e+01
6.911188301345226215e+00
1.743857586499786194e+01
4.652903687946311706e+00
2.142500195784080930e+01
3.484912780956103351e+00
6.833536687824806499e+00
1.952487548019604668e+00
1.012950018489915038e+01
3.100312821112106931e+00
5.806662487483617241e+00
3.401466875597756179e+00
8.763854927060354072e+00
7.874243620091300855e+00
2.239499843546872260e+00
5.364548591044466797e-01
1.089934381976814359e+00
1.662522354767068666e+00
2.004045249002084805e+00
6.632321845096011081e+00
2.308744806650043557e+00
7.266120175109040069e+00
7.182977714066121955e+00
1.685233225666725287e+00
1.551513985361085979e+00
4.176512862733642528e+00
6.614330733606980317e+00
4.319653003875473019e+00
2.313283238580912116e+00
1.713504649898028021e+01
3.335993622725718311e+00
2.149892466889886666e+00
1.065967287732798141e+00
6.259619836850166763e+00
3.970313209348210748e+00
1.374129439000500774e+00
2.547682410503683936e+00
7.330334098312354385e+00
1.414592039138732282e+01
2.006699473423760693e+01
9.788411763539134114e+00
4.068054857347271458e+00
1.231858650820750078e+00
8.333143925025195742e+00
5.615421813271879614e+00
1.209970442816120517e+01
1.585432606020644286e+00
3.548597126743731067e+00
7.048665350587792311e+00
8.465755334385209885e-01
4.406809904549032098e+00
6.296701691586311433e+00
1.280710871792044969e+01
1.653082423032957049e+00
6.656281141021358927e+00
5.543857275850854194e-01
3.467144264004004661e+00
1.152203224620723532e+01
1.749306569528777189e+01
9.720300484422818244e+00
7.644746243637102756e-01
1.661554666979834449e+00
2.333725640395362788e+00
1.555804518955005378e+01
4.926234780295375870e+00
5.418874998910213847e+00
3.889797794549391341e+00
1.188634254166445414e+00
7.261404981259786950e+00
6.193552768401665576e-01
4.094940093233044642e+00
5.263581413186356528e+00
2.083171778842190403e+00
4.283520773729019737e+00
1.031073475543758722e+00
4.186160886261686365e+00
6.511021670516878856e+00
4.996251428722912280e+00
5.652278940108373950e-01
4.978443237966200030e+00
3.152410964784564396e+00
3.479666452833898749e+00
4.154214878241937470e+00
1.535705707798950570e+01
7.874878120560143913e+00
7.145695615084647123e+00
1.142166271472262373e+01
2.401365157998590760e+01
1.602291307961305256e+00
1.564922878889414726e+00
7.191707548499318925e+00
1.513992758307524777e+00
2.112663433536538449e+01
2.597819746187420176e+00
3.935915084626171900e+00
3.247518858574655720e+00
4.036114468427251190e+00
6.218207504385953932e+00
1.147516843269994169e+01
3.056043041181542463e+00
1.020699878070784195e+01
2.492931089931337496e+01
3.278201123416747631e+00
8.660380374594259578e+00
9.116295776014350594e+00
4.353427930019166503e+00
2.806982812453492127e+00
1.389051130599267436e+00
1.132959933520152163e+01
1.038477069131986852e+01
2.642595789910318071e+00
1.916778669686051151e+00
8.427136263069032296e+00
9.263976075208353311e-01
1.983882120803286186e+00
8.823929403016669282e-01
2.656037540825813004e+00
2.642482742997706247e+00
4.900563058834675800e+00
8.683743188809330826e-01
5.403015814619921642e+00
2.344340859121677223e+00
3.490667065542689240e+00
1.866397695012915392e+01
1.863964944708023097e+01
2.049311216364647592e+01
5.791412588838596776e+00
8.945374129979372313e+00
1.503282563660858884e+00
1.651314076126567221e+00
2.035702486458368821e+00
2.330084522400954317e+00
3.751012266161925179e+00
2.847536748366773285e+00
2.361398216635271829e+00
1.293435969554441201e+01
1.879234843854140635e+01
4.483252169585727032e+00
4.846839137766512096e+00
1.008080098173999595e+01
4.021947261569334131e+00
1.679838282795411031e+00
9.161023378964254782e-01
1.094523849647405678e+00
1.698485604328371812e+00
1.272937127011238845e+00
5.322165238048421010e+00
2.483255713103265094e+00
4.164912192535413560e+00
3.025563035995033179e+00
1.939630313838561548e+00
1.394763928326468871e+01
3.445993613537860156e+00
2.117665317347046994e+00
1.359150577876682586e+00
2.700269258431600594e+00
5.487004523143627743e+00
1.326541011129124392e+01
4.801569927861937259e+00
1.422896074809528955e+00
8.656832966270801677e+00
1.546787824436566039e+00
1.767517578260632760e+01
8.625736935306768771e+00
2.008876667212152256e+01
1.277304109868217452e+01
1.277698278229824735e+00
3.334060849449244301e+00
8.275518797910354607e+00
1.657907385619656893e+00
4.653095773121268763e+00
1.053930498896121337e+00
1.936546902182343155e+00
8.866976564606787292e+00
9.184997697417528473e-01
2.522618889459238289e+01
9.616943862804319121e-01
1.529445258271231900e+01
5.138926318849154740e+00
1.100180093219884725e+01
4.581834985749995148e+00
2.864704051257634720e+00
6.641873744312052352e+00
7.817608382617011742e+00
3.904173726691742452e+00
9.371899789308361761e+00
1.855434737105468024e+00
2.551446656072168917e+00
2.206168085467838935e+01
1.072000279010488732e+01
1.272390107601169440e+01
1.312043008106230602e+01
2.206475865074733633e+01
1.366906879193935609e+00
2.437540357108980427e+00
2.187868236672282585e+00
3.540885464347150791e+00
7.979889461588933308e+00
2.055809605660640926e+01
1.943450722634991745e+00
1.996528614849915950e+00
3.156857807717633690e+00
7.106139007649779238e+00
2.579773252290085139e+01
2.419179268391154825e+00
3.391561019552006062e+00
1.290437872031781197e+01
4.823676776494548513e+00
5.175733807360137995e+00
3.485688454874282804e+00
1.531314758469118686e+01
2.262808927771081002e+00
3.251309095436874941e+01
6.328926930190337252e+00
1.786594057133677538e+01
4.420591775422409775e+00
1.329308015937175291e+00
5.543453673658381931e+00
1.055846948601425339e+01
6.119142875856163677e+00
2.140874522708323902e+00
3.978767760855843605e+00
8.603180328721045100e+00
1.789585324272214173e+00
1.789864568267536260e+00
3.326607858471015255e+00
1.274794838105342265e+01
2.188803656757434268e+00
3.481162843280560537e+01
3.057845758132200054e+00
7.883766696717257050e-01
1.682095867889290997e+00
1.092715402373873212e+00
3.325927591729976207e+00
1.171099255396769934e+01
5.852972927318720764e+00
2.904829483914312060e+00
6.652502446022669602e+00
4.226840530406924756e+00
3.765532171648164450e+00
1.951839309989869875e+00
1.834243342113127007e+00
8.649515603444038803e+00
3.061492720198798700e+00
1.708825589166660919e+01
3.005691084871960239e+00
1.824843040473194566e+00
4.278848004467144861e+00
1.943014778271360399e+01
3.430027806736118734e+00
2.329621304813668026e+00
1.087035679650045106e+00
1.050929709306172377e+01
1.845304113321375894e+01
1.090289326435915740e+01
1.908371068833836004e+00
2.056911951966369667e+00
2.579749142410775686e+00
1.072443962386311966e+01
7.614834503749212224e+00
6.951195239666625447e+00
2.875475546365805712e+00
2.991719419698874116e+00
1.729149342306335058e+01
7.510641109028912688e+00
2.377968707157072981e+00
4.598304723513956915e+00
3.228741662533491485e+00
3.625429356735705433e+00
7.028041400657480509e+00
1.029399186977705583e+01
2.049913239401192744e+00
8.487924167214514481e-01
7.798865877129707025e-01
1.292598101224289309e+01
9.267670424162933074e+00
3.571490960948112470e+00
7.688589891644426189e+00
3.541082228602213000e+00
1.869667642673332608e+01
5.358090807199276107e+00
2.411764099499186020e+00
2.349012252378789967e+00
1.186626026491463398e-01
1.764814455762624945e+01
5.843266176217894348e+00
3.271205634626280556e+00
1.201071956473851543e+01
7.682127489065211812e+00
6.956886695629443729e+00
8.007592243222835249e-01
2.520848336592945493e+00
1.267703348677735065e+01
6.284135332385362815e+00
4.589728581920434536e+00
4.810997726140229247e+00
6.395773153932042021e+01
3.018163631575784489e+00
2.981331842590980941e+00
4.343908159130798197e+00
3.249319217034991158e+00
1.520587177731182749e+01
1.992366233631278405e+00
8.766559425625153334e-01
6.097603593551912837e+00
4.008837927544334434e+00
4.336642792965844428e+00
5.348424343185973484e+00
6.044057652405441239e-01
6.444899240546149599e+00
5.872790458289125048e+00
1.073551635765787493e+00
4.237157791630402848e+00
1.237200377253401484e+00
4.107972208528457791e+00
5.146254351111062775e+00
4.504320045188230814e+00
3.655947213451507416e+00
1.025926784508157930e+01
7.722865686212405656e+00
3.696019606580192907e+00
1.611967718436296693e+01
3.145588924614842075e+00
2.015292728385932097e+00
1.283205485189564854e+01
2.018288655701208523e+00
1.330257974478020966e+00
3.573764770710995631e+00
5.037609758506993440e-01
1.163379069706167002e+00
4.439871378256801115e-01
1.440453511320720414e+00
7.924648376374186398e+00
1.329735573376872537e+00
2.022413039632006804e+00
3.214410465546282403e+00
2.799211721849522494e+00
2.549511726115014199e+00
1.019985179619332216e+00
6.326747146718198600e+00
5.005381114626716865e-01
9.358994396624977341e+00
6.024617943699315248e+00
3.485157963345371979e+00
3.102214540089078376e+00
2.568890075757623848e+00
5.506032926741265321e+00
2.300675333002340750e+01
8.701292181461493414e+00
7.354807425827246448e+00
3.983590227241047721e+00
3.365144297307536192e+01
7.390558965031163829e+00
9.338167978877246478e-01
5.288418394278236789e+00
3.807633987095549344e+00
4.054305025633346382e+00
1.846130356005247553e+00
6.857971794678367594e+00
2.608381549825556256e+00
1.036318068694237660e+01
2.217429015118961733e+00
1.624967325126867923e+00
3.488832830833601850e+00
1.644862563185339255e+01
1.281151120213920791e+01
4.620667887213810943e+00
8.559639137564793998e+00
6.067474269375114027e+00
2.577314330535010356e+01
3.716216196757302193e+00
1.643309679915633126e+01
6.025492382347305664e+00
2.086987620086454776e+00
6.098139030633745072e+00
4.169318504306640705e+01
3.966501903294195941e+00
2.029445722313158118e+00
2.779485918434263958e+00
6.408488419901376965e+00
3.778500935623475776e+00
1.274500690007527126e+01
6.881563663865642333e+00
1.111937564487358143e+00
1.124256031188388683e+00
3.732359133814752372e+00
7.192742834861560297e+00
2.315606218733598620e+00
4.959938042569428163e+00
3.897233773186709715e+00
4.957471412859286275e+00
1.144357320221538643e+01
2.951411104299194843e+00
5.807239427475197502e+00
4.992831085821327619e+00
2.620960061944252129e+00
4.301107283839187723e+00
1.823276825912525378e+00
4.357568105213307064e+00
1.730731404756867775e+01
6.137956351105358088e+00
1.240405336361314248e+01
1.065567549636135425e+01
2.640059079478425730e+01
7.455682349498671257e+00
7.253482594903863934e+00
1.637264865822243509e+00
5.439565030147935687e+00
5.534800303394218446e+01
8.256916426390207064e+00
2.470638066064697380e+00
1.690717894600962978e+01
1.002845620396322346e+01
5.058189936691514177e+00
3.906025501074463335e+00
1.266096988767918319e+00
1.029616456834444360e+00
4.262669953015033819e+00
8.017823699394224235e+00
1.570473044809479468e+01
5.335207846010414645e-01
2.402648908221254320e+00
9.117029717901406372e+00
5.094747954151865876e+00
1.010733063362014228e+01
1.994696516933966546e+00
5.340909542194733461e+00
4.010402373443340274e+00
4.571496460529591133e+00
6.929332286951702669e-01
1.487320221279833277e+01
1.032282133760236142e+01
3.219257786754725181e+00
8.863621675490855889e-01
2.196975657970608342e+00
2.100072808352419163e+00
5.162004256809232139e+00
2.518235822592840290e+00
5.657024925476079602e+00
1.571696634234493573e+00
2.788837620935325834e+00
8.126157223698496912e-01
1.172103199073010860e+00
9.500989997485685734e+00
3.978774494484437874e+00
1.451245015685004525e+01
2.557772053417019631e+00
1.585273730414631599e+00
2.686470990633722522e+00
1.972422890422577346e+00
2.619572149940451400e+00
1.137388843839962327e+01
1.019864207592590688e+01
1.205728968368013909e+01
3.284015160509604403e+00
4.597870064739652207e+00
5.612095340335524263e+00
7.582162233308266330e+00
5.341295237695585563e+00
3.571377326442263911e+00
1.300028916248562361e+01
5.349995575935306391e+00
2.282961874978422845e+00
2.899767620059893858e+00
6.576933741810761624e+00
2.488292985471305130e+01
2.327082306689655322e+00
3.526296130219483516e+00
5.557350316911001897e+00
1.266148863670494285e+00
2.550447508143489195e+00
2.648425559449942845e+00
7.384897759925613592e+00
5.390769395092768690e+01
3.717747082977453044e+00
9.787542070783853632e+00
7.781890256081159585e+00
3.666341203786436687e+00
8.354146116149982149e+00
1.169996847280955166e+01
3.932325256831219473e+00
1.162219614583929683e+01
4.374345723819272891e+00
2.787401330980032732e+00
4.585917551555818150e+00
1.973242685772012672e+00
7.707192602528372127e+00
9.481374998004097776e+00
4.106058862004923427e+00
4.273596882468006619e+00
8.659080368171258257e+00
3.080738882575476900e+00
7.062147841978910101e+00
1.038551659517930403e+01
1.093606997414442716e+01
4.706100759922430044e+00
1.712414031693293870e+00
5.463638952332788179e+00
1.024113941561591723e+01
2.023637987115457726e+00
7.475814262774346020e+00
8.315336858745382642e+00
3.522313909993173286e-01
8.048983571565004880e+00
2.516618206073526487e+00
8.937354236333126423e+00
1.390211493310230217e+01
2.483081509558537014e+00
7.044637072177204473e+00
3.183144103509879486e+01
3.847918261031069154e+00
2.346400106176425027e+00
9.445853961648724706e-01
7.671452469589050693e-01
3.830321968053165715e+00
2.875943981207730982e+00
8.675909985562752169e+00
2.372605506364159567e+00
4.876075212849916340e+01
1.888885150390797740e+00
2.659468683010168366e+00
2.352605714957491045e+01
1.131839437899990752e+00
2.662020751444426736e+00
1.129150358151703948e+01
8.780139410074597750e-01
1.628172951139990943e+00
3.097951140891427091e+00
2.286227210848687719e+01
6.930898268863367129e+00
1.816162167106170067e+00
8.822745502806337292e-01
7.070306928583940831e+00
2.871889475401493641e+01
1.276530122484568430e+01
1.582954762910755209e+00
1.714117683072796883e+00
4.127008093592612781e+00
3.103615210356047704e+00
3.526176033335135962e+00
7.733742347147532392e+00
6.677975254469604494e+00
8.906673796538893129e+00
1.836772680655698320e+00
1.484371858764879981e+00
2.419414132298497222e+00
8.977419317549512057e-01
7.340851264646907737e+00
5.394215295884071892e+00
2.456554860016501696e+00
8.942704353498708514e+00
2.422153640162541866e+00
4.885864848517648795e+00
9.712395147125477024e+00
1.686039360244198804e+01
7.158792571025446527e+00
8.189394029041517697e+00
6.421353973824246886e+00
5.755795428020135773e+00
2.425694970508233084e+01
5.891945122488246867e+00
2.656628251658295525e+00
4.701630735759025903e+00
6.364102802573164297e+00
6.494729536323727181e+00
2.873518130702705342e+00
7.879163057328536723e+00
2.053726617253577302e+00
1.072636765548570104e+01
1.075903210038708480e+01
2.891151074824135137e+00
8.727021734455597368e+00
1.411408427474856175e+01
1.086735118329287531e+01
8.335026681331942910e+00
3.480827393442918805e+00
1.774429830197389180e+01
9.967739869720489310e+00
4.328419864068596468e+00
4.324344386327034329e+00
7.306589935665647850e+00
5.887831485513009611e+00
3.133868356634159191e+00
3.950801780905024430e+00
9.132104476680730443e+00
9.901535656750077408e+00
1.111467507631391705e+01
1.439640042187509472e+01
8.929510212744917297e+00
1.184630626597320280e+01
9.455144548039680075e+00
1.479797455377465987e+00
5.108167387625376143e+00
3.964954473545247549e+00
3.716900358468461452e+00
6.664921340936420080e+00
1.616443359213355579e+00
1.446196934211224416e+00
3.632495676313003852e+00
1.464156691035076818e+01
1.147388604527746025e+01
1.402189322249463999e+01
2.201568882702245844e+01
9.560023472246466980e+00
2.787610585669531016e+00
3.735748596940246635e+00
1.954180510740109122e+00
2.102112175550077566e+00
1.070555489829851226e+01
3.705675369832807653e-01
