2.579695566712083998e+00
1.361801905227923992e+00
2.622644793222705051e+00
2.633538162363151525e+00
2.615444039990973746e+00
2.475720497417275734e+00
2.040289082956311173e+00
1.860267691534016832e+00
2.413390639367445800e+00
3.028669972994309845e+00
1.809565585589588022e+00
2.971797137599797800e+00
1.733174217372300374e+00
1.809319779041173692e+00
2.593422954852070195e+00
2.230728270146757453e+00
1.405652040139516279e+00
1.742389799842093190e+00
1.401015459043416067e+00
3.243904276357769678e+00
2.088056790228347115e+00
1.975130719856671435e+00
1.622433050496182139e+00
1.866150610852495895e+00
2.008085505615867294e+00
2.662407851367592393e+00
1.976551926799804626e+00
4.072946421789062299e+00
3.254828967878582446e+00
2.515220078729959674e+00
1.908639027377705633e+00
2.739860173710767732e+00
1.588481690938626789e+00
2.355660640841726217e+00
2.892677562869371499e+00
2.466497526759550141e+00
1.755797613554658021e+00
2.512176459061833622e+00
2.514117659136962946e+00
2.202435663813126610e+00
2.284017888146922637e+00
2.132094737524174111e+00
1.593262622993256272e+00
1.913763328134816977e+00
2.077560969155450632e+00
1.917787554076217260e+00
3.183083320157670038e+00
2.186664236842285725e+00
2.397069135564180886e+00
1.969092183342540991e+00
2.575047973362303733e+00
1.594053384785746541e+00
2.108992027599515318e+00
2.601019953489213776e+00
1.935350986867270917e+00
1.571216752696592334e+00
1.512569175065881621e+00
1.796422389398111941e+00
2.108694891323187548e+00
2.984638377240537821e+00
3.024600048869889424e+00
4.735233236043137950e+00
2.024623309601308652e+00
2.426161959610092289e+00
2.003369131516016921e+00
1.581488879883135912e+00
2.130101831763418385e+00
3.502384228208220485e+00
2.161672920096205708e+00
1.972812272607249229e+00
2.090733155772812601e+00
1.814406074723382112e+00
2.563036953848863320e+00
1.415162392254756929e+00
1.891924059647432488e+00
2.451364205853946210e+00
3.283348091617911635e+00
1.886327853398155119e+00
2.564848934703976013e+00
1.715013045555772164e+00
1.587976874483092882e+00
2.582316087633870438e+00
1.994988730478925776e+00
2.304969565452155589e+00
2.418794857190096792e+00
2.575107441873708325e+00
1.679296719070220156e+00
1.728480392021931822e+00
1.833331722310591605e+00
3.005702198518583224e+00
2.776688701489031796e+00
2.389980394381226780e+00
2.032035385179557174e+00
2.193816731414377053e+00
2.059772103124501541e+00
2.116147496550100815e+00
2.212869161627509129e+00
2.960134765399894174e+00
2.977089390984715145e+00
1.659786319673289379e+00
2.349337508331614810e+00
1.849073782264654131e+00
3.706453450508471636e+00
2.458200202463765915e+00
1.540655806961519048e+00
3.097487211673886964e+00
2.519035928486466958e+00
1.598770023197764401e+00
2.299978200929394756e+00
1.777147575937500834e+00
2.266634282241214660e+00
1.930833806061121205e+00
3.599295696455125704e+00
2.705820824440221095e+00
1.676951362180701732e+00
2.437721112593257189e+00
2.411507391903588982e+00
2.784679400464467491e+00
8.154750548761637852e-01
3.617013174662275787e+00
2.721325141682043203e+00
3.470236197349969576e+00
1.662753900991715161e+00
2.298426643578359574e+00
3.595736146047410653e+00
2.327399045224766816e+00
1.973007556297677212e+00
2.524390322035037659e+00
2.071523982200326408e+00
2.151897881662359069e+00
2.631329070177600649e+00
2.344425835281992221e+00
1.623918232791061733e+00
3.232655940119717908e+00
2.737506699338507321e+00
1.879602538956207658e+00
1.466986288266616922e+00
1.678524112575043858e+00
1.717032699617617952e+00
1.879051192834940265e+00
2.303584459308413379e+00
2.957631247848472977e+00
1.775933928043667898e+00
4.207017586792026087e+00
1.914022960402381068e+00
2.895630480408675211e+00
2.891608372243515745e+00
1.663405036258537750e+00
1.935478170818401900e+00
2.164530190760153516e+00
2.953616747223609895e+00
2.673768093341461149e+00
2.432328379969424414e+00
2.223933628734870105e+00
2.171432725050251200e+00
1.647217371825310250e+00
1.739963636849354067e+00
1.596243244087071078e+00
1.703614835543741490e+00
1.646377859286037859e+00
1.731940503148429178e+00
1.305552251522884344e+00
2.350915995378476175e+00
1.985492127574142840e+00
2.692083610621216039e+00
2.201783266382285387e+00
1.787037097512857997e+00
2.691511890797162021e+00
3.108331973335786369e+00
3.207258278853005518e+00
2.587859743161313730e+00
2.766762545860572242e+00
1.989263722487963681e+00
1.074936239408352145e+00
2.645758833736096438e+00
2.051146787688280959e+00
3.532612776946344901e+00
2.118181152557765845e+00
2.925068320789541154e+00
3.855488986068917878e+00
2.342503653878139858e+00
2.613613332843316872e+00
2.072595333905812964e+00
3.014401362893521785e+00
3.010205237229320208e+00
2.103768615138868370e+00
1.928490688182783463e+00
1.936977946552249641e+00
1.864417007202150200e+00
2.228074949691381423e+00
1.801214671352195928e+00
3.929841817736401399e+00
1.669585383717079319e+00
1.792853746876254650e+00
2.557342094773474184e+00
2.600149497955547950e+00
1.888057432137008051e+00
1.730220796858500165e+00
3.895954807731734082e+00
1.914134059847114600e+00
2.254011837445049515e+00
2.485896134078431352e+00
1.975927587813931741e+00
2.239514784961180727e+00
2.662827876863236742e+00
2.440140562733370100e+00
1.776872670063355475e+00
2.402752778137283496e+00
1.911524294494924447e+00
1.922808643633403536e+00
2.786686451480738569e+00
2.957366391406003547e+00
2.381870838393627121e+00
2.660368689347150983e+00
2.533823372617018954e+00
4.237907601113656497e+00
1.606093348132449750e+00
3.007769081036284931e+00
3.078496946588077154e+00
2.143684119673075372e+00
2.056208686176427491e+00
3.481918027626661249e+00
2.507958324057707244e+00
2.746035651615680528e+00
1.332770556925383376e+00
2.406820012448153356e+00
1.809755610599550701e+00
1.957699907975343434e+00
2.668686143367166252e+00
1.363169530752222469e+00
2.485680760526306265e+00
2.548553924820573080e+00
2.683359817210473341e+00
2.375645258697661077e+00
1.758584950045026352e+00
1.977814315575022075e+00
2.220702909965439620e+00
2.152583828210986372e+00
2.975523874082734999e+00
2.062312247313630387e+00
2.359691309037432294e+00
2.886453066872618489e+00
2.237001539667102357e+00
1.678068198168590985e+00
1.531590509366974384e+00
3.332996184939363005e+00
2.377751149187988133e+00
2.155776593109058226e+00
1.968701872903003025e+00
1.285382041106362117e+00
2.190204053023833364e+00
2.180718207370726081e+00
3.472042024461502230e+00
1.936568196769015149e+00
3.145030829607428302e+00
1.726982891208389770e+00
2.315349420790280277e+00
1.916155926133566556e+00
2.316684348926083992e+00
2.538401108142671614e+00
2.131886915328543353e+00
2.013891856163636529e+00
2.049024762920282239e+00
2.094049673707691461e+00
3.700613807205927586e+00
1.611892149777369942e+00
2.131170096602781783e+00
1.999286542186159421e+00
2.199477587418471547e+00
2.697103441845161598e+00
1.799274296515500859e+00
2.600489165141813164e+00
1.655772780022926050e+00
1.689717196100281260e+00
3.324673786823470589e+00
2.209756600448769426e+00
1.820386629098293518e+00
2.043861278944942850e+00
2.965947015222596850e+00
1.730003378311683049e+00
2.501424329095567334e+00
2.022958233247512894e+00
1.753431882180641610e+00
3.383000292356287630e+00
1.576235852312284580e+00
2.338503374539142143e+00
2.266274397406101038e+00
2.143256698424627071e+00
2.469611018764783061e+00
2.174690581873536033e+00
2.359250415061363348e+00
1.244564003964168553e+00
2.023112811263166666e+00
2.171466626203697015e+00
1.864975049962972919e+00
2.644963660581004739e+00
2.125192739554147447e+00
1.733739364321637222e+00
2.186153371624261599e+00
2.243928119618670891e+00
2.163233659125285868e+00
1.850953674088544165e+00
2.522912808000765228e+00
3.345992266748957444e+00
2.271787132383769503e+00
3.015316276535149331e+00
1.721414072423740116e+00
2.213353188669298532e+00
2.558237211836876135e+00
2.492814672749344318e+00
1.790504618497799960e+00
2.112315231789582803e+00
1.903624296215620459e+00
2.167458462952241316e+00
2.182154650712000876e+00
2.176070195043751987e+00
2.411193849717730764e+00
2.516981249845038349e+00
1.772921677563013443e+00
2.801638930397115423e+00
2.620542242683722378e+00
1.897873044949416554e+00
1.955824751944731599e+00
1.935570480342038380e+00
1.545201443046882339e+00
2.884792006187767655e+00
1.950357868802706784e+00
1.065632190848754268e+00
2.938376474637395930e+00
2.645066783160046064e+00
2.163867955568381518e+00
2.406278464882789514e+00
2.635587001397900586e+00
2.107397672676778910e+00
1.985860427077323465e+00
1.757476375268877344e+00
1.619724568340417781e+00
2.591318383710447204e+00
2.068339783977850566e+00
1.869791403092301518e+00
3.277894937062337810e+00
2.426328656616008050e+00
2.507862024600982398e+00
2.143857102689997074e+00
2.170565878809813665e+00
1.985018518285396771e+00
2.017405246036956257e+00
2.412921986908938887e+00
1.578653070793441193e+00
2.954355849949048096e+00
2.569906579977175198e+00
1.795199599723218187e+00
1.526442429721206917e+00
1.724193994562086996e+00
1.996820972103583003e+00
1.739339445055857025e+00
1.507594989480781411e+00
1.479353009671810160e+00
1.778197609896569942e+00
3.439303388427816355e+00
3.770634318427496634e+00
2.459251506741381821e+00
3.126544511682834315e+00
2.268319131534858979e+00
2.666449395974719749e+00
2.035560962933068208e+00
2.705943049982159287e+00
2.783845040135770166e+00
1.982440363729125465e+00
1.996945858606260948e+00
2.146477431129420133e+00
1.804602724665888003e+00
2.259563305238615705e+00
2.394602071519673636e+00
2.773107220345128798e+00
3.054181858209745748e+00
1.883105380854227073e+00
2.138777358994957023e+00
2.110109625847407688e+00
1.164735036194467943e+00
2.685114883419084109e+00
2.250423410618089370e+00
1.901223688856204630e+00
2.753603798000936465e+00
3.152333158494588172e+00
2.258909209676553953e+00
2.643044542509286998e+00
2.849440093367415106e+00
2.311729321648094082e+00
2.305819439824505324e+00
3.324226175578744780e+00
2.316602000219442736e+00
1.178278115766739464e+00
2.183254574368941547e+00
2.523816527230784423e+00
2.771445125554808264e+00
2.545560357525019413e+00
2.059635855224471790e+00
2.292430972150512503e+00
2.824813682000288484e+00
2.371394493919348090e+00
2.225797794188705048e+00
1.669172696571970205e+00
3.425386446141541530e+00
1.473173524944568991e+00
2.309510215611040085e+00
1.461763155917148449e+00
1.884920239761118443e+00
2.414706078047548221e+00
2.120648830059771672e+00
1.669248025885495368e+00
2.045686006898674858e+00
2.784302911908992151e+00
2.971763797327913625e+00
2.878507953429877197e+00
2.723891512501564360e+00
1.797976580851865736e+00
2.414199405588045355e+00
1.568553075581047507e+00
2.516290121124572288e+00
2.041213833590001414e+00
2.778261711057554706e+00
2.712607356917367873e+00
1.671955912666060584e+00
3.433634036592429606e+00
1.795512253684691473e+00
2.478827108629986231e+00
2.852068339567337851e+00
2.723456770412185257e+00
3.243232079737198070e+00
1.382403488586130047e+00
2.965955834819478554e+00
2.748836703350171717e+00
1.532886813859916542e+00
2.893213982101225490e+00
1.899908786334561617e+00
2.296731727843272175e+00
3.175865317501702645e+00
2.509833240374091279e+00
3.008435494834400981e+00
2.375650241844433630e+00
2.463636173069108981e+00
9.692237989042701285e-01
1.875838760959404050e+00
1.724658318575907012e+00
2.613517557395170776e+00
3.309097514370288096e+00
1.924138516995812065e+00
2.107914792338132948e+00
1.653000356399349391e+00
2.188052185439351760e+00
1.717408136197673629e+00
2.737116332064439828e+00
3.562117814104628799e+00
2.148116124825449003e+00
2.971827503998802023e+00
2.475273192718036697e+00
2.021459075832005237e+00
2.497993087702848669e+00
2.465534015979888860e+00
3.068812343593113390e+00
1.958093913039007594e+00
1.869848450123895889e+00
1.583980874264830252e+00
3.535115040824622135e+00
2.940230263564330038e+00
3.005025779657041873e+00
1.741507416736856273e+00
2.427937197084225396e+00
1.968598502172753228e+00
4.235414692862888408e+00
1.518716946706611504e+00
4.181617385214250859e+00
2.362068914989571056e+00
2.188319196560612578e+00
3.780513372385496229e+00
3.027322105119948592e+00
1.881394303271308299e+00
3.568765156013028683e+00
2.183068502428684887e+00
2.148713833994473799e+00
3.991057479522171381e+00
2.758935285656139325e+00
3.077264034066002463e+00
4.060892905786027463e+00
2.614533437887182288e+00
2.612848132556262470e+00
1.933566044597035738e+00
1.438479845513686017e+00
2.287235596376834046e+00
2.501081726470093969e+00
2.061533146010600781e+00
2.374841232759219878e+00
2.452590868794377599e+00
1.896279725894848944e+00
2.303470305138927365e+00
1.399234805554031125e+00
2.268297574024493279e+00
2.456059290888883417e+00
1.760230420324881973e+00
2.760607458985924190e+00
2.306251014298537960e+00
2.248915018350814865e+00
1.933941013431259348e+00
2.499518896967781956e+00
1.443844702635756816e+00
2.299122814495354383e+00
2.288152999304522872e+00
1.506156854129097722e+00
2.374355336712590692e+00
2.922886408508611922e+00
1.657685107897001853e+00
2.454005237646710746e+00
2.172854950029832644e+00
2.520463977625155838e+00
1.902035560761192068e+00
2.936965556350166651e+00
1.942544776144017327e+00
2.174083389918606279e+00
1.818011668225222088e+00
3.291383113938445071e+00
3.405605523225157860e+00
1.898538545990004600e+00
3.369194483098574278e+00
2.464092942922208263e+00
2.295395213555882385e+00
1.390293959985392513e+00
2.906586628601387723e+00
2.894206151434139507e+00
2.789547901799653395e+00
2.983123453699577876e+00
2.640325854306856179e+00
1.949034796090727939e+00
1.537729282809084275e+00
1.484505886637521810e+00
1.974453847350521762e+00
1.972992990476363895e+00
1.713403010970832696e+00
2.358340376574396657e+00
2.679509639126592013e+00
2.389600579660900337e+00
2.606045060940588520e+00
2.275704468528068958e+00
2.492522927904347263e+00
1.753172797625616841e+00
2.248300204808777458e+00
2.080064497929287715e+00
2.201431077287630877e+00
2.958131589946133122e+00
2.142310863696754275e+00
3.563270935392596872e+00
2.600087208927101656e+00
2.731159481206126394e+00
2.405026905214723065e+00
3.560788819139550920e+00
2.276764055657486185e+00
1.245190425739168161e+00
3.384209961908487774e+00
2.110865203397156886e+00
1.316363085871308014e+00
1.805617110003810089e+00
3.340793264260454087e+00
3.001963819683350465e+00
2.556590682088543787e+00
1.986145367562045738e+00
1.561745787315434786e+00
1.933135665809829984e+00
1.897724374110152157e+00
2.307494633898921510e+00
1.864088121722730973e+00
2.249958245327962736e+00
2.278867474146613059e+00
2.094125907765220340e+00
3.106870337816491023e+00
3.062339846807615729e+00
2.798299568921668534e+00
3.408427117336148005e+00
2.102193942847607744e+00
2.506709201513247276e+00
2.168484089717391150e+00
2.384395301261307498e+00
2.310475277368344127e+00
1.825025711198817513e+00
2.152082893249938955e+00
2.096662056257500240e+00
3.215800294723473840e+00
2.969348366113394366e+00
2.381141207720973263e+00
2.525009154970676573e+00
1.818261610973056497e+00
2.162458904310522900e+00
1.919021235407581294e+00
2.282028208667833624e+00
2.106970492498492664e+00
1.494578841469585306e+00
2.288181349931365904e+00
1.329788325247991843e+00
1.977486724173215915e+00
1.885199149174451749e+00
1.816398173253185533e+00
2.108968112907496639e+00
3.390311777194255249e+00
1.800027390124710580e+00
3.697976558453812679e+00
1.707554346646982024e+00
1.967148244588389217e+00
1.635289390942591847e+00
2.506595872000135117e+00
1.946831549888503154e+00
2.948688224721216500e+00
2.651749640055211188e+00
1.868831340464609081e+00
2.114380632889552025e+00
1.854386894792963592e+00
1.563731381346772586e+00
1.483175425426987548e+00
1.606223374856746933e+00
2.470881286812102395e+00
1.654795734031564658e+00
2.523745913763308479e+00
2.219561388055043771e+00
2.638709821724782856e+00
1.517181021028910504e+00
2.478690740391037206e+00
2.653397608819940245e+00
2.119906252503030331e+00
3.475510278847177226e+00
1.781296930368751585e+00
2.175229005883938971e+00
1.898545531184617552e+00
2.077536031128393912e+00
2.101137864056188853e+00
2.283609852429160370e+00
2.251246013933192458e+00
1.464164523857806266e+00
2.235288513319614978e+00
2.194000143576799289e+00
2.514005896206384705e+00
2.278177267151780150e+00
1.428406364971224418e+00
2.658165113786061795e+00
3.226212056368905845e+00
1.651479746260647641e+00
2.055692495167993350e+00
2.198884358812185802e+00
3.472513239119475070e+00
1.718661370338641081e+00
1.909704763152370921e+00
1.569952309330419515e+00
3.409359273184155104e+00
2.118976830425439495e+00
2.415911342813126694e+00
1.900030792177900718e+00
5.020352309484405140e+00
1.739739509036769327e+00
1.336135674276593965e+00
1.685389742684443304e+00
2.011533484357885815e+00
2.331806184075129629e+00
2.220834573635351639e+00
2.927119633381070063e+00
2.889514756222826719e+00
2.740517604116508910e+00
2.558941694519526688e+00
2.415621262895916388e+00
2.248504822263103442e+00
2.056837430034639258e+00
1.665133854641856814e+00
2.702038178843536809e+00
2.228293307188433658e+00
2.485080349620860662e+00
1.878185103614338436e+00
2.130561499076665033e+00
2.561133336494060941e+00
2.830499909428859873e+00
2.274882687097944167e+00
2.537714143927209065e+00
2.330951396350164906e+00
2.372302402288329226e+00
1.755707383430118451e+00
2.027557408483265267e+00
2.116746546697116038e+00
3.247099349679268165e+00
2.093571954559493076e+00
3.240634970463602826e+00
2.656698974985791217e+00
2.174884658118199088e+00
2.327539666114465611e+00
2.247505476151163251e+00
3.724562220193273099e+00
2.821310663274922970e+00
1.993554643164128004e+00
1.724448409743821520e+00
2.350773756144652005e+00
1.657452182033727128e+00
2.234395598100267666e+00
3.385222992958581312e+00
2.199685776092641376e+00
4.986741841572550626e+00
1.912054431353814588e+00
1.951116179502438097e+00
1.630280402393376793e+00
2.525218036118065168e+00
1.686757917187413414e+00
1.735923342217223775e+00
2.316180154240730538e+00
2.920593123282661185e+00
2.887601391514553750e+00
2.399475374534437044e+00
2.052145419292690676e+00
1.863429200939258124e+00
3.276335835667409935e+00
1.606048825462925267e+00
1.803994595873458007e+00
2.353847851102385924e+00
1.835953836976287779e+00
1.939439785368856750e+00
2.491218082830214620e+00
4.272502165702228183e+00
2.389732360457390126e+00
2.353941908596744348e+00
2.091971082074487676e+00
1.963319630832738527e+00
2.589323400034793110e+00
1.793227645725816943e+00
2.166015157167236804e+00
1.939359070158898302e+00
1.513522886851891069e+00
2.987740375948303218e+00
2.307241304241095747e+00
3.063218333191195519e+00
2.491360678553993679e+00
2.900775702390675725e+00
2.685595767365544617e+00
2.809689532620672558e+00
2.503544033188242590e+00
1.725750100503703477e+00
2.962872079012006665e+00
2.997716329219621834e+00
2.173759495838525790e+00
2.148915660045773279e+00
2.169744162696574108e+00
3.265752690375477663e+00
2.666489298149590681e+00
2.903449272605700404e+00
2.429358026633693157e+00
2.017391788380160200e+00
1.634551720914255046e+00
1.865072007789271513e+00
2.724976113393467791e+00
3.044871295863478267e+00
3.178723076115422153e+00
1.762765139472423970e+00
3.166212306381008368e+00
2.245662422743391673e+00
3.151531788111798349e+00
1.875518437634398516e+00
2.041820053378019750e+00
2.003128974367585524e+00
1.806331966665209121e+00
3.256794351354977302e+00
2.761968805088400813e+00
3.454435392184833198e+00
2.218049302911422327e+00
1.456740126948771863e+00
2.512025796299254488e+00
2.346016085444250443e+00
2.129388049173986719e+00
4.360177678724013184e+00
1.386649718721355562e+00
2.128633392759265330e+00
3.153681813743743234e+00
3.603405282134989562e+00
2.784615939217261804e+00
1.678536354397596853e+00
2.549874286552253899e+00
1.660777500244684290e+00
2.454939077187940910e+00
2.839901136082397137e+00
1.861830494190022556e+00
1.813238689233434453e+00
2.950437407979241033e+00
1.872455934520865783e+00
2.453045665044632617e+00
2.310043166283992644e+00
2.223729432504326198e+00
1.123855324538895362e+00
1.666560719860334494e+00
2.220194729840872849e+00
2.872596314774797488e+00
2.569673806643180569e+00
2.533142621863266442e+00
2.031465874121300974e+00
1.392464359857660705e+00
2.406190329287658081e+00
9.692945162912554036e-01
1.802528582316114125e+00
1.474655410690720814e+00
1.604112503444292237e+00
2.428248791056065059e+00
2.654539351451560947e+00
1.687871405636643729e+00
2.750620349483268612e+00
1.759649015309859843e+00
3.021861090133001415e+00
2.006293472486936569e+00
2.538383666241943892e+00
1.975480129192044743e+00
1.787343764904173682e+00
1.290109143221466415e+00
9.778562056060184915e-01
2.289060483162224546e+00
2.030410900670475360e+00
2.491563177374753302e+00
1.794688429727157031e+00
3.541622078086139602e+00
2.283440565169144953e+00
2.453409088690656770e+00
1.987095172873796889e+00
1.838084197843723455e+00
1.809703421988528182e+00
1.858494922985631348e+00
2.408410608128489727e+00
2.343346088775625002e+00
3.327071734973297890e+00
2.745401924418462425e+00
2.691316692227187612e+00
1.765403420332854800e+00
2.931426123533372508e+00
3.038389287471934708e+00
2.159891737391163691e+00
1.872827378442751600e+00
3.679000399507953212e+00
1.720087073075110995e+00
2.871151634091795302e+00
1.264595994161405779e+00
2.082105928540639805e+00
3.340666225491603303e+00
2.043598342723010219e+00
3.395359478225401073e+00
2.597468889662087665e+00
2.529491178857701250e+00
2.447254902204050175e+00
1.977173261580936536e+00
1.387163720913852538e+00
1.416703054051113631e+00
1.959799785083363055e+00
2.532896502794670823e+00
1.487718935433766543e+00
1.670304121574550660e+00
1.990928901043383936e+00
2.329524198682290326e+00
1.657008904251633608e+00
1.835493812984894113e+00
3.102683669889421125e+00
2.480616153177350292e+00
2.662275955322396470e+00
2.477893577215779075e+00
2.208873372468351803e+00
1.957068859119438731e+00
2.457917440832847689e+00
2.437911248649510920e+00
2.918970198794451409e+00
3.038629939364760446e+00
3.037080168782642531e+00
2.299624465755485403e+00
2.659132327249618122e+00
2.522959930319815580e+00
2.512929885633282012e+00
2.111012848388131413e+00
2.047565257297816466e+00
2.040057322737853784e+00
2.334732318409740603e+00
2.274121384776508492e+00
1.994562758380788114e+00
1.745202594839478927e+00
3.231115412231192696e+00
3.111405164289523739e+00
2.573004053385541834e+00
2.481233324656169970e+00
1.457499870845894385e+00
2.701908731317846701e+00
1.638660594086618794e+00
2.619054806249407452e+00
2.086721549393149022e+00
2.890855425125210321e+00
2.098603502786736907e+00
3.083709419511527550e+00
1.948117270458160188e+00
1.781193318188481811e+00
1.908645846080534003e+00
1.319304829592505168e+00
2.144468663064337033e+00
2.475959049393415157e+00
1.892164938442324029e+00
2.664499797278192528e+00
1.775950551384349874e+00
2.845278351935318639e+00
2.466084890704903998e+00
2.573081217521271391e+00
2.438433085986267290e+00
3.089330928473483784e+00
2.287451054052102251e+00
1.707049937758144953e+00
2.017272675349948585e+00
3.096199725192554375e+00
2.609349314318976099e+00
1.897817970625212736e+00
3.447427358514560058e+00
2.065798702684499055e+00
2.846872326562138511e+00
1.527489338888325054e+00
2.073526114048241720e+00
2.027695338722385276e+00
2.649768236815534195e+00
2.322907317852850984e+00
1.780311851545008706e+00
2.851064992023167211e+00
2.557959557949763152e+00
2.477960232613858338e+00
2.221048622090290081e+00
2.056360891892907272e+00
1.694330234084596709e+00
3.567180018371231220e+00
2.375872991273495494e+00
2.046655477819790736e+00
1.679481280418382072e+00
1.651139098068854061e+00
1.705680987674399018e+00
2.111857327800582329e+00
2.659379213074814174e+00
1.509570630194518426e+00
2.724339026137257758e+00
1.841955093674480848e+00
2.763472787235611960e+00
1.603271432852470868e+00
1.850157310405573519e+00
2.040013996256393014e+00
3.267775722870001509e+00
2.470800346395218838e+00
2.079355646114910527e+00
2.770336680237666549e+00
2.889426345800027995e+00
2.232981502405614993e+00
2.988845162221370089e+00
1.463398046208246317e+00
2.206624059096382595e+00
2.089130076473824094e+00
3.025239654749562579e+00
2.109952597053775136e+00
2.680678970674960304e+00
2.092951324178730754e+00
1.781432533348112912e+00
2.701911556803908265e+00
1.510853302323051928e+00
1.616073487064241032e+00
2.189470539760850265e+00
2.262562426424968631e+00
1.834287311713079349e+00
2.055717957578180322e+00
1.962718979949035880e+00
1.725203881230806369e+00
1.747333768417731914e+00
1.771246903636663150e+00
2.462447871196218774e+00
2.607543562160877126e+00
2.538835024591452161e+00
1.783705595576687175e+00
2.734984947819723899e+00
1.885142800263726492e+00
2.610446695459598843e+00
1.909593676153931607e+00
1.536643007275552364e+00
1.823719399244277284e+00
2.045146261325306192e+00
2.339790103880067473e+00
2.026811653765979937e+00
2.235884397743501228e+00
2.793737829731117728e+00
2.433841201624468376e+00
2.546717940496461274e+00
2.177775710658440111e+00
1.721118355166318059e+00
4.203199090883511957e+00
1.991185215722794721e+00
1.884433968380518687e+00
1.995000763795133025e+00
1.343180232703758303e+00
2.429248859586261133e+00
3.771428761347405789e+00
2.645346224721269568e+00
2.091305933104893988e+00
2.275865222366625140e+00
2.445270665488044504e+00
2.146427836045479154e+00
3.945171281518319972e+00
1.649359468993083055e+00
2.420220755639364896e+00
1.965321933075217187e+00
1.871745345170762631e+00
