2.421386867394184961e+00
7.030537209991687853e+00
2.460084895398934712e+00
6.020100509696193480e-01
6.980272066084667770e+00
2.929006767463798511e+00
2.312000698345600291e+00
5.766852661825323523e+00
1.499129603583542902e+01
2.167187823931320700e+00
6.643084646741829147e+01
6.085447266112615772e+00
7.310252906159050434e-01
2.398390609968370946e+00
9.133607296079332416e-01
1.139074281398908539e+00
6.690132314707795125e+00
3.708214348515566083e+00
4.209747173763493322e+01
1.774552865008554647e+01
4.424452046400450200e+00
3.563698078075037579e+00
1.582957714357967838e+00
3.136847011823693165e+01
1.702885146694792795e-01
1.251572775600780396e+01
1.192189877290152467e+01
4.118085753574969865e-01
1.828798401372015192e+01
1.348852796785976915e+00
3.964623422262889818e+01
2.053752886950513279e+00
3.677951458113631222e+00
1.050177314162048958e+01
3.766117640088303631e+01
6.300233215148156596e-01
1.296811607880042416e+01
1.202298047560361960e+00
3.159469812264258159e+00
6.657144583869677668e+00
1.598754426929080097e+00
9.282313109017205077e-01
2.709964781848392512e+00
1.150383215165874523e-01
4.690726456263359379e-01
7.615391663941974976e+00
2.734529417036314136e+00
9.933476937661386286e-01
3.684654315377767109e+00
2.208482742193325077e-01
4.120037221779432324e-01
4.053505218728152393e+00
4.981640894058593005e+00
6.954833342413289543e+00
3.417427116011614974e+00
1.207983567996932239e-01
4.050007646181030907e+01
9.685961216844870547e-01
1.596399592050152527e-01
9.866900663544653227e+00
2.612633558961957903e+01
1.371424264452551967e+01
2.251236513031063780e+01
1.501068066298965320e+01
1.364492031741852740e+00
1.626854332761638489e+01
2.382868548772955730e+00
7.253579411658072074e-01
4.680645837946037502e-01
8.681616330899990075e+00
2.568289994058546100e+01
1.100972285278348561e+00
8.406866203893184064e-01
1.348345312356321157e+00
1.119525454542629861e+00
1.951023176835045669e+00
7.232986353032250015e+00
1.440825155122190893e+00
2.664004988158782172e+00
7.379498088432491443e+01
5.329544756466837896e+00
2.060694227759958252e+00
3.646862351426942723e+02
6.285144346864932174e+00
2.243555704361738456e+00
3.992281089293069130e+00
4.313481833176792790e+00
1.977735996394197215e+01
9.168585169370299104e-01
4.402019341555339915e-01
6.058004054199647825e+00
4.044245978653651652e-01
1.121074016688589303e+00
7.435607041257451755e+00
3.424215433890322569e+00
1.524581102562903467e+00
1.733939058049656694e+02
9.289597213632538342e+01
2.119535123335874793e+00
3.702131180378902986e+00
1.188052471225412354e+01
2.775840478852761350e+01
3.116600611660513387e+00
3.165550244431321492e+00
1.067214174481386335e+00
3.350133707319840504e+00
6.767667780778509723e+00
1.408708261949380702e+00
2.210827580055586772e+00
1.143056092715164507e+00
1.390240979527986642e+00
9.946075401079738088e-01
2.318080827489487294e+00
1.407617106266529916e+01
1.382815600182270677e+00
1.924529420884174336e+00
2.982320970048303934e+02
4.665601416022895798e+00
2.344056171369490293e+00
6.367723159386904364e-01
3.636520759127483515e+00
1.639637835694441659e+00
8.013738112068065078e+00
2.585094331387596700e+00
3.308489499004640955e+00
4.120880913446288929e+00
2.367199371972020572e+00
9.196742624501555996e-01
3.025692815053300233e+00
8.529284886452924042e+00
7.333459836055702397e-01
2.871713010043227765e+00
9.137138954239402366e+00
2.525569440186070125e+01
8.719864413264993175e+00
7.593354791890368771e-01
1.069652155498276525e+00
4.534544105041124595e+00
1.420167654642177979e+00
6.714102826792949230e-01
1.682458164265044687e+01
3.819054801080180805e+00
5.658837267195928611e+00
2.565465703713013568e+01
3.325492363298683807e-01
2.087912511564479878e+00
2.539536885996945514e+01
1.172088704606735421e+00
1.374250607896832843e+00
8.997576212355854475e-01
7.312350814685934175e+00
1.811541997689498418e+00
1.997600527902927192e+00
3.205637422335443909e-01
3.090944549931572194e+00
1.479330422127354971e+01
1.675174299755578389e+01
5.410292594439390257e+00
1.108541069998150164e+00
1.275983898258959748e+00
2.712932826391678098e+00
4.121476529543096490e+01
5.661238780711959073e+00
3.360181617381272190e+00
4.477376176430238885e+00
1.259902751013891042e-01
8.865910270185512587e+00
4.686279959577696275e+00
4.051332499796670561e+01
9.089942249668776952e+00
5.269083102960784082e+00
4.689092219154218810e+01
1.752958425657359598e+00
2.262914735603477612e-01
8.516678255284281462e+00
1.717280557950280340e+00
1.022394729286068005e+00
3.383617836277530988e-01
1.412988257767559264e-01
1.556404752437362760e+00
4.306336365479194406e+00
5.788224644851920786e+00
8.609282944897025391e-01
4.885566981901566130e+00
2.743136164898090215e+02
7.299326287132348323e-01
2.277101343467410111e+00
3.939624058258335282e+00
3.641172339926641133e+00
2.031866378814773100e+01
6.947150532999569528e+00
1.100965893996334266e+01
3.406769770369163730e+00
3.754359931202090550e+00
2.878384222243132839e+00
2.880407268783674368e+00
4.267588924174191334e+00
7.014549474512995486e-01
4.097412772729178698e+00
1.133035436149058306e+01
2.793498687622096632e+00
4.017042842764606547e+00
1.645910576566084060e+01
4.391682051122023922e-01
5.904356187809973733e+00
9.214075103066697636e+00
6.028423144947398171e+00
5.242237009720382979e-01
6.507915238310624240e-01
1.494007886245726624e+01
7.258283700377865522e-01
2.096153858790197777e+00
4.411741040353716059e+00
4.331512555852599178e+01
8.622771269123316040e-01
1.920270369449632364e+00
7.979463150678983707e-01
1.758238176893483828e+00
1.617685204331780469e+01
2.251392210250833159e+01
6.326020723552451486e+00
6.983479283379816493e+00
1.730443082888553974e+00
2.213234934721829639e+00
3.187856723300330763e+00
4.028296289553392917e+00
1.665983951708381872e-01
2.437975829524861582e-01
6.386878822912402498e+00
1.766678106681141003e+01
4.356733747196003814e-01
5.058605950196390033e+00
1.626899707804512873e+00
1.261200090154048103e+00
6.014377919929512650e+00
7.795423392336249258e+00
1.787771147894565482e+00
9.519072523387464457e+00
3.763371265085871276e+00
4.929317616150018511e-01
1.536071166089362805e+01
1.692684538485457191e+00
5.761494185592488382e-01
3.393140842748109343e+00
2.034602495215724005e+00
1.919237225988632645e+01
3.974454562140149694e+00
2.971522077065224643e+00
2.912768318438262671e+00
1.153089440859047077e+00
6.933066735347066967e+00
1.180307173512017549e+01
1.530266338116122782e+00
2.705945770764171421e+00
4.873416928013813987e+00
6.180814222398809079e+02
1.897066720357073066e+01
1.216357978356586322e+00
2.086812391733479544e+00
2.348221005346670109e-01
9.414051834461578672e-01
1.270534653461354413e+00
8.084277073085452514e+00
4.222178326215078048e-01
9.185065022568206228e-01
2.703501950348869087e+00
1.941106608767443342e+00
1.681956683233486416e+01
1.748101947799897415e-01
1.130958096421365244e+00
1.013564386824042529e+01
3.484422041553272842e-01
1.466438491626230300e+00
3.307073145437318118e-01
5.207884433875813457e+00
3.668232640619505602e+00
2.634614271900231230e+00
1.810370458217537282e+00
9.305153372548502499e-01
4.069555067069876020e-01
8.390238438010771960e-01
2.208865761863908261e+00
9.779051549349585315e+00
2.451320844900632068e+00
2.724511000648211123e+01
1.503152088161164457e+01
5.089563374738641954e+00
3.645384115687928084e+00
5.868950901554848087e+01
2.271830322040484074e+00
3.691512945766409359e+01
8.995678331532117156e+00
2.139111504305996281e+00
5.039533767771148121e+01
6.667861509170852630e-01
1.006562507686086461e+00
5.445999435860330529e+00
5.023079793489753087e+00
4.166011523425560692e-01
4.325108948556906086e+00
2.621157127206267812e-01
1.892179214602692783e+00
7.222044778495589901e-01
8.265626596998144615e-01
1.941917200034932023e+01
1.323857734346997050e+00
1.195697116532396409e+00
1.089547455208948534e+01
7.860193016139808719e+01
2.441957871995781737e+00
1.494645065687825458e-01
2.482497078550807146e+00
2.509935096154803258e+00
6.860877536583423364e+00
1.113391704154257766e+01
4.573062555548187968e-01
3.676345066227731717e+00
2.472665962724891753e-01
1.642959361862324030e+01
1.002409708229598850e+00
4.610316899828164616e-01
4.606957961821063918e+01
3.402320199699015113e+00
1.091930396138476489e+01
1.646094698924720046e+00
1.358855263406368863e+01
9.484036931206127008e+00
1.511111281334227008e-01
2.511484518539684796e+00
4.503455214695124553e+00
1.472342071630735827e+00
2.002776349137477752e+01
1.784872405199149270e+01
1.368967386509072126e+00
1.816272627205383969e+02
7.554717164810712760e+00
8.149538390021053569e-02
1.228133615275232904e+00
2.697042542243725527e-01
1.400014642263272824e-01
7.504912957790472738e-01
2.718012079055850627e+00
7.083306299843475529e+01
2.225400140727167742e+00
5.314819311389985756e+00
2.154850639513973487e+00
1.423409209593791136e+00
1.796707267390878160e+00
6.304177671350049472e+00
8.107266499921442771e-01
1.143976784745434960e+00
1.724073069439123529e+01
4.424677072340973183e+00
1.153602572559302208e+00
2.355763643981089839e+00
2.374861707418614998e+01
1.289929020948783700e+00
1.857424488574727750e+00
2.121661564243348153e+01
1.391038408036691321e+00
1.146131088889691174e+00
3.142735310026112643e+02
5.519029846011376250e+00
1.377709439789234125e+01
1.465727412682822894e+01
1.228337991862352041e+00
5.821925156399425205e+00
8.455993199887351652e-01
4.572189253283309718e+00
1.258985560698022699e+00
9.313618663394473529e+00
6.272434245766325134e+00
2.653639723720609567e+01
2.559198414650354358e-01
1.476373281199055310e+00
7.398139026735978518e+01
1.447400231500070467e+00
3.214777096907936116e+00
3.922674893021081743e+00
2.830940411789400479e-01
2.255158041057784002e-01
7.254739956554546509e+00
1.931904549995314468e+01
2.511803144071375726e+00
2.718267404741268489e+00
7.993493720564846861e+00
5.648892280240647779e+02
2.309465111572543972e+00
6.977000659852737208e+00
2.074148981304991535e-01
2.254435925842261046e+00
5.521624199953302536e+01
1.954767458639872446e+00
6.286864429802979659e-01
1.263210013511829599e+00
1.399782027665722017e+00
1.097588184134940636e+00
6.515506205725110078e+01
1.612514293095658191e-01
5.684722884099196349e+00
6.101110282125866036e+00
8.847066246607851459e-02
3.848067975900629989e+00
5.694879075106014099e+00
2.628018116851793096e+01
4.848962604950631139e+00
7.011877266581389101e+00
2.613458408228597207e-01
7.641723095292288548e+00
8.394508923109404108e+00
3.302670754075376802e+00
3.181812972774346715e+00
1.433360868119873066e+00
5.360832077938129103e+00
4.693481234012039316e+00
3.472528198898163510e+01
4.337589703609264213e-01
3.466177645305168920e+00
2.783762680622386654e+01
4.958952321567899335e-01
8.373322227161322795e-02
7.033299324866594260e-01
3.187837409603441863e+00
1.157813332674898055e+00
1.520658161983648560e+00
1.194309988039921144e+01
8.002106215546529455e+00
1.756988015739747722e+00
3.647872382346123987e-01
1.082689867422044649e+00
3.731492741481537223e+01
2.941114601362756709e+00
8.209033186149630179e-01
2.070804334009102909e+00
8.407718858196220335e-01
2.964624066259211155e+00
9.176141982996082191e-01
4.738005569251946270e-01
1.229968472749463615e+01
6.516022046167432857e-02
3.154945030578221576e+01
2.843230774336306332e+00
7.734349902317584124e+00
1.136915273015222851e+02
4.120101037396005417e+00
6.342928754797945601e+00
8.288412326072832625e-01
1.538040375582991004e+01
1.325861365236224110e+00
2.636380509152390639e-01
7.174843088122687007e+00
3.458950063857011514e+01
9.371485827178513972e-01
4.273505286354426502e+00
5.562003311545976603e-01
2.086849941111399875e+00
6.496150946348647537e+00
2.054896593976345720e+00
4.432179743147964257e-01
6.649149758486061934e+00
3.318663116202813512e+00
2.948307806697161304e+00
1.966746544617219072e+01
2.219657227271156330e+00
1.086186386784177005e-01
1.590969426797680830e+00
2.294516331370762607e+00
6.661843970019988070e+00
7.007795669256937643e+00
2.386404916177898272e+01
1.984896445126699405e+01
7.402950377092633261e+00
3.355424043123661448e+01
1.243803994107356381e+01
1.719978153545371979e+00
3.320000976412614158e+00
1.082755281628621802e+01
1.129706179384055487e+00
4.675242471532095578e+01
4.918862015488367767e+00
4.328908927356197367e+00
4.957727910128499005e+00
1.601622473051418893e+01
2.053646314577715959e+00
1.561140730450174818e-01
1.220580361607147335e+00
1.067853658681077622e+00
3.170802952106695383e+00
1.585251832676908945e+00
5.472005556856926134e+00
2.977623010791456970e+00
1.726908913775965004e+00
3.908570604820190475e+00
7.736534834792677673e-01
7.214431176757184261e+00
1.188671831406589163e+00
7.560336836362370194e-01
1.577478044665865653e+01
3.213404115063301703e+01
2.057233540156622631e+00
1.391485374434593414e-01
1.661858076830592168e+00
4.716630114537147200e+00
1.259807251962003827e+00
1.184363762712148471e+01
2.208818366866862615e+00
2.385778565254979711e+01
4.748426912363051144e+00
1.385892941256898991e+00
5.308302542002594215e+00
1.668237100591044353e+00
4.408902694928044319e+00
7.657108909193493851e+00
2.885434338050628966e+01
2.804097733505895196e+00
2.105291531834034391e+00
1.017509100826458512e+00
2.107322876121793698e+00
6.234478455408328790e-01
4.275056764311008450e+00
1.259209186416631043e+00
3.235085224392412329e+01
3.796547508084957556e+00
5.184304771812107138e-01
5.030195139482904310e+00
4.934352927328032878e-01
4.247851473608431627e-01
9.541002695273927969e-01
3.356205268055710178e+01
2.202208153740463081e-01
2.245057950334039987e+01
4.866727759704148504e+00
6.256318189822955844e+00
6.116161778838831609e+00
4.743679516639469185e+00
8.840996676563941392e-01
3.452099435230840285e+00
1.241917524481532453e+01
9.595136972353018878e-02
3.150904011580007591e+01
5.901011339691278224e+00
8.880378070759077502e+01
2.140036700538712200e+00
2.243398020546331750e+00
1.394435264163433885e-01
3.328652421289212349e+00
2.196803373739320620e+01
1.912885531441922415e+00
3.218081876362707039e+00
7.074587809657360893e+00
1.899798909997830521e+00
4.559772962268331398e+00
2.422998077326344202e+00
4.512335072908618017e+00
1.558094252834393956e+02
2.174329111587562835e+01
1.088997207900995079e+00
6.315842337025689979e+00
1.583209131030699490e+00
9.499839013352392669e+00
1.129434214191467500e+00
3.062263475118674805e+00
9.513916684772459220e+00
3.401907334635818625e+00
3.090922265993627072e+00
4.010688761113344047e-01
1.238672589206106789e+00
1.916295860508272053e+00
1.145962300509649978e+01
1.714313098307725269e+01
1.045634786291010698e+00
5.852862607222925062e-01
5.319248036296557736e+00
5.254729612337345657e+01
8.189794224988904858e+00
1.677907606039801180e+01
2.193560367900622410e+01
5.976265142142950459e+00
1.120795610999015812e+00
3.986469913331412762e+00
9.657656661733283743e-01
3.021681889954251687e+00
2.548512310096765265e+00
4.400142402007168663e+00
1.076476405536186176e+00
1.246323570922579016e+01
1.393944355783690303e-01
8.004019270303730949e+00
4.003596263407604283e+01
1.158832618514442858e+00
5.241587678145622320e+00
8.074447571113167743e-02
1.437253392880319725e+00
1.193365906736690896e+01
3.263907517563131577e-01
1.925215315948721084e+00
4.016487685419406262e+00
5.968875787465140803e+00
3.334627527447008077e+00
6.664664614604211001e-01
9.570843149763277324e+00
1.944865788356514003e+01
1.600453542159984144e-01
3.893557862841933170e-01
7.900986776363174258e+00
5.172012122611790552e+00
2.179754492492144369e+00
7.064169691406130269e+00
2.162578544412996795e+00
6.244822339593822935e-01
2.233993068349814592e+01
7.639111034134103306e+00
7.841322528781005552e+00
2.397983315206563937e+00
1.689283724474690729e+01
2.603454255153954122e+00
5.842471240440785252e+00
2.803169630115667776e-01
1.355836972014064390e+00
1.196920144466923297e+00
1.406266425473214621e-01
5.202785336869055755e+00
4.419326313581003474e-01
3.888927307416460089e+00
1.738497385999924427e+00
3.758462109820658092e+00
1.073423176236764531e+00
3.919718786151511480e-01
1.651041362776806576e+00
8.484538282663919295e-01
2.629228584494271104e+00
4.253685830277456503e+00
1.145012810386317303e+00
3.328726522597588833e+00
3.153936495823564723e+00
3.199625257835858161e+00
6.490782120858861859e+00
8.675587445705019718e+00
5.385418861591105610e+00
1.322982171480711777e+01
1.898575227589487158e+00
3.481741869116745214e+00
4.540075465980381253e+00
3.834611069820652030e-01
1.984939911641362409e+00
9.048270993360219450e+00
1.016651355306377180e+00
1.107167138971312470e+00
1.009649302271046656e+00
5.713322120451070907e-01
3.957480688011239867e+00
3.484444040689777466e+01
5.279064088960308432e+00
1.479475017033594408e+00
2.352402007380657523e+00
1.806252111829831586e+00
9.604014364657575964e-01
7.372547706218652408e+00
1.690662019460827725e+00
1.163907656369254306e+00
2.151769748125377524e-01
1.422669926929240436e+00
1.455412432659840272e-01
1.095920145416052449e+01
3.793927511781491457e+00
1.238997575500448090e+00
6.597157736969300856e+00
5.119970647648738327e-01
2.742913378747967812e+01
1.196151139400684960e+00
1.644812536208310361e+00
5.869881103228611785e+00
3.583345328880209735e+01
1.316847337502333071e+00
1.452699949125232370e+00
1.266575484766873538e+00
4.976019890815075897e+00
5.438787331714591389e+00
1.322807517985006065e+00
1.255421986667840883e+00
3.639323789761758743e+00
8.838992061530092093e-01
4.234352881363441234e+00
6.009006694062118470e+01
2.331933001063004607e+00
8.543048481993473775e-01
7.923845679550066023e+00
4.420052542111487348e+00
5.711099576094302854e-01
2.782802111779816734e+00
1.605080967682339477e+01
1.916775235807588729e+01
1.339741795727879214e+00
3.248937254840167554e+01
7.698372314558025176e-01
1.265545600040189012e+00
1.463899078657562969e+00
4.216244784355373199e+00
4.075247818135864719e+01
3.342649246904061044e+01
5.850635620762398847e-01
1.171326070334304914e+00
1.437322836198012599e+00
1.974006057355148336e+00
1.797888153922722942e+00
2.219766659878962400e+01
1.268278228251991324e+00
2.769283706277481549e+00
1.232555956798710994e+01
2.988323052266882218e+00
2.642991334514819712e+00
1.428805346567006751e+00
4.824217802117231058e-01
5.524562114740059204e-01
1.400291841023641126e+00
2.916962206369108745e+00
8.661969277013678692e+00
1.144605100061089509e+00
7.358067842655447777e+00
6.967348816771982145e-01
1.077803733992742208e+00
4.241599966084755868e-01
4.467307002074903943e-01
3.270881267558230832e+00
7.531067729822837009e+00
2.705897877089780135e+00
1.467481309831650371e+00
6.969432760281949868e+01
8.057639656161207364e-01
2.598994450559606761e+00
2.512911097521974391e+00
6.889260564198446346e+00
1.454514826767497437e+00
1.102899573781911258e+01
2.442051851500734472e+01
6.345522339359304098e-01
7.521704542590122999e-01
5.835844960568270512e-01
5.932404431946914691e+00
3.050558363443458543e-01
5.296942674307481447e+00
1.515417946482380485e+00
5.036156831636149356e-01
7.256924838392025956e-02
5.773257961845962294e-01
8.115869359365959212e-01
8.589895800039560214e+00
6.892751265126037197e+00
1.093058467307055803e+00
1.447167711100961984e+00
2.450696798590359293e+01
6.337890239246779522e-02
3.346697427164958327e+01
2.449293483665299753e+00
7.624241692792828928e+00
7.254973409575192989e+00
3.977402572857068108e+00
1.203319806972376504e+00
6.734444154366843804e+01
4.897192265409348599e-01
4.492812026046381635e-01
7.723329726868991330e+00
2.163237885495882473e+00
8.365042714083469333e-01
7.327790397207786910e+00
1.011304660095927588e+01
5.271371174977800500e+00
4.350230828106992575e+00
6.444788790589099925e-01
3.864613793289133525e+01
8.065012366993004278e+00
7.258568983958416654e-01
3.590155417658492443e+00
4.004424756118829087e+00
1.376516736560810639e+00
1.968159809518216008e+00
6.004521947413101302e+00
3.603933747661772458e+01
3.937640766045695240e-01
3.508399215043864316e+00
1.490304574694483852e+00
2.043747388680837496e+00
1.825496851479682903e+01
1.142926272157002598e+00
6.420109244742497445e+00
1.200615489617241849e+00
1.965388471507163892e+00
2.391963185838923778e+01
8.805317202279036337e+01
5.686720455242245720e+01
1.692647406870621651e+00
5.814564098575212725e+00
1.128173825269595199e+00
5.923492196557106126e+00
1.845259551906268669e+01
7.015236755851654848e-01
2.086788753049184653e-01
3.223468300366890915e+00
1.002522173763766622e+00
2.826590130994925065e+00
3.710112424472089554e+00
9.109528586731176603e+00
9.769017972755139612e-01
1.205558016330497972e+00
2.522443625691531910e+00
1.111567958284840563e+00
8.633609229441328026e+00
1.553806169021711536e+00
3.219959573666147379e-01
6.087782058752507552e+00
1.188208395151730379e+01
3.741237166575182016e+01
1.711843300018348657e+01
1.947362743755151016e+01
3.185795546484752450e+01
1.191614967739797887e-01
2.537942808091274927e+00
1.001743021814373691e+00
1.520543106795458321e+01
2.094058698933225937e+00
2.178145615160167914e+00
5.492118722653739349e-01
2.206660707988274517e+00
9.959156164888148532e-02
4.077195836179028809e+00
8.851875293698004965e-01
2.915452496949336947e+00
1.043280600702785055e-01
7.482262908676667879e-01
8.588523197824926569e+00
2.036123405184922408e+00
1.472457366514105281e+01
6.867413894556031906e+00
3.075957957011865140e+00
1.253882156090713851e+00
5.906016164486065811e+00
2.521159267077862864e+00
8.048183036185584172e+00
1.090236291864697948e+00
2.113582735386570821e+00
1.226712996153144353e+01
9.221085570371037043e-01
3.347032781851894612e+01
1.265527047483172751e+01
1.480580939836608989e+00
2.444997887206235898e+00
7.349346169117949579e+00
4.174421636496982835e+00
3.340818462706400260e-01
9.288966365438385608e+00
7.083125500530397289e+01
6.247864397772054934e-01
1.361940677065299177e+01
1.408811515990411545e+00
2.490401248893933772e+00
5.731057924917410951e+00
1.982508779573494362e+00
8.820204866383608566e-01
1.539589986796053722e+01
8.114050477003806883e-01
6.281298128652111679e+00
1.811343230020585082e+01
2.440227944861381282e+00
2.440894504517001629e+00
1.165588626914374260e+01
1.130613845343752075e+02
6.102597328663781795e+00
1.001401498582276517e+01
4.349191261908273098e+00
6.585101187511260612e+00
7.897997571798548444e-01
2.947204825839020259e+01
3.446525093882514312e+01
1.225368271435698597e+00
2.272000104853040714e+00
3.981017341679725097e-01
9.942039635232242656e-01
1.203628278098170190e+00
7.548312299946158266e-01
2.155963122805120591e+00
1.427292218231731624e+01
6.243735256507566556e-01
6.252345429635266072e+00
1.338898506771328156e+00
6.975047803552433257e-01
1.149074436411954503e+00
4.195600485614022213e-01
1.309942649695249095e+00
1.652664937226069952e+01
5.097392718748912976e+00
8.091571864649990786e+00
3.108616955913851854e+01
9.288348636002730530e+01
8.343680474354991938e-01
6.333023424017417469e+00
1.019220697126347774e+00
5.617377357256941650e+00
3.170590102541847033e-01
1.225336405033632170e+00
1.315803745232602751e+01
2.890091939883769889e+00
2.334983218443389408e+00
1.526010064664192312e+00
4.659979082908461967e-01
1.269613724682498779e+00
2.923396338403260408e+00
4.629628673400044470e+00
2.264199196932680014e+00
3.673854081295037766e+00
1.788970439531231804e+00
5.323990805642023205e-02
1.023280385923407998e+01
6.147087478375250491e-01
5.337355883130485701e-01
3.774860000376955327e+01
1.919133318432450164e+00
1.936720847802626366e+01
2.903142722807328546e+00
2.086347366573992890e+00
6.095302097158480592e+01
9.046588034034353853e+00
1.760869958405149038e+00
1.732885536270500992e+01
9.736057408122560375e-01
4.469189064513229281e-02
5.879980980140492086e+00
4.308368898970870164e-01
1.084667528780154599e+00
3.198367417338918717e+00
5.570159154345395436e-01
1.057120881518689659e+00
6.549562806343364407e+00
1.860224202276062000e+00
2.743394497933380194e+00
4.172094147303883283e+00
6.636912714002393132e-01
4.502579192711047895e+00
1.270158348851156083e+00
5.463097526268862580e+00
2.521477069266712334e+00
3.849024463438921906e+00
2.476820444009003808e+01
8.594139955909648743e-01
5.334544428662553628e+00
1.288987263835859320e-01
1.340059525583207956e+00
5.414642027580587325e+00
5.879089053964223766e+00
7.595607519859502998e-01
3.127257697485197774e+00
9.078526243644159388e-01
6.594002484806178899e+00
6.633618876150615407e+00
1.846789899216369157e+00
6.518247869768780234e+00
2.623401251022751679e-01
2.946146275125495873e+00
1.883546408521802606e-01
1.325633787307799460e+00
5.159295270451083937e+00
5.664896078409440427e-01
4.821816282842035228e+00
1.996990289784551065e+00
2.030450947889780977e+00
1.247310853014153231e+01
3.467614359289601378e+00
9.999982810941638878e-01
2.350033294836280096e+00
1.213124868540306167e+01
1.397170407442656082e+00
5.150875445097760519e+00
4.937341496342257940e+00
1.148528663966775376e+01
7.770583178944084679e+00
3.434868855207046767e+00
4.567133714830233338e+00
4.709690350366648204e+01
4.936193612221468463e+00
3.259415409372414807e-01
2.132789386059808834e+00
5.885998369302610556e+00
2.089410743352708988e-01
8.086335712127161734e-01
1.260690699891841460e+00
1.174619303100572720e+00
1.619917857843853337e+00
4.176798862162958148e-01
2.446649146272335429e+00
2.478999607806528227e-01
5.039387911763494543e+00
4.641047364311693002e+01
7.656139378466347845e-01
6.466415514453925262e+00
3.998806147479991857e+00
1.045707787677522127e+01
1.128198350232467062e+00
6.425613857507322280e+00
1.842605157092896295e+00
4.571000199352551974e+00
3.972079799637944220e+00
