3.509170284803840190e+00
2.856873871064109505e+00
1.903725078789399117e+00
1.522221511395307036e+00
5.808280454207922716e+00
6.519186101297615110e+00
6.773606978933417899e+00
3.210018232560323703e+00
1.693514398171058311e+00
1.483555421552887443e+00
2.854465861899275314e+00
1.482527060074950054e+00
2.030999643513365260e+00
1.265010625264754385e+00
3.130175433709581956e+00
1.942373349903244950e+00
2.132385586166179348e+00
1.970877155723194551e+00
5.645820568623071134e-01
2.288602668737031998e+00
1.738782834943611411e+00
2.823744310641351341e+00
2.414656392513633509e+00
1.166395530924757340e+00
6.658515225683333538e-01
3.389420603590809655e+00
6.254602991171561710e-01
1.272117277526821688e+00
2.135314896178424515e+00
1.792581569545277809e+00
4.763783870815024635e+00
1.375216680608775777e+00
7.856567955280765680e+00
3.515328803776228028e+00
1.532816551848649844e+00
6.300053869003167328e+00
8.241571980445195900e-01
2.008390563885853020e+00
4.135234002535058018e+00
1.217753000482507231e+00
3.996705571456989237e+00
6.552856669965105851e-01
4.414251340029134774e+00
3.750316849095383098e+00
3.169023176551376331e+00
2.223424266399886662e+00
1.772575326780235994e+00
4.310869576608672205e+00
1.289894752125715804e+00
2.801403549576345853e+00
2.123919921653053766e+00
2.374479817189528497e+00
1.177831239722669787e+00
5.892516483578298381e-01
1.485910067828792869e+00
2.252092496523877330e+00
2.192606915451545291e+00
2.411677995380023809e+00
2.253912421984339165e+00
1.900699380920895187e+00
2.448824068703850276e+00
3.093075281491827866e+00
1.793584356602668572e+00
3.298846444736594385e+00
5.469266969658115318e-01
4.612712092635261607e-01
4.660853135615614207e+00
2.596621199648080136e+00
5.799928581583206899e-01
1.446660426727313542e+00
1.906632761874642368e+00
4.242172227526045170e+00
6.585202081826340148e+00
2.474008277974109937e+00
7.359620423541936018e-01
7.792202386477066200e-01
3.017568169150135482e+00
1.171595945820941331e+01
1.743252340221837171e+00
2.386909083857602365e+00
7.317816103697696306e-01
1.534358492945553598e+00
1.756143773641237082e+00
2.147776125370425060e+00
3.255917687273175876e+00
5.261584652637210979e+00
8.892067152594933077e+00
3.139169624131313174e+00
1.785449871006312694e+00
4.893815716951264605e+00
2.046172551312533283e+00
1.778454724826011191e+00
1.514191471371050257e+00
2.312575268299788434e+00
1.843343672577553605e+00
7.833411030962549759e+00
4.778589503163034991e+00
1.554705249018994984e+00
2.520940677237024197e+00
4.472720020477409797e+00
1.536307463441385579e+00
1.811305058097373966e+00
3.055733886214791362e+00
2.217179961868539273e+00
1.713290302934630915e+00
1.854843141865595291e+00
2.951902281893903801e+00
5.708490617961416547e+00
2.061134404250610785e+00
4.727355436653439824e+00
1.477936240247579747e+00
1.080702816340398886e+00
1.195136813400964559e+00
6.160290396259632262e-01
9.200360158751913486e-01
4.172450853592613584e-01
1.462857823755316256e+00
2.005966490376553057e+00
7.452270690715468993e-01
9.259995421244168190e-01
1.554684445299377105e+00
2.691222981743356168e+00
4.449818040608401581e+00
1.317100662745133599e+00
1.558786829565437237e+00
4.213634727764105747e+00
1.509206958566648105e+00
2.331752766804464194e+00
4.005949085457322312e+00
2.496308391185159348e+00
6.066719164736747771e+00
2.187029283547737624e+00
3.472316143041362047e+00
1.116959994082378671e+00
3.604052210593879035e+00
3.376425163469270796e+00
2.017849574352031272e+00
1.505208420063772534e+00
4.185872591758949213e+00
3.204986230653827484e+00
6.192694256203673753e+00
3.112856513936367087e+00
1.576347416419931813e+00
1.936155434007794884e+00
8.629750206492893483e+00
8.465679761534456560e+00
2.759836866006487810e+00
1.669028574464387571e+00
4.325440972567147213e-01
7.579887218260940029e-01
1.396126890089319783e+00
4.421029607959386709e+00
1.347275920610099931e+00
2.195322451916734252e+00
2.491867690628025489e+00
2.149576867697124527e+00
1.009752104089339353e+00
1.149599285234829127e+00
1.944900398117605844e+00
9.093448515735214066e-01
1.314554950956211954e+01
1.116401795518989459e+01
5.728465681742530791e+00
7.142808669550784195e-01
5.460245839531704171e+00
3.080308254953091129e+00
2.888320554146695862e+00
1.115422812385506557e+00
1.409084952168814908e+00
7.411011491567819576e+00
6.796573656914381090e+00
1.020305548155103104e+00
2.617047854236619564e+00
1.943497268214476437e+00
1.719185044643426030e+00
1.124334776215588638e+00
5.754613223182525772e+00
6.725011389239690551e+00
1.097077594555936564e+00
5.443310619861719601e+00
1.855112723546567421e+00
1.828903341312664743e+00
3.671728399798285913e+00
3.069485529743027463e+00
1.022876247256683468e+00
2.954036119447835063e+00
3.676460279297676159e+00
2.712613617928849585e+00
1.743180837863744337e+00
6.536090579012798774e-01
1.284616974690061308e+00
7.871412471608477679e-01
1.925846397559535017e+00
1.764237981081313578e+00
3.511351020275290669e+00
4.599080380974294613e+00
2.702032142289287897e+00
2.490536552241882085e+00
2.570358592233644934e+00
4.125881702290016051e+00
1.531881038709039355e+00
1.436554889174993965e+00
4.933290454006923120e+00
7.117878775806296687e+00
1.623466337586255914e+00
2.812540247104628133e+00
3.306293692084492974e+00
2.983951772140807979e+00
4.414533315621439691e+00
3.339962254436019684e+00
1.101561183020506096e+00
2.368203772982537370e+00
4.441819774247320329e-01
3.257997021892689027e+00
1.455805894522000932e+00
2.000517589507263327e+00
2.967443524956835610e+00
1.878759812529989803e+00
1.442615500488150460e+00
4.714761440900335998e+00
2.420745869047590482e+00
2.492187995245229715e+00
4.886084206717002387e-01
3.640720964286857875e+00
1.276659173574193451e+00
4.017831871749858230e+00
3.657201600954099074e+00
3.347916790860820946e-01
1.897117066633591920e+00
3.204001475924844300e+00
1.677417887119402096e+00
2.988361814483484924e+00
2.591000400911115942e-01
2.948887375242287501e+00
4.340846064073383026e+00
1.162655693128259449e+00
2.177993127176853783e+00
2.305397713592761910e+00
4.548322065551251292e+00
6.080793316789193659e-01
1.490978080462874722e+00
6.805503748910308737e+00
1.369994708126425653e+00
1.151353817359624054e+00
2.780010539634387268e+00
2.736858335472517556e+00
2.342816434815816251e+00
4.947800551963899451e+00
8.151502960096465245e+00
8.795629745299906599e-01
1.395041685658806374e+00
1.908200752659799493e+00
3.358791138603815618e+00
3.153671112516602815e+00
5.041651305297729202e+00
2.369230538124399654e+00
3.509046563815803488e+00
1.577130471287496505e+00
1.271303774781591578e+01
1.221796691482451624e+00
1.759936622853991661e+00
3.687604641288141583e+00
5.708206228700420048e+00
1.610559664929494206e+00
1.744942199806399419e+00
1.627436901582740347e+00
2.966347964873265575e+00
1.427146596448666482e+00
2.069403724543796841e+00
4.883967896035761314e+00
2.929394712369237208e+00
1.896416126990911888e+00
3.641860804023405063e+00
3.085039964155030234e-01
4.084514360409178479e+00
7.079608052350851111e+00
6.245541986542912483e+00
5.344961411017624675e-01
1.775785073763940236e+00
1.113458833366880008e+00
1.869613080879690026e+00
3.212539402299480873e+00
4.233491379508681263e+00
2.680704756851951309e+00
2.175233330613142169e+00
4.116028972829747445e+00
1.285362548719556353e+00
1.741556130808474157e+00
4.392415333993959337e+00
1.862523276293756913e+00
7.977064463039633679e+00
2.760444501645979987e+00
2.008734934503266345e+00
1.339177791906016379e+00
4.303248113664704277e+00
2.150485684608065107e+00
4.787598363599665063e+00
2.103271317971981524e+00
1.430324108798105120e+00
2.337903413141545261e+00
8.815183923278890887e-01
3.141066896881403281e+00
1.033313060586666055e+00
5.220581553120025031e-01
7.210847462596127855e+00
1.047723954527349788e+00
1.679927290352498881e+00
1.746501258736108397e+00
5.934706968989195808e+00
3.665376959464198947e+00
3.590706143644984749e+00
8.355611279176342165e+00
4.254301245779654295e+00
3.673716714181201493e+00
1.191922881032169590e+00
2.138190430875977377e+00
2.434415268989321035e+00
1.245980659132205792e+00
1.832085963855468735e+00
2.471972948780607471e+00
7.139286663053062698e-01
8.193424209606487096e+00
1.727984517676368625e+00
1.089485502432290920e+00
1.203029868577774941e+00
7.690771159252753897e-01
1.066979888412797806e+01
1.451910424961880386e+00
9.340859380043429638e+00
9.587711710055338843e-01
2.337920809425027002e+00
5.999035793008086870e+00
2.628286415657664854e+00
5.797907255256157244e-01
1.956363336956894017e+00
2.424336012244723282e+00
2.102101917868843817e+00
4.220986867634276329e+00
1.253083591888327408e+00
3.831777339889470557e+00
3.401681273394667304e+00
2.828921333617142597e+00
1.654556197033505427e+00
1.933532750013231327e+00
3.010378798296361680e+00
1.590563597457210987e+00
8.636774089104188867e-01
2.517758045511414355e+00
6.888401818177741553e+00
3.187565829933451944e+00
3.359039842974258061e+00
5.106206386387148299e+00
5.459530955868084234e+00
5.589283285852079786e+00
1.639266621756712894e+00
1.963552353565587216e+00
2.407428927732324642e+00
2.234854253077822150e+00
4.601478111670777693e+00
2.714608713111763993e+00
6.760852424865362309e+00
1.420533399624103188e+00
3.429591912486357863e+00
2.934547381570911995e+00
3.393072381369961477e+00
1.910295285387336062e+00
2.066166198169481660e+00
3.269888559274138462e+00
2.298771484993089143e+00
3.318532430745803730e+00
4.583078535312631097e+00
2.682176277081208760e+00
1.911156768262051830e+00
1.513147161062193380e+00
1.490865065933698386e+00
2.792380722881997457e+00
5.874778228867129082e-01
3.620743295809427664e+00
2.179952695500642967e+00
5.869015429190511668e-01
1.765725530558885481e+00
9.183359085757110130e-01
1.455337728969432254e+00
4.040817811230581924e+00
1.213178333803800246e+00
3.176702227294933678e+00
5.093426431184439274e+00
2.702926710071213101e+00
1.975526814783809204e+00
4.651819494299237689e+00
3.865063247548105041e-01
1.753314415264355386e+00
1.524764915862599324e+00
3.514708618932872675e+00
8.336891172207273826e+00
6.435678604301326988e-01
1.440277953551027945e+00
4.093179268292946205e+00
9.708545946810331895e-01
1.251762156315476160e+00
9.551144208504732447e+00
3.776019727463105102e+00
3.810747692726888403e+00
1.468461208832377185e+00
1.536752293640591294e+00
1.317606881037905131e+00
2.619764258595747464e+00
1.561632965702996367e+00
9.202609403722687986e-01
7.846722259800348320e-01
4.580165378221622063e+00
2.351867638917963355e+00
4.547487742795769172e+00
8.694184625914538334e-01
9.586919237408486616e-01
3.945902264045107355e+00
2.335455676696668093e+00
7.120972331346877127e+00
4.149098021558616622e+00
2.976528840687723942e+00
2.529801706731990230e+00
1.781684298839380176e+00
5.751558624836929035e+00
4.088260040007608787e+00
2.128849131010581708e+00
2.038136761899853600e+00
5.925202349684743908e+00
1.943732155794943628e+00
1.193729962399562972e+00
1.984700128030941979e+00
3.293356351265935622e+00
1.225733992055193511e+00
2.264591771552426636e+00
1.110986855639479520e+00
1.133377572887642293e+00
2.252287159018926399e+00
2.128796081894314352e+00
3.092989962410991556e+00
7.144055734743435693e+00
1.488518482104540519e+00
2.536784435834944507e+00
3.071056336134679654e+00
1.297185574744333714e+00
3.802828460840332880e+00
2.631937010321034887e+00
1.093321522996938411e+00
1.515479218132809169e+00
1.174713134100305867e+00
3.877460586327243774e+00
1.614927371678366974e+00
2.444411996355788208e+00
2.471556401747522447e+00
5.370660206047713769e-01
4.831935668748404744e+00
1.026864375624520598e+00
7.913156464010245861e-01
1.439838325642414540e+00
1.428407496240977403e+00
1.172071376322760150e+00
2.831169995608707968e+00
5.885030214887042810e+00
1.512263814422841968e+00
1.806795357606766128e+00
6.308012243918907025e+00
1.723507190569158576e+00
1.906955398168010518e+00
3.407963261169046909e+00
1.194653901690328368e+00
1.299687604362304238e+00
1.683181676061459964e+00
1.823224263153474745e+00
4.083588833532228790e+00
3.388830335834047247e+00
1.979996841379608741e+00
1.222902643411421852e+00
2.328940452312496134e+00
1.675818322935825666e+00
1.595659317617611705e+00
4.852166658731633220e+00
1.262561619994382767e+00
4.670860036464285159e+00
7.254596798029842031e-01
7.602387169752566898e+00
5.906978223732339828e+00
2.081806721600163446e+00
4.873556776235991705e+00
7.787290441684525000e+00
2.710839663991435611e+00
2.997506265086381294e+00
1.627501481392749527e+00
2.677623951539020553e+00
1.197259040028113786e+00
1.372596480545422937e+00
4.647449772860406725e+00
2.702529381909712480e+00
2.219521056662948855e+00
1.705670911739358253e+00
4.483404304341429558e+00
9.671755480282284267e+00
2.007187777075432944e+00
4.203802686743290273e+00
6.097122674499096284e+00
2.167503032880784719e+00
2.259767501311156224e+00
9.673763733940117238e-01
1.661608823523999634e+00
5.836283447919300427e-01
2.610690574917879481e+00
3.147050641063111165e+00
2.048938028715131310e+00
1.902099966905628436e+00
2.287741249702501811e+00
2.260229186415248837e+00
2.548819037872434468e+00
2.299854701431775172e+00
1.573890179163977443e+00
1.599216101250781286e+00
1.731339775123567293e+00
3.620555853766885601e+00
1.412987866769152001e+00
6.444503758537209137e+00
2.023135081889354758e+00
3.946609273354486191e+00
9.834974835792513304e+00
8.316043938646779932e-01
1.510763811622175989e+00
1.884353948494753794e+00
1.655223120142767179e+00
1.757273110629875568e+00
1.134696821729182625e+00
2.293775704360359491e+00
6.663386251799488846e+00
4.146180153941502411e+00
4.594626742706817701e-01
5.460934953708512118e+00
1.375069096506904787e+00
4.345658427896088583e+00
4.141932650235424340e+00
1.324117611675516226e+00
3.021630162700894573e+00
2.680006995120257862e+00
1.905408559411005509e+00
1.831600299401600518e+00
2.889336113227222391e+00
5.939356190590714846e+00
3.736945061663196732e+00
7.962725347977349655e-01
5.516099340951418739e+00
6.763626975593620472e+00
7.960598298019958552e-01
9.524108105610064712e+00
1.702837285867717654e+00
2.557512806601341282e+00
1.455197158160498327e+00
1.084588087280378144e+00
2.177887813538274209e+00
3.357550373845733738e+00
2.665292475215661039e+00
1.995927140630656460e+00
1.411130845970631320e+00
1.253007184258364770e+00
2.237393466865370772e+00
2.481972287975867886e+00
9.581969768430959045e-01
6.922936396690073657e-01
7.317638565835775211e+00
4.016076604429319907e+00
2.451119780405107029e+00
1.221469744067377849e+00
9.232711534366325523e+00
3.120771801356569064e+00
4.852759181198335270e+00
1.239371618884286264e+00
2.157862950851487938e+00
4.431033417203957825e+00
6.898106259079494151e+00
1.938022131613716059e+00
6.960580851440690831e-01
2.603892119958836293e+00
2.427234775198932937e+00
2.473737600802591530e+00
2.467809360894732684e+00
1.711022776839892012e+00
2.331745970572708160e+00
4.244261876139730383e+00
2.878504368848023187e+00
2.114970022652711723e+00
4.424606932650728908e+00
5.271712236245124750e+00
1.054784841804653484e+00
1.272291221954987561e+00
3.742830495411844982e+00
1.890437899113857734e+00
1.490868643128412385e+00
5.130871031672480598e+00
2.089643700493386547e+00
2.092064895332622410e+00
2.554500353593382567e+00
1.671509370926744786e+00
1.382008855161038996e+00
8.832366315023335579e-01
1.545741954811767682e+00
3.417759639176694897e+00
3.590942163786069674e+00
1.974930261777755769e+00
2.528257042003830168e+00
1.053565415832333985e+00
9.159456905096579060e-01
1.158575898225869594e+00
1.285003394556464729e+00
1.158744706114432477e+00
4.095673959252991381e+00
2.758177606749445232e+00
7.758074458402583140e+00
2.511473074399531491e+00
2.418056385536648367e+00
3.727662934121081406e+00
4.133541826393663854e+00
6.495947957988176258e-01
3.746607402703891143e+00
3.215185656639354406e+00
3.410587647176312576e+00
1.550145148640211135e+00
2.931671853478877932e+00
3.607083347040098253e+00
1.441326203404053263e+00
4.350057306981518934e+00
2.681127104560381724e+00
3.536449217095753106e+00
5.504273888162629191e+00
2.516638217870514005e+00
7.478656896294537670e-01
2.197969366864489515e+00
1.406714702434559428e+00
1.148586949454561967e+00
1.944278450523626800e+00
1.336995768191273193e+00
1.254923523949740716e+00
3.327330665036452473e+00
6.915240811056329484e+00
8.773385242605047374e-01
1.581667174811873799e+00
1.191979359755671375e+00
1.361380887656079341e+00
1.180038722987120536e+00
3.622735815793267644e+00
1.204468173063953262e+00
3.122136006965882116e-01
3.541247059200895553e+00
1.095346727150249944e+00
1.333649987481626553e+00
1.954909567566320838e+00
3.221069492425984393e+00
9.897947297225396790e-01
4.806867158720873334e+00
1.382682649444717304e+00
2.062793967272718021e+00
1.253596267575693091e+00
2.904816465647723778e+00
1.785915383069300200e+00
2.262656706310360200e+00
1.595486683945011031e+00
2.121843007733259512e+00
5.062380385056311383e+00
2.931210257530586283e+00
2.438943592732385479e+00
1.497705764170549791e+00
2.897424091590908191e+00
1.207396889313000932e+00
3.433514487905219070e+00
1.539355301468632531e+00
1.117407099024326111e+00
2.221808106371837344e+00
1.481392967306125463e+00
1.702833010562156302e+00
2.338142708773955025e+00
1.724965915423711138e+00
3.285499254448176032e+00
3.219150261820407088e+00
1.384911678413028868e+00
3.635135699353619021e+00
1.069010510375880685e+00
3.479229234877840859e+00
9.171435703179058319e-01
4.995112977900794782e+00
3.548886900869598016e+00
1.430066173565323062e+00
9.886700796102201316e-01
3.420587029486918396e-01
1.382758196274122664e+00
6.061151207194455104e+00
4.820488348124484013e+00
8.161490848094803408e-01
5.464741586092053405e-01
1.715566804168648041e+00
4.585350573789988005e+00
2.240980494866785300e+00
1.785589912558310566e+00
3.480082200866930542e+00
1.927835465931758252e+00
3.075246103525034247e+00
1.767497892258725001e+00
3.122585799187179489e+00
2.742038756517867437e+00
4.209740907791831965e+00
6.462254029361326424e+00
9.855624836039119652e-01
3.287569111293355828e+00
1.340876248382907532e+00
2.279856978335249362e+00
6.292103748094899363e-01
3.595432010242480381e+00
1.608431821907568393e+00
2.513673260718529257e+00
6.790589373313999033e+00
3.479347227353004168e+00
2.561086323594316649e+00
9.904238034686971837e-01
2.512224024366616071e+00
1.982986639836352039e+00
5.753211566631188489e+00
8.329511795084002301e+00
1.433604521133127863e+00
9.630138699070178276e+00
4.711020699202209450e+00
1.542244978015278933e+00
4.005688252703723862e+00
9.752767510726753075e-01
1.806215068386276101e+00
5.415100313542748012e+00
7.623909137442773654e-01
2.278069300470580760e+00
2.454671133879408718e+00
2.355274750608495449e+00
5.831999644249709291e+00
3.545139963333352462e+00
3.972168738963565371e+00
1.647243858899554825e+00
2.256693204697873156e+00
1.761385629598421154e+00
3.212559265558172061e+00
1.708695409473564686e+00
1.496519300610974934e+00
6.465236239404382745e-01
1.308149553646457131e+00
1.900038274870031518e+00
2.435469270574414757e+00
3.308016882896267941e+00
1.729483371584490392e+00
2.654880196904262135e+00
6.438371656861382464e-01
1.393682223764925121e+00
1.808285758110979469e+00
3.549417874139497719e+00
1.040817508997419066e-01
2.101451348051699419e+00
3.874281597659933407e+00
1.184355066362549502e+00
3.152698880629350331e+00
5.205406540670945326e+00
2.347120687634964842e+00
1.759674921263907565e+00
1.766917887994116532e+00
3.770136484530488552e-01
5.551748426492180144e+00
2.597835419297404247e+00
2.240158490656547929e+00
8.851810521011911348e+00
5.164926277746030081e+00
1.165727162012778262e+00
9.466996602218642476e-01
3.552731717431554692e+00
9.325535760348355740e-01
1.147064640820932446e+01
2.606324027528342135e+00
2.747841994510794805e+00
1.260875194163068480e+00
1.202240658548092478e+00
1.613767086900642189e+00
3.452603818338729535e+00
1.948308611935561041e+00
1.947234375917564098e+00
2.032018033469999541e+00
3.801193840059263973e+00
3.446152419029840264e+00
3.334261553919398047e+00
6.768506191699472652e+00
7.670845077333432460e-01
4.772681805712928327e-01
5.952669021385588177e-01
4.655627804082243415e+00
2.204965595934397893e+00
1.223679127295772995e+00
8.652640677376117750e-01
9.415265128658640847e-01
1.027487469035087253e+00
1.979970721009121970e+00
2.091468611092503593e+00
2.425359830188288601e+00
1.077889279028240388e+00
1.469210390353603657e+01
1.089427314829184423e+00
1.550362800865341839e+00
2.010102981168065739e+00
6.237572241457921551e-01
7.774513819330427511e-01
1.070655706960888409e+00
2.114517208857326303e+00
5.971923684913249541e-01
1.620907214461444701e+00
7.413075929705383871e+00
6.213112183000397692e-01
3.865759526641880939e-01
2.675511629048465956e+00
2.519375547193579035e+00
2.251584494527019142e+00
1.352152596460278522e+00
1.856449848282716086e+00
2.025033576496572785e+00
4.252355769319694723e+00
1.681596077316492188e+00
1.078889494448754371e+00
3.192098284887992410e+00
3.831574244308626476e+00
3.342626127918039813e+00
1.487788908125204923e+00
4.317150149337930509e-01
3.636167987726584450e+00
1.271958971719875597e+00
2.072301943381656741e+00
5.379879451831645731e+00
9.535341515359165854e-01
8.205167792011806682e+00
1.953590466382436386e+00
1.596851727601182658e+00
1.049305298277779963e+00
2.437297066000778223e+00
1.941971659883887646e+00
2.599774074736637353e+00
1.247022935139848521e+00
1.653201051745404770e+00
2.737450005289900012e+00
1.771264146656144511e+00
2.722711634851771034e+00
1.797818268776761430e+00
1.312845775198825615e+00
3.250995674992329221e+00
2.741344939854792440e+00
1.342250068514958539e+00
2.403781829004286497e+00
5.949279798625535243e-01
1.266671696067047881e+00
2.288952720346101977e+00
1.559636524907739075e+00
1.501471634154204926e+00
1.543573132063726927e+00
3.204058155232371696e+00
2.649486881785931391e+00
2.598465424363440412e+00
1.494708519592059304e+00
2.102207488453495365e+00
5.330915242721092184e+00
4.186360208238930625e+00
3.909913832751756413e+00
5.459279828967272152e+00
4.328540397690706421e+00
9.968714926472461713e-01
1.222539796802928569e+00
1.607016983944038913e+00
1.397287492144040577e+00
1.315087752482376748e+00
1.564011950593716227e+00
1.564396619098415320e+00
2.102039623079419606e+00
7.054639044033417239e-01
2.910045827458610290e+00
1.113503745372227405e+00
5.374641986281258887e+00
2.556669566579191422e+00
2.010999618672995481e+00
2.736964519429601506e+00
1.189912276657250301e+00
1.664610460478759490e+00
1.737712935648548118e+00
3.642014104250179685e+00
1.053462770765217993e+00
2.213924229391413423e+00
1.054828039104744875e+00
9.416156665249315605e-01
2.371008037435279991e+00
7.665829809651643068e-01
1.877240338736663183e+00
2.234543060681354998e+00
2.580494145344798262e+00
3.342658744445264229e+00
1.985809827911268366e+00
3.692261121341932295e+00
1.769718309371314025e+00
2.623115069284302603e+00
6.066614231443274718e+00
2.079921104013525035e+00
3.355005133607482204e+00
2.740438891801023402e+00
4.081082682284777441e+00
2.885756537623985096e+00
5.041128350889509946e+00
1.946887303599913022e+00
3.846943886687617109e+00
1.953213930241733731e+00
8.311800852606285872e-01
2.337854246021194626e+00
4.106822190196451672e+00
1.527445740657920714e+00
2.592265391257705165e+00
2.006304069216679142e+00
1.112333139123624637e+00
6.169756307058976708e-01
1.129943572776644700e+00
2.656042860497641822e+00
4.383080384318953193e+00
2.487832189371029568e+00
1.156331653787913805e+00
4.374576676858098701e+00
2.511179871284693554e+00
2.882803827508380046e+00
3.147837814512818078e+00
5.931713300667110778e-01
3.423580257380287595e+00
2.131520202128516672e+00
1.975044738521585463e+00
8.492168627444681706e-01
9.068816401791948145e-01
1.104105414819102959e+00
5.149063579583778250e+00
4.758011232948391012e+00
4.498411915466666855e+00
2.994458445513469957e+00
3.215171551582205023e+00
5.724136603554486058e-01
3.054990405677940224e+00
3.303582815780093718e+00
5.769136819813861505e-01
9.304531007250774755e-01
2.388833437353367728e+00
1.407875619260830602e+00
3.890746230276290518e+00
1.593125959234641176e+00
7.550791350160451998e+00
6.932459238817322067e+00
2.945365044801464549e+00
4.075430344191753207e+00
2.974153419623680961e+00
2.223958651070580661e+00
3.683736013384708130e+00
7.456648459792870609e-01
6.398253385077196320e+00
1.101239608485335086e+00
3.116931329299627240e+00
4.365587514736251507e+00
1.102291108680311549e+00
7.054334604935040831e-01
1.974190544214501131e+00
3.695489684182054479e-01
8.219776082076219126e+00
1.955415900777400129e+00
1.725394974716889962e+00
2.798565201259613389e+00
1.091185520214841942e+00
2.396754952728237242e+00
1.668361719199735527e+00
8.974763511917965175e+00
7.758544439647380386e+00
3.129700266745828241e+00
4.550802648655830396e+00
4.006315857058610597e+00
2.322122940083955367e+00
8.760129064341277694e-01
3.631621881368822247e-01
1.919660404916209817e+00
6.196217418663026777e+00
3.827750040797538222e+00
3.401716348098859477e+00
2.137766541419688249e+00
3.802355731148812978e+00
2.298965089178109267e+00
1.392962721548352212e+00
3.205082628824165170e+00
4.630966832194261529e-01
6.446252054969286327e+00
2.087092529203831148e+00
2.332611539833832737e+00
3.105452087411502138e+00
2.449511578995632988e+00
2.265827182378395754e+00
3.952205527655070938e+00
3.782436849074434893e+00
2.218160532750003355e+00
8.305760481515885862e-01
4.217095360832029627e+00
3.794429275721671768e+00
