1.704817219542331452e+00
1.185611596600818496e+00
1.714021342412163529e+00
1.815043105678106894e+00
6.962808510614495461e+00
2.658069710236091066e+00
2.265199992618919023e+00
7.048365557192505904e+00
1.166536088312976815e+01
3.579591669647189445e+00
1.034402930212992899e+01
7.141066957280387761e+00
2.911180793496602970e+00
8.481298938183668312e+00
6.750576160510851764e+01
6.426243678497114864e+00
9.790581974240708973e+00
6.295694974503246222e+00
1.324465631737312954e+01
3.529873660855302298e+00
1.375691318127607365e+00
2.590079352558367631e+00
7.012493353512013528e+00
8.465783472445682634e+00
7.086854268147080305e+00
5.260254171897126518e+00
1.297636254255625232e+00
1.293939356130015650e+00
1.124719480437094710e+01
1.770949064375650650e+01
6.526560946908722904e+00
1.413795563173923409e+00
7.467913654871531914e-01
9.413714578753534568e+00
4.489813483257655946e+00
2.178676724404087661e+00
1.240383778304758167e+01
5.273140876098157293e+00
1.223262879072295028e+00
3.922927202989575424e+00
2.971950121018968716e+00
4.648721296816138993e-01
1.991449824944050917e+01
1.470106379731247026e+00
5.695854682946698277e-01
6.738048097308628748e+00
2.438407696963520266e+01
8.779894495821409350e+00
1.213102254122316026e+01
2.017297271939568759e+00
2.262738010542907574e+00
2.087950138199630246e+01
1.127264897601158111e+01
2.113837714674348778e+00
3.707753244028975104e+00
9.828494678970121967e+00
1.076846891481665303e+01
3.654129693191740635e+00
8.805159310431097452e+00
2.970267643342159758e+00
2.467993097082396226e+00
9.467981993810602459e-01
1.309509460071706322e+01
6.829755652938650279e+00
1.423794628123897121e+00
5.431485454980379934e+00
1.243855099822143551e+01
7.950323105831798465e+00
5.758633431633760402e+00
2.366036410033267590e+00
1.040174562703383110e+01
4.403668260850571059e+00
5.077999760018400366e+00
4.841647435151985590e-01
3.846192995175833573e+00
2.100289350627181140e+00
5.316359259956262129e+00
1.362308352679575485e+01
1.497679368127992294e+00
1.307349582943587407e+01
2.890990818375358984e+00
2.394735550692162818e+00
4.632436789442780700e+00
6.109679175749142210e+00
1.744440725021837224e+01
3.642358379548609637e+00
5.514667322345742306e+00
1.288028991442164717e+01
2.880083492820785018e+00
6.895542348636066521e+00
1.638378512979172807e+00
4.958894880919364034e+00
1.916861521052843242e+00
5.028863910584644437e+00
8.040124664432557466e+00
2.300240236273299033e+01
2.109717792294513394e+00
2.657387905689673424e+00
2.903128087932198120e+00
5.161660701737927681e+00
2.226047674946168442e+01
1.969078577889420867e+00
3.376250875128985474e+00
8.231874638919499887e+00
2.591281453227703935e+01
7.323517089624694165e+01
6.023624994683779654e+00
1.745369696332550902e+00
2.959451907741900367e+00
2.186967784563853456e+01
1.044042517959770677e+01
3.696912148587047398e+01
1.933948409175339123e+01
2.390528153053450122e+00
4.850068919451555161e+00
2.133767994478005470e+00
2.230956635339109262e+00
4.769799693316859823e+00
3.694346571718819305e+00
4.644577300213353688e+00
5.197529931951609505e+00
2.953293613440125753e+00
1.990481022569403180e+00
3.929778600048953408e+00
8.577605325758885790e-01
2.711964444621896231e+00
4.887929884147864001e+00
4.324194758117576143e+00
6.437657036191787085e+00
4.403928504460840543e+01
8.017899051325475313e+00
1.368830399449845459e+01
9.121293048636545109e+00
3.059829330584595830e+00
1.253199996640937286e+00
2.243650808302401600e+00
8.715763551583570745e+00
4.606647650539162697e+00
1.390512774164895049e+00
5.197169561953982608e+00
1.213433599869973989e+01
4.409089423263985452e+00
6.524346917449554084e+00
6.494243984859089380e+00
4.432205702060668884e+00
6.542501571963755147e+00
1.143454460716120025e+01
1.199904644630053419e+01
8.223005990099395035e+01
4.796918437335373042e+00
7.690151817203081386e+00
1.792007792147718437e+00
1.043768460515190677e+00
7.348914055664489631e+00
8.208750173660637195e-01
9.645897580736007004e-01
2.735440272857443400e+00
4.894586877377390621e+00
5.630055720655311902e+00
3.384658655628109969e+00
4.867513949684102670e+00
6.809458646888259636e+00
3.342956117446864717e+00
1.487848312092937775e+01
3.937202324151754862e+00
1.031015632251694125e+00
4.323193957911884766e+00
2.164087423784557984e+00
3.930631673564636053e+00
2.738045618109254509e+00
2.095822848253596504e+01
3.279916842731928295e+00
5.244114357307852359e+00
1.648810519975222633e+02
2.188129894982873136e+00
1.007902061909960345e+00
4.584026178494333692e+01
2.214155453390523220e+00
9.382168856032787607e-01
8.650264832151561833e+00
1.106634913622907845e+01
3.108554801058158290e+00
7.485346671597271628e-01
1.505951282354307086e+00
3.570200218841301343e+00
6.513001306358899178e+00
6.481883151669462606e+00
3.629206530626546190e+00
2.257018576518967645e+00
4.365706213054749263e+00
2.187177857636078926e+01
4.006930078043453136e+00
1.039421375020594063e+01
6.805433085284500194e+00
4.720695950349570680e+00
2.455077298119119344e+00
6.513486098824399662e+00
6.476317249076956273e+00
5.146264475238316649e+00
1.714061063204503910e+01
6.763573739144788988e+00
1.260873724456776257e+00
1.729549192460124374e+01
2.109166352325614557e+00
3.573571944556939606e+00
2.105324183251571224e+00
1.615417917823572580e+01
4.893549903681936541e+00
1.084225444211061040e+00
1.409306674251634561e+01
4.593015496824371269e+00
1.645614746725340583e+00
2.503893893535755311e+00
1.962938070573572169e+00
5.234438358713521033e+00
2.641151277096604133e+00
2.355685041723839301e+00
2.951841626088442361e+00
9.378181123319987478e+01
1.663096744070883659e+01
5.012975479889622221e+01
4.532922321387697906e+00
8.909796803275449761e+00
4.578244248838689856e+00
5.683992437161088596e+00
1.468378044202322874e+00
1.622480845575440256e+00
9.134745293448274239e+00
5.674598862147398393e+00
3.155901317396004213e+00
4.705760151621507958e+00
1.754144810261113019e+00
4.332425121334710916e+00
8.886353952306199844e+00
5.574458855282280467e+00
6.393814801250623958e+00
1.280241831543127162e+01
4.880821983768028893e+00
1.405793343378642746e+01
1.165807962012232757e+01
3.085003702708329243e+00
8.131066656719997399e-01
5.512882663251629012e+00
8.166411128748884973e-01
6.651690403952299491e+00
2.928970111488235162e+00
8.837493877900092443e+00
7.105791512153313283e-01
1.744780578029993023e+01
2.458272028503230899e+00
3.551202937379680069e+00
4.973066818812401202e+00
6.063622806706282731e+00
6.983993266642836595e+00
6.741154125623877391e+00
3.117221339695220639e+00
4.479125182055428311e+00
1.792170735031457518e+00
8.127166597676618309e+00
4.646455435990239025e+00
1.359436205120893471e+00
1.126027909882161282e+01
5.088977933196952463e+00
2.940504414454232496e+00
9.751536702070223939e+00
1.553667134025834784e+01
4.593772986297330441e+00
4.170843311153015875e+00
1.359670147449214106e+01
9.948357980061986794e+00
5.938780037873023332e+00
4.898959948088312366e+00
6.411659759798578939e+00
9.585069806486808730e+00
4.285288617324241933e+00
3.934970115950866987e+00
8.817523093852464910e+00
1.013682630366749748e+01
5.017805852134724631e+00
6.844291695162564970e+00
1.083194932284671097e+01
1.459935473508516601e+00
3.660044240423438566e+00
2.399980774006011686e+01
2.101948455055717702e+00
8.677395795961206915e+00
4.556736750640800082e+00
4.026426424527859815e+00
4.633398733234403433e-01
1.033486201995858167e+01
1.982632026119552648e+01
1.222344099307667520e+00
1.226141044215082410e+01
1.062481680583058363e+00
3.366480330089660633e+00
3.741172076674610825e+00
4.040151479466882023e+00
6.220859441689396974e+00
9.109336628167497452e+00
2.089431260471188878e+01
1.170824298925154316e+01
2.119118185503463536e+01
5.310137912100788782e+00
3.968242034680288910e+00
1.941868497605694444e+01
3.867757965258054487e+00
2.011437819230971424e+00
1.010901883987096017e+00
1.909426133073058640e+00
2.479187904726775749e+00
2.958507837309098498e+00
1.720950330878844747e+00
1.502205597144667060e+01
4.095902171422932447e+00
4.867242654886965170e+00
3.272319116225123281e+00
2.629302536508132349e+01
5.223767644493974238e+00
2.363171821339517642e+00
2.472929354057555429e+00
1.247225832531308809e+00
8.352659746533033669e+00
3.732590834756561726e+00
3.321896453074879219e+01
5.174218556822660631e+00
4.428027048338150529e+00
1.935807712879907605e+00
7.080685701178198954e+00
1.362346863120625029e+00
4.631396463759070770e+00
6.981862084413061886e+00
2.957776552240654944e+00
2.270331520466336850e-01
2.557316249484514081e+00
1.304672171658582069e+00
9.793933464153468549e+00
5.893335039801161912e+00
2.911719920304808085e+00
1.811898564196088302e+01
4.628224985254478341e+00
3.506665865369001711e+00
1.548577536642981700e+00
2.144514171418847326e+01
1.245465707113836729e+01
4.932288269374777379e+00
3.360867891698779086e+00
1.352084327445993939e+00
3.967859160653059103e+00
1.627909689244829394e+01
1.141021348544851044e+01
2.449559535751676975e+01
2.158424041955017358e+00
8.662277246368725869e-01
2.621053524860792017e+00
1.017714288703332315e+01
1.299879814317433713e+01
4.281521792688802286e+00
1.580106901401622466e+00
6.114422718866388884e+00
6.858674263371144164e+00
1.061846894006291109e+01
4.462640251416643444e+00
4.137546648855904508e+00
3.438167644413618440e+00
4.900419108164298265e+00
1.364898167326517964e+01
7.845361308114211951e+00
2.074815366962500462e+01
1.278891245310447466e+01
6.460147903626737298e-01
2.931521749417465017e+00
1.911508284865253771e+01
1.753154051505188704e+01
7.192890572597116616e+00
1.368226787030292657e+00
5.852042848124802354e+00
4.726421872633084220e+00
2.177490236679337166e+00
1.025219305356257848e+01
3.199736166639340240e+00
3.315629349258475855e+00
6.397324721503471201e-01
3.705066856029735956e+00
2.675114865468201764e+00
2.165099651544604598e+00
7.174179818808872788e+00
1.013832689895577310e+01
3.257499117814285583e+00
4.228742554379185670e+00
7.445150261777009781e+00
5.716231387475505521e-01
2.945758630334519346e+00
6.903389512111402837e+00
1.175224967151824629e+01
6.786683316188001136e+00
8.718908227995330051e+00
6.965508188842710169e+00
5.988064002470559366e+00
5.109813805809591436e+00
1.691483692970495412e+01
2.263776779843621245e+00
9.484812759380197633e+00
4.220036136008472383e+00
1.293103700545844559e+00
3.725918211942262026e+00
6.835519031481444685e+00
3.187538303895731673e+00
4.568811597213016995e+00
1.812118174860290809e+00
3.144631564328744133e+00
3.906102670279012923e+00
3.680160790345256561e-01
1.850647877973300881e+00
3.684613804043838758e+00
1.090873977931726468e+00
2.468260078660657442e+00
2.183582388106864869e+01
4.563832472913774474e+00
7.700979131539595457e+00
1.899608192061491607e+01
1.190328309963995856e+01
8.787032410081790701e+00
2.066657351594062497e+00
2.145234725671171105e+01
3.310614262822936915e+00
1.087290118426551366e+01
9.739666600054761147e+00
2.797992147965926879e+00
6.581846401833441718e+00
3.744289586474294218e+00
2.006668148710770794e+01
8.817279884511802779e-01
1.684120101824676397e+01
3.816245721967192583e+00
3.870780649139118790e+00
5.142636978663878367e+00
1.282877493622727805e+01
5.240090678339335284e+00
6.575791631498351109e+00
2.019297313039923214e+00
4.134404970704598781e-01
4.768138081176722110e-01
1.333068687660424301e+00
1.288740911037941528e+00
3.240848032762930320e+00
1.020550501844061708e+00
4.412187797374753018e+01
1.096094288384124980e+02
1.356340197994619245e+01
3.823096777046890882e+00
1.288734738616874864e+01
2.395043884365673392e+00
2.293897331979367493e+01
1.100620867098683142e+01
6.718368903315417029e-01
3.110545176395965949e+00
1.369325374913590521e+00
3.062302376027703588e+01
2.139858571911068985e+00
9.078693010459986112e+00
3.593515639889988122e+00
6.942657759338792367e+00
5.021145864719081864e+00
1.287213635731872863e+01
1.622583869035885806e+00
1.341240613331424081e+00
4.416643466785086680e+00
1.418826642382766456e+00
9.501133582257235588e+00
2.212567376100018635e+00
6.009429261793502342e+00
1.372592622645673544e+01
5.000823403333909845e+00
3.253573371361596855e+00
2.149904704619078544e+01
4.063415925881590951e+00
1.304732309362405651e+01
1.133584727629999378e+01
3.477384815228326431e+00
4.211977185154546888e+00
1.072567114905379881e+01
1.271278328034062932e+00
1.005616144781445342e+01
9.429606597285358660e+00
3.182715699574528401e+01
6.331175420370950491e+00
1.907218520094841940e+00
2.379878466276184490e+00
6.496978248396046984e-01
3.403053269065142050e+00
1.549763091072489374e+02
1.190688716954199222e+01
3.838782971103045227e+00
7.170951414046506045e+00
2.379116847361341769e+00
5.396133251176886692e-01
1.525269924846995195e+00
6.013326236179787010e+00
3.696602558610911160e+01
4.125654463452986143e+00
1.958613222002411192e+01
6.773149810607073995e+00
5.711987626818830321e+00
4.910678416466081053e+00
6.066994331173171773e+00
2.609150384233827946e+00
8.399729315426229803e+00
7.000509300801692092e+00
7.160132989075861154e+00
6.246726417466215153e+00
1.061715366627041801e+00
5.745133725748928555e+00
4.368115977984672327e+00
2.384410427074496575e+00
2.572123286259578201e+00
4.839961462773633372e+00
9.694156514311318418e+00
6.360897530974549241e+00
2.132588499320948738e+00
8.404017651233965935e+00
3.946318560726877145e+00
9.314369807691128544e-01
1.769967754278102934e+00
7.408126657548000260e+00
9.578996643728334703e+00
1.364465783259915188e+00
9.364906529559730686e+00
7.057694079604306836e+00
4.003996901627449034e+00
1.485286829264707364e+01
3.266935928848633708e+00
7.092263305763185421e+00
1.019947627787151312e+01
1.465097625336385079e+01
3.651004461273686275e+01
5.321778080971091285e+00
4.619941493036978208e+00
5.960553044409010681e+00
2.383237172548648530e+00
1.117458470151988337e+01
3.236515249310489395e+00
2.131965675587784759e+01
2.449530018950427213e+00
5.029247164778498203e+00
1.470707511171161386e+00
1.323007808570663002e+01
2.314649969072447799e+00
8.636320527205446851e+00
8.934958246518321801e+01
7.763774902359289243e+00
2.020811118067543433e+00
4.043687088778703753e+00
5.279065618446791675e+00
2.476101514222550293e+01
2.502924984127404162e+00
8.701208795813954566e+00
4.848072346850482717e+00
4.369763219202713600e+00
2.032593610013028496e+01
1.183478182722377525e+01
5.809213252280399642e-01
4.120380337661836201e+00
3.362564057221872016e+00
1.772711640278014533e+00
1.118871420793398741e+00
7.772589461700864177e+00
7.041567268108428479e+00
5.092518679298083661e+00
3.101903478337059994e+01
8.326288760305770253e+00
4.791653088184976816e+00
1.694850833144699465e+01
1.008600520864430372e+01
5.259257177512870918e+00
1.568050333961876674e+01
7.570317394598164995e+00
4.971673683750642780e+00
1.316763023969141466e+00
4.702598252239745591e+00
8.499327796283047576e+00
1.069136101638487091e+01
9.043250962485913647e+00
3.227774285026161483e+00
1.857535400771271439e+00
3.397090403487515786e+00
5.428380024400754067e+00
1.316114875533754791e+01
3.045269309363722421e+00
1.018295658089578204e+01
3.186798728073826581e+00
1.906364235239760418e+01
2.078431314888293358e+00
1.230167561367832363e+01
1.757054834320406655e+00
6.968972382239785546e+00
2.109134419908183844e+00
1.383832017534344061e+01
4.023687506020779736e+00
1.844196037674617483e-01
6.024568242729352541e+00
2.533596556945960643e+00
4.506400167668985546e+00
7.838930544388496013e-01
2.142274892488177152e+00
1.106917243529992945e+01
4.281293080924938543e+00
4.857153023365067490e+00
1.492121339566605531e+00
6.850115169276190130e+00
4.405052695189709766e+00
2.630051434985807735e+00
4.011554408156345453e+00
2.619815500702710853e+00
3.012002162226582680e+00
1.523864624791040612e+01
1.980186303348829391e+00
2.531023741401624338e+00
9.045084201425005688e+00
1.113049430255019789e+00
4.613381441895802126e+00
2.427956672231630364e+00
3.140803518803713779e+00
1.252240597009628864e+01
6.783549468759086487e+00
6.842823733627795280e-01
4.944944719844639280e+01
1.911006673070491102e+00
8.058169623332467779e+00
6.475929643828286508e-01
6.961440064801030836e+00
8.526633699319777548e+00
4.616664672133336644e+00
7.348964963759132552e+00
2.066062940519582725e+00
1.104800614384888036e+01
6.471516534303413337e+00
1.746389286936131713e+00
8.666388185798258093e+00
3.462211078354136440e+00
2.265891288774622581e+01
7.463096046346755941e+00
5.137765835158320193e+00
3.065363721369590166e+01
1.087257147195986740e+01
4.057821451956815650e+00
2.620859768419497193e+00
1.943500474630206654e+01
3.291321625090964265e+00
1.182473481469508592e+01
1.873385888320545867e+00
1.564448530138342086e+01
5.197628735033168468e+00
5.979791774934126281e+00
3.794528874206908142e+01
7.394120604696503563e+00
2.515349733555546408e+01
5.737993518008309479e+00
1.378468866879370314e+00
5.277932177492884236e+00
1.784101477951834269e+00
5.882608453892135714e+00
1.215664585046069890e+00
5.793456980638485021e+00
1.826493547067256529e+01
6.629831424612516955e+00
3.349158193169341047e+00
1.429069237317150609e+01
3.342590550069505451e+00
2.097670709970981662e+01
1.270301145436968326e+01
2.213279287526945538e+01
3.095195070560847483e+01
3.170073600134816871e+00
1.115093993519318083e+01
1.914249753422602396e+01
6.840330282855074273e+00
1.168454172339019692e+01
2.211725592035306320e+01
3.047460219918110447e+00
3.402275925842950688e+00
1.676768815964221115e+00
4.538479973673737788e+00
2.297273094694275031e+01
2.902193814709766784e+00
1.028980881167764672e+01
2.520211554764299589e+00
2.319940615688185215e+00
1.772913055991845122e+00
7.644123661384194079e+00
2.143577994310738433e+01
1.019114697611628628e+01
1.099141508929633204e+01
4.934126323604849595e+00
2.463199833984465403e+00
1.625919270905225744e+01
1.167773099867043740e+01
6.079966253600593618e+00
6.357886217301561338e+00
7.136454588391505816e+00
4.823304001629027482e+01
4.458399548773288146e+00
1.642787302740363664e+00
1.634101809194510935e+01
2.906020637107482596e+00
5.952918764565120924e+00
1.069761111396461573e+01
1.417243073853433089e+01
2.631759965185920791e+01
1.602328456275139246e+01
7.615302639123044948e+00
5.502518516162357542e+00
3.132662956772838680e-01
2.590593807692866513e+00
1.766409873111529194e+00
4.204209264713257177e+00
4.618368312051067903e+00
2.763948159655846393e+00
1.942600995216118065e+01
2.451416638261294967e+00
2.836767347867523270e+00
6.662013209461715491e+00
3.712320414245541489e+00
3.443770711251062977e+01
1.054234483280160450e+00
2.847080373036681600e+00
5.384506857657429535e+00
3.257151838081326023e+00
1.042310743278915375e+01
1.367446414578013858e+00
4.356929689516990223e+00
5.737696480335461757e+00
4.169206328556539276e+00
4.149947910611355262e+00
6.535431237547108196e+00
4.242203463840274580e+00
2.181485770865752016e+01
1.265134871958615648e+01
2.160516700556157410e+00
1.124836900174142507e+01
1.602696850847531662e+00
8.215545164979909387e+00
4.494235982414696906e+00
3.988266017537797636e-01
2.837138128577834095e+00
8.386416057864886087e-01
1.777534793098065435e+01
7.004238319754662045e-01
3.974562964501583195e+00
1.118364889566251108e+01
3.762322882064239149e+00
4.691643088988346477e+00
9.646697260911235361e+00
3.420819568529565036e+00
9.029469434689485041e+00
2.349673440705385730e+01
1.401713102792154997e+00
1.944448300051854872e+01
1.420120196789758182e+01
8.724712013357352802e+00
5.368571442790182502e+00
5.851076410178547071e+00
1.193954889912382411e+00
2.746129290530536338e+00
1.567851441388743261e+01
3.340596102600365214e+00
2.004634955856285039e+00
1.529577238562182551e+01
3.435884403157689349e+01
1.922246855664254017e+00
2.641605191509198924e+00
3.349957195922276476e+00
2.331913926495032996e+01
8.761518066001775296e+00
8.138295953393712701e-01
2.885118552000151215e+00
3.707974430565598389e+00
4.713518870875610389e+00
3.843273246772414886e+00
1.172842316203967883e+01
2.965557981749893823e+00
3.729670425146408341e+00
5.449043808383004617e+00
5.555806415913801644e+00
1.418681022903254485e+00
5.213478998812755449e+00
8.293312620719368589e-01
3.689982259047436486e+00
4.615154594675143218e-01
1.408969827923464635e+01
7.344555637158424410e+00
8.255378412426522816e-01
1.490010658339293315e+01
5.030150182762499256e+00
4.706280240753963895e+00
1.153870408752018406e+01
1.559082471337881248e+00
6.733958967566088916e+00
4.021497298726640857e+00
4.352993542496006896e+00
4.261707484577029525e+00
2.122716166455010711e+00
4.547984287442242923e+00
1.701504708761181206e+01
8.063990339030365817e+01
7.518905323748313663e+00
1.239016091725833491e+01
9.360977098984474054e+00
3.433622696136993557e+00
7.703503363075947519e+00
2.301357810375507285e+01
4.031452274014662329e+00
9.125581667084626147e+00
1.331941705681147115e+00
4.190813454251385295e+00
4.688248248213329639e+00
3.379540166017225289e+00
2.728137808830594757e+00
1.644191412295494814e+01
1.860081637525769160e+00
6.708483429194067149e+00
5.754233188570774260e+00
1.823912963425955658e+00
1.022144189614447196e+00
2.748225248156290945e+01
5.283183218210404597e+00
8.766042211751516433e+00
1.627187223394535254e+00
2.716165750094773568e+00
2.251307221762390842e+00
1.346154661629719307e+00
1.476598909754844868e+00
2.408153114634916214e+00
1.302748203135636995e+00
2.996433303556065297e+00
4.555482258220235003e+00
8.092862417316315060e+00
1.166550479704382859e+01
4.586045218883059604e+00
2.469673947079168030e+01
6.753388827918175075e+00
3.623670381589690237e+00
6.836452962588235316e-01
2.259278178148376170e+00
6.046849465654975830e+00
8.696149577553232035e+00
2.098964538639872313e+00
1.190636178990623018e+00
8.158152342691240122e+00
6.709679143598002327e+00
5.362927735154976006e+00
5.008655534536194054e+00
1.329296037562836830e+01
5.559235202350347294e+01
1.870236385836055559e+00
4.040041539333095066e+00
2.046248426835061363e+00
2.328727209920828756e+01
6.135108897340085576e+00
1.349326868990952377e+01
2.534953127658318550e+01
7.067010975461076150e+00
3.126772890936629423e+01
1.297558025978466567e+01
4.364351654093833410e+00
9.689091646466474472e-01
4.065743174752263656e+00
4.573037245863734057e+00
6.416160889599813011e+00
5.671754775743171706e+01
2.318053625345646296e+00
1.867317899372099799e+00
2.362513121403075456e+00
2.305487813175895795e+00
3.402412126342842846e+00
2.526992365301578758e+01
6.731924677022399273e+00
1.312566706112355419e+01
5.418396283678831082e+00
1.777620377031645660e+01
7.338831067618160731e+00
2.878361145792919462e+00
2.748435510254233272e+00
7.947662420994651811e+00
1.564497012079627103e+00
2.319591130324754946e+00
1.454320386279269073e+00
1.929089925379334147e+01
9.565952126365235841e+00
5.119950785775364110e+00
2.000044435355420980e+00
2.150819062817962202e+00
6.491408602088290181e+00
1.291442418689729976e+01
2.432323619830181016e+01
1.653641498819034439e+01
1.989682081662170177e+01
4.828191498389998060e+00
2.052880185152044845e+01
4.604484239654923705e+00
7.112334507756676416e+00
1.676250865028477310e+00
2.102363605972735883e+01
1.641086576383270268e+00
1.988321168396742422e+01
3.988620661223398312e+00
1.903981937162521954e+00
1.476025502107886567e+01
7.789904696471504408e+00
4.825400978536833918e+00
8.130093672918553560e-01
4.987601067060207782e+00
2.406848311948852626e+00
2.901206270602892090e+01
3.963269906031163003e+01
1.799433762344994392e+01
4.035782428568799318e+00
2.015647393234245133e+00
8.449366717900115731e+00
1.167662994777161423e+01
2.693098414870496615e+00
3.907317921839835506e+00
3.722824513397559087e+01
4.992675067696023206e+00
6.271885543298303389e+00
4.319761491727909686e+00
1.652648118391343957e+01
2.051687370604473148e+00
1.807857347098496215e+00
7.286699132216729602e+00
4.458441722791484096e+00
4.398887594351411856e+00
1.506127393230683253e+01
6.259847799313146055e+00
2.399526566172605069e+00
3.924467440860190059e+00
5.466841261908695238e+00
6.685504815792664424e+00
3.347016112507285701e+00
3.461834453062660355e+00
1.146560598608018067e+00
4.865189467239393828e+00
4.143098286569035782e-01
2.700234745897173383e+00
8.230885631157200066e+00
1.425967351813659301e+00
6.270062479398307964e+00
1.851879773432708376e+00
3.594557427568514818e+00
1.728583853743492682e+01
3.082364483192022497e+00
4.415287972349741352e+00
4.744928349242203414e-01
2.003048579330181767e+00
1.998572116516080044e+01
3.678469195153991844e+00
1.918556806695482786e+00
1.081637451706581032e+01
6.346982432059839141e+00
4.047244130111896432e+00
8.408700744082679535e+00
3.445710547727737438e+00
6.672827423477091457e+00
2.059477339436914178e+01
1.441011211632353017e+01
2.504272053491266803e+00
7.840254624121488769e-01
1.843379108352835516e+01
3.863440176536903436e+01
1.688676008394660588e+00
6.868587537079671179e+00
4.426524981953514626e+00
6.798176855156458309e+00
9.611115006643581538e+00
3.666580323340198788e+00
7.104964633506061489e+01
3.726965339283827561e+00
5.527915219337391939e+00
1.307741919166279665e+01
5.884615961167319220e+00
1.636200884781588094e+00
2.333390170326593349e+00
1.871135878999234059e+00
1.533674291038301440e+00
1.142102362563436557e+01
4.804211464651027441e+00
1.196220167883139851e+01
4.376141818530093985e+00
3.502497434940028409e+00
5.005768128460516664e+00
3.030032657573116239e+00
3.322490955336895979e+00
1.221301762450651474e+00
2.365002377982827753e+01
1.025881525859513133e+01
3.996776105961079573e+00
6.652016719528026201e+00
4.549079065169730818e+00
1.617195584095486804e+00
7.113298964116745005e+00
6.115251505329994508e+00
