2.110588484304998236e+00
5.018207515869725022e+00
1.246165130722230341e+00
2.234256770135991665e+00
1.050083987935858687e+01
2.214560984160557577e+00
2.043296498368938341e+00
1.184603645932928728e+01
2.932058507095792521e+00
4.236669922003754252e+00
8.205469217694887352e-01
3.150597640325054627e+00
2.244918961446131789e+01
4.705452803418873842e+00
2.455723494280684704e+00
2.571740115137387317e+00
1.033479662951070077e+00
3.815444294217644305e+00
4.701974110783468497e+00
3.208706453096932698e+00
8.379776339673495889e-01
1.394562386470139792e+01
6.613959345673983137e+00
6.394847307630968203e+00
5.047064942676251498e+00
1.662663077029142400e+00
8.809764570489377888e+00
9.208567233173301503e+00
2.505878173839419354e+00
1.073445951155806322e+00
4.485964728825202030e+00
9.245591145125509058e+00
2.028332795705023006e+00
1.881295977526844609e+01
3.755210798188360233e+00
3.060628745808569473e+00
2.299552948330302993e+00
4.385220380439168508e+00
3.763328826955924633e+00
5.834027991176272465e+00
4.650274530038775112e+00
1.615176532654375885e+00
2.947017386924022819e+00
2.136381232311839184e+00
3.380364524866338538e+00
3.509678469389033939e+00
1.119941725422001433e+01
2.310106211692501965e+00
3.328165174736749776e+00
1.198960000610985066e+00
2.756999594782934437e+00
6.781570071288522961e+00
2.960905411066858672e+00
5.351296591255434443e+00
7.006228601942366296e+00
4.856781072305417446e+00
3.203881749141023416e+00
3.113432659191848639e+00
1.749574866472756174e+00
1.376934059715695380e+00
3.365697532436031203e+00
3.190206479759031488e+00
1.030740595168833096e+01
3.252425230575006765e+00
9.602395338703288985e+00
3.294615304862534622e+00
4.380211337430127472e+00
8.627534517606896713e+00
2.827383593993245459e+00
1.045246272330770765e+01
1.056270644980502382e+00
4.151554133859216122e+00
2.029129326057321769e+00
3.066070263633279946e+00
2.021031120657394098e+00
2.047729490241745332e+00
7.564134364737541416e-01
4.118129559884778246e+00
1.385685589004182106e+01
1.847492598450927836e+00
1.695289680581390179e+00
4.958207629256238036e+00
1.039610588261040025e+00
7.353773825561262356e+00
9.271481780727713229e+00
3.943877442650474130e+00
3.490291025283953630e+00
2.522158358994525340e+00
1.220853667575746293e+01
2.862004150569594785e+00
7.446784863623442163e+00
3.755631611393137170e+00
3.496191020618437229e+00
2.927162258055148403e+00
3.372667033747077880e+00
9.970761060371146067e-01
2.407993581349520795e+00
8.245091108557737414e+00
7.473553665343034780e+00
1.901376946047377281e+00
2.103213993585395070e+00
2.490933937039524260e+00
4.088907870094605990e+00
1.912143893292848729e+00
2.445997388921601789e+00
4.431130051494719169e+00
4.004073120680044617e+00
4.949480901662172805e+00
2.520643925761514126e+01
1.479023829785282240e+00
5.833952285173784169e+00
2.930995516540136236e+00
1.218460717356716394e+01
1.876071393701368883e+00
3.213941641811628891e+00
1.224758736225007461e+01
3.953819831697487075e+00
1.663444177754398012e+00
2.971648633144296170e+00
2.719699805746126131e+00
2.664194939441328014e+00
1.292489636239441575e+00
4.773466857469028213e+00
1.128499330555215252e+01
5.186522781658999826e+00
2.888804814902821594e+00
2.229089486881670634e+00
7.959964135771190996e+00
5.088636606708130117e+00
2.386721981841237739e+00
3.088306608747671156e+00
7.474431370994603974e+00
3.124297996113829523e+00
6.259867055958601156e+00
6.401093053063452665e+00
5.243163641546017217e+00
2.474597499627006592e+00
1.999611951924292974e+00
2.278477084191866009e+00
1.957880588050209703e+00
3.388931561436207218e+00
1.596956579330865766e+00
3.951101862110106833e+00
4.391585316582098386e+00
1.424358149571655296e+01
4.315876076751506751e+00
1.582575276629081040e+00
3.523876868511858884e+00
6.882247690590033606e+00
7.299629804309154757e+00
4.207583810004165592e+00
3.230277436792982737e+00
1.532813066305112049e+00
7.087512190677584201e+00
2.904938408728060750e+00
4.344455003156485695e+00
3.672878316828606771e+00
3.030034262183034954e+00
9.685345949619269534e-01
1.153830525245388650e+01
2.254026152070635192e+01
1.428889843614956634e+00
2.120274340315055017e+00
2.656616668087567135e+00
8.466953575394754239e+00
6.221132503460224505e+00
8.168589423431313890e+00
3.191809004547647710e+00
2.642854920145927267e+00
1.948851187457652179e+00
3.330290096721805870e+00
1.729166253954591337e+00
8.410066069494058993e+00
3.342926079863696387e+00
4.394019965476664957e+00
5.451605659230144951e+00
1.410887041762290961e+00
8.169946251958922545e+00
6.418403832142427490e+00
6.978749720454861638e+00
8.842498911397244754e+00
2.521255229202181702e+00
3.070960617050009223e+00
2.052944929819182196e+00
1.321424952068353420e+00
2.492266422867728703e+00
4.165029480261751793e+00
8.798498503516107405e+00
3.877121670889629890e+00
4.485715631702199779e+00
2.994213746852163904e+00
5.794861589389216583e+00
6.325935996526267147e+00
3.175001287936990213e+00
5.805708992093769893e+00
6.371884258398876177e+00
2.693341170118052297e+00
4.597358657155464101e+00
2.054318423071304878e+01
3.032255115344371088e-01
5.667966905419059565e+00
2.771111008964176392e+00
1.743259511946685825e+00
1.593343911773388522e+00
3.177832821301072919e+00
5.590044659659277215e+00
6.670702864331813586e+00
1.540790916937602795e+01
1.398799109673158458e+00
1.994483316537155604e+00
6.853920587764180894e+00
8.533093494490131548e+00
1.523882133188101395e+00
3.381848887561341943e+00
7.119699266340821175e+00
2.144346361377909904e+00
8.085058005770182632e+00
3.347091385006843556e+00
2.527094507505133869e+00
3.534970333040935486e+01
2.962802859974482672e+00
1.237010966729866546e+01
1.832875036158338133e+00
7.178990939634855906e+00
1.858671551882562945e+00
1.365849701668702032e+01
3.541438069003705724e+00
1.018161909200075499e+01
1.424211159860520493e+00
1.760888175246555942e+00
4.465457562975338135e+00
3.456658400235486539e+00
4.748720283842364331e+00
1.121242665445499576e+01
5.045632508037149577e+00
3.963243937055344901e+01
2.036730383646054410e+00
4.052293895699435211e+00
3.399297557283289528e+00
2.501626611319213378e+00
2.704154454917480965e+00
1.958697065227921641e+01
1.268452976122150799e+00
3.527234799237595642e+00
6.509106455234817901e+00
4.995510037434716999e+00
4.151530659891815134e+00
8.566578583595676477e+00
1.226461098238779002e+01
9.267969773870622374e-01
2.010362525614026730e+00
1.688319405032786102e+00
4.628427113684189464e+00
3.148011152180356653e+00
2.349782571691013455e+00
1.138132236324312885e+01
2.017648897436352584e+01
2.803101539999064418e+00
3.603154653848906097e+00
4.444811994081438122e+00
2.679842779942138264e+00
6.602610948099068011e+00
4.748847145974643524e+00
4.452207430461793791e+00
5.527493302790238872e+00
1.179824017750583920e+01
1.410430879311601515e+01
1.570036082521892862e+00
4.968393507856875835e-01
5.157225851271695305e+00
1.452205161201705685e+01
6.190774459017683640e+00
1.224894823088502882e+01
1.017213727135068524e+00
4.377780033561551321e+00
6.558158201137968213e+00
8.041717831202605637e+00
3.845084050739864701e+00
2.770965480124719882e+00
6.585467377642707731e+00
6.536807845359993152e+00
8.753589367003835164e+00
4.125432358720903636e+00
1.872031145204719804e+00
3.556232901964894833e+00
7.421647785181574086e+00
3.487131127996501156e+00
7.337897909707453259e+00
9.000994632367836701e+00
3.303451405472436431e+00
4.214779715301085972e+00
4.916405257095145309e+00
7.043801171731240984e+00
3.055255729622788685e+00
4.955965141539809160e+00
7.707199962177866404e+00
4.303890732955277798e+00
2.655164339369932680e+00
1.664207244592393442e+00
6.755037964622089497e+00
2.414906762836666498e+00
5.662076649982502374e+00
3.465557706984447872e+00
8.455561069615100678e+00
1.194888411093564251e+00
2.810794858060096324e+00
6.584341985828064736e+00
4.148996801817479430e+00
4.416412216401893076e+00
1.179137253427159493e+01
3.999735914420343708e+00
5.525800639877243015e+00
3.304318571739335741e+00
4.593640895923154943e+00
1.432114379840560670e+00
5.643074045683306394e+00
3.124211679435237698e+00
5.937613247672100414e+00
3.747959979943110920e+00
3.933371202359738028e+00
5.741367430348682355e+00
1.038145765488281747e+01
5.340870996456471786e+00
3.177329318684851245e+00
6.923118366089277664e+00
3.498390699871489762e+00
2.584251781370112688e+00
4.669543280936689911e+00
5.809924160018139716e+00
6.847860858284595231e+00
1.485013545080422048e+01
6.540096457118497852e+00
4.510819215726010967e+00
5.167743158958836958e+00
4.182300961361001157e+00
8.187989737750413610e+00
1.285287560986289712e+00
6.950296319856748894e+00
6.970782414085705536e-01
2.201295063098672244e+01
3.562252455354689040e+00
2.526811605471975142e+00
5.782306743495913892e+00
7.642850529116770097e+00
4.518365007506414344e+00
9.801926401410189227e-01
3.518749108462162933e+00
2.180865528894707861e+00
2.062998387349298746e+00
1.140474672675417134e+00
2.859161839636721325e+00
2.629544677205938097e+00
2.237925507898761435e+00
2.128609982724281924e+00
4.263242541141222475e+00
1.953032247975391433e+00
1.029516243191627467e+01
3.998901795209475196e+00
2.047942379382824640e+00
3.615514173405407483e+00
4.423308352617302930e+00
7.890952570721074810e-01
5.314794037145087024e+00
4.127376334271706249e+00
2.516590809778260329e+00
4.521396078851864786e+00
5.093752718982432093e+00
5.451589262876334274e+00
1.747546656693327094e+00
5.014330804934655106e+00
4.046244186444067914e+00
2.790791850139365593e+00
9.130642694942732618e+00
1.260678584506707622e+01
9.249282188377167202e+00
3.287100183801312081e+00
5.904008670726583752e+00
4.060557623970060703e+00
5.933800636460845546e+00
9.601070227903207410e+00
5.275495741857179510e+00
6.212738872501837761e+00
2.781729613562724079e+00
3.034647305066707546e+00
3.903025553664033698e+00
5.537667419346352204e+00
4.693372188206503814e+00
7.019157241855205065e+00
1.585731223976530435e+00
2.013861476192915223e+00
1.161158818250395086e+01
2.853506680968391329e+00
2.817760067469952556e+00
2.137516695879533302e+01
2.661474629701560346e+00
4.628056521279639846e+00
5.064579129742129204e+00
1.861248958946626342e+00
8.015177463327852081e+00
7.587264461240090796e+00
4.007993120135716403e+00
2.263375759898456074e+00
3.476321744874581565e+00
3.035948172033318571e+00
2.982164302869553474e+00
3.132450843073636193e+00
1.260125617730554426e+00
4.952628291882293254e+00
4.343694037506855565e+00
6.190778914046323855e+00
1.862902546758602007e+00
3.651550514631513256e+00
4.019036198112468483e+00
2.078024965517022871e+00
4.355667875790080856e+00
8.926868365334810207e+00
9.358540210797785974e+00
3.930347266048855204e+00
4.285393181820355224e+00
4.496287117648125609e+00
4.460640339482107919e+00
6.383967615941326557e+00
6.185863042673076073e+00
5.104770533047438441e+00
2.222773033437391632e+00
9.800286720691820719e+00
1.820192343487018638e+00
5.853435621239382769e+00
4.122911315030568069e+00
1.445958634062296522e+00
4.525165740534934145e+00
5.750306862151379761e-01
2.402081172380608365e+00
2.650891841613249422e+00
2.091976039761167971e+00
8.684044208770988149e+00
6.973315368096239197e+00
6.975358839205735961e+00
1.055756447588045255e+01
3.430990012554667068e+00
8.506251091363798977e+00
2.326443083450688398e+00
2.668767303488584819e+00
3.091980388393904988e+00
1.945372509725865839e+00
1.821424337087567125e+01
2.935898206172212976e+00
1.356715358728859400e+01
1.010195763286867532e+01
5.646139286829452431e+00
4.636063617093148181e+00
7.108479662524459286e+00
2.483389743296740004e+00
6.575094206141451458e+00
6.292477644187900232e+00
9.595234522314488146e+00
1.423653753230742947e+00
4.691214557597928270e+00
3.239098048791974715e+00
3.235655280039236636e+00
3.451937359554456464e+00
5.452148253150800095e+00
2.288973022981282135e+00
1.237416688375838092e+01
3.866306158452452291e+00
1.387739436482905298e+01
3.296151409787598574e+00
1.539078364909572061e+00
3.703112173798129625e+00
4.041308890606748250e+00
1.117799988759532681e+00
9.732474971994491852e+00
2.781478831709381261e+00
3.390416112210551169e+00
1.049755321624889381e+00
5.143138234971814882e+00
4.486653649004289868e+00
3.622246898432418760e+00
3.225153073441743512e+00
1.109266629177985308e+01
3.048519487048544008e+01
4.772229347931848942e+00
3.512342703392811405e+00
3.179184426860456547e+00
3.917680117709287924e+00
2.631657811710023331e+00
4.275665893264394057e+00
1.542493066173131755e+00
3.099477451671504458e+00
1.952216971987167815e+00
2.374301778257228879e+00
3.044545818790571623e+00
8.967423079445293155e+00
2.886434170936365895e+00
3.248138455182536966e+00
2.131357134410084786e+00
8.246989093746677213e+00
8.560559520277406520e+00
4.578423066856248447e+00
6.677727590106376176e+00
9.294396663152356908e+00
6.616832589094173045e+00
1.872640883058381611e+00
2.974109453037436346e+00
3.070939257772838271e+00
5.008441519560173916e+00
6.043699729272798749e+00
7.317060820335819393e+00
7.999280824117692701e-01
2.823718375819472381e+00
6.343959291656993571e+00
6.631868659003459676e+00
3.652696539393918584e+00
8.116658760441232801e+00
4.555382911025532167e+00
5.238518306434007066e+00
8.726341312310484710e+00
7.867228102745457363e+00
1.003409317811100543e+00
2.795607254221002425e+00
6.017904067512501953e+00
1.126149662426897846e+00
1.178628454133134440e+01
1.495816459382778740e+00
2.369579819117703323e+00
2.821234385511359744e+00
1.644160979615176155e+00
8.060749840086785412e+00
2.492211705231554220e+00
1.447562275192337822e+00
3.740878443864275482e+00
2.080317840455674805e+00
2.270770732543643700e+00
5.256612347871300273e+00
1.023432736238823582e+00
3.214034625011122692e+00
8.640459204524104209e+00
2.371578426359528979e+00
4.439242880416207626e+00
7.975435523978943841e+00
2.626681066993472147e+00
1.745085658405316043e+00
6.291840960214610590e+00
1.984885690331621433e+00
2.747224443785149184e+00
6.079654342185479621e+00
1.384489635842852673e+00
2.794260873447322435e+00
8.845596943300952475e+00
1.158927367768791150e+01
1.920646395590672961e+00
6.973072488477812136e+00
1.907751769881833814e+00
6.497269311151883997e+00
1.201503521358216631e+01
4.566453348401151580e+00
1.291974508886980288e+00
2.799342477227898307e+00
3.708057674489456002e+00
1.083776934644993695e+00
3.166590684616772400e+00
3.940924754421341270e+00
1.126539904209419873e+01
7.122517757836384078e+00
2.810378768072937739e+00
3.875620859513920990e+00
7.736199946966293872e+00
3.725037295661634662e+00
2.917899294169287394e+00
2.564966867424770758e+00
4.540801244091218436e+00
1.807991370283432175e+01
7.201677507135652689e+00
3.478125141009355659e+00
7.046684247473351981e+00
6.615660704705302209e+00
5.798236983278341583e+00
5.213344239527978985e+00
6.569381986518352257e+00
3.753751406428743387e+00
2.556588909256471531e+00
5.086804863578189284e+00
5.646923444448215257e+00
4.462459139628402127e+00
2.920225396134945139e+00
2.575121107928618258e+00
2.080538813580810054e+00
4.197664548657842887e-01
6.109905733817942775e+00
3.752067937344696791e+00
6.980034063149665791e+00
8.469089887841516173e+00
1.636096518696875224e+00
1.773492054126824868e+00
4.446176250313248701e+00
4.937648338423787919e+00
4.564895900772614201e-01
8.389459264994724164e-01
4.444814058861828343e+00
2.354067210208423688e+00
1.369853551295698324e+01
5.105507143193006137e+00
2.318048566642171515e+00
1.844544361260004539e+00
1.524499777770207842e+00
6.344350359596632849e+00
2.301813698255735119e+00
7.814641342400745927e+00
4.384697172366970541e+00
3.821257558504151497e+00
3.214354745301290173e+00
8.575628680506953927e+00
2.063414716586906561e+00
5.221296149095183026e+00
5.922293741869242290e+00
4.564483078059987875e+00
3.034776220878621977e+00
7.010104941320365768e+00
2.950358643690150995e+00
5.100006422875305034e+00
2.543169137517561129e+00
8.699814003906198856e-01
2.397388721471743089e+00
1.264295342073716277e+01
3.580104130875205737e+00
7.281623499371003838e+00
8.684426203213499562e+00
1.676968593354312365e+00
1.799385854084109226e+01
4.369080400845614776e+00
7.591844605149971059e+00
8.616197916528227196e+00
1.303396691025442644e+00
2.631522132906279676e+00
2.084848477236868280e+00
3.202715053602373629e+00
3.318969501253921095e+00
2.655313691370927209e+00
2.459550531709448151e+00
1.854196383760050582e+00
2.587315916599460142e+00
4.681808671330178306e+00
8.422585169994645682e+00
1.261110728917318680e+00
2.529663425774491436e+00
1.821864020680912910e+00
1.007742894942980705e+01
8.472418079226688548e+00
4.014535781315137442e+00
8.718025211071105396e-01
4.265949385888581524e+00
4.919690423731296391e+00
1.195747081309998983e+01
6.672452393283458072e+00
9.526174563678448948e+00
5.108721879956927836e+00
6.929304010856697005e+00
7.811480285121546352e+00
4.658030865500986550e+00
4.324496325375531747e+00
1.320487452611874835e+00
4.639206875159243459e+00
2.548386816289490042e+00
3.499385101020662692e+00
5.014347344107844329e+00
7.596225651564681769e+00
1.281801321856161024e+01
1.435633958551661316e+00
2.234292330315841735e+00
2.667201752044404905e+00
5.803647077922194697e+00
6.358823433913962653e+00
7.364640190121378716e+00
1.316206838225435716e+00
4.312463456057315625e+00
1.805205970263999404e+01
1.034538719088752856e+01
6.770366524063638813e+00
9.750630426296480024e+00
4.742213713179092238e+00
5.829127273763027084e+00
5.944318899264890987e+00
4.740340157532652476e+00
2.450621324440929616e+00
7.388951518420311615e+00
4.647965355249631614e+00
1.739342729667868070e+00
4.667168685104552850e+00
2.532773858324413485e+00
1.766058088208395382e+00
4.634876974849058584e+00
4.946654530695691498e+00
4.143242617996008903e+00
5.522723277119220064e+00
7.058866063507174715e+00
1.780579966829339167e+00
6.092198816793649385e+00
3.879894788325238597e+00
1.688318398917024510e+00
1.703832683983080853e+00
2.596222286556606917e+00
3.682989468170180025e+00
6.197696811219415736e+00
3.440467275509889511e+00
2.025824048333258531e+01
2.907471586757782056e+00
2.356168207574484086e+00
5.990227196444301017e-01
4.821294918170748289e+00
3.259746289730091728e+00
3.560440122831920906e+00
5.673390299013838955e+00
8.612403037449244181e+00
1.961000545042872245e+00
5.731740018064139797e+00
1.919466342243216772e+00
3.454694982786754576e+00
5.601293566930324985e+00
7.998904027555969520e+00
4.806741404309952337e+00
2.608020786394956492e+00
8.006403352609373636e-01
1.993750459352080640e+01
4.086677498397096819e+00
3.907239027928273156e+00
3.268393463998466419e+00
2.027236071657876337e+00
4.581358619297040136e+00
6.100984988526938047e+00
3.335394734787740401e+00
1.094554202216046690e+01
7.987293795973558375e+00
1.371726009093864329e+00
5.671841929820561568e+00
3.810507677062289655e+00
1.352535424589199176e+00
5.429224996864313368e+00
3.905634935262063401e+00
1.742970319483855723e+00
4.628129707968506423e+00
2.867018829949108394e+00
5.238417133598987085e+00
5.067299959840589452e+00
5.232487577653894384e+00
5.163234241979154149e+00
4.187228317283178569e+00
7.138373541196631145e+00
5.625005837646174456e+00
5.604181496705018084e+00
1.080867172899911210e+01
2.003288940413177510e+00
4.299474330981565728e+00
1.250862597160618961e+01
6.985773656769168838e+00
3.075452463094240585e+00
4.857385391490607773e+00
1.289467993413972335e+00
2.756964861829555691e+00
4.618780393848791910e+00
7.994016727341058726e+00
6.389111819405002279e+00
1.131980094224067024e+01
6.407600911439093494e+00
1.826930208446582160e+00
4.592091267104091656e+00
1.542367607298859022e+00
7.884282279913390923e+00
1.652609131992714975e+00
5.495679691524887112e+00
5.618463661197758974e+00
4.516479548593429705e+00
5.866753262629946786e-01
1.658359018698081222e+00
2.648597771398784495e+00
1.662936420788201586e+00
4.052200021111294959e+00
1.076198321532534230e+01
5.689758151974867673e+00
4.014094666667913813e+00
6.387618553727724802e+00
2.015176290314236063e+00
5.277400482798970671e+00
3.638616599774930460e+00
1.797165936951146126e+00
2.686789177735959377e+00
1.121973287830420274e+00
4.416130932744755100e+00
2.654061625309184436e+00
5.091135963255011276e+00
5.494467486762722785e+00
2.362378938150406782e+00
9.739708146231498276e+00
5.002531870779440837e+00
7.315897732413130683e+00
8.616732874669239095e+00
3.611768171672131267e+00
3.942826120374006038e+00
2.339107779293125855e+00
4.549441752404945305e+00
1.832753627349936965e+00
2.968936451808333210e+00
3.801976273006856921e+00
7.361049284872107634e+00
3.111792520750273461e+00
4.463513826381828586e+00
1.007930175029052222e+01
4.320566996144520999e+00
3.103630873379872757e+00
6.625580891154309704e+00
1.883625963187018471e+00
1.667677064737326020e+00
5.803467427892105235e+00
4.657191815758032760e+00
4.182421443427527308e+00
3.473673340478065086e+00
5.211277143381446209e+00
1.264246422793615654e+00
5.740699383843761439e+00
4.702560214178457265e+00
7.968150783089427147e-01
7.997779766546502245e+00
5.476993674626010389e+00
7.351487161910466916e+00
2.231146720114276061e+00
2.101057320177694088e+00
3.498351377405818585e+00
1.753268680890821773e+00
2.300344703621325149e+00
5.678790829348885794e+00
1.092220372585892552e+00
2.850779589489005339e+00
3.540488915987606511e+00
1.166406299671206792e+00
5.328023850560027697e+00
4.324604352014547182e+00
9.931994293647978367e+00
7.223308617982659996e+00
3.702300238583962955e+00
2.191232045585455701e+00
1.645951764919362903e+00
1.325572729845366560e+01
2.231620230638550861e+00
4.100930940589005758e+00
1.488133945237600742e+01
5.426769120711535166e+00
3.356708654786650925e+00
1.420566381206555207e+00
9.744037795920114320e+00
3.591225373875380988e+00
2.248367676992994113e+00
9.820922305829890009e-01
3.331868741849012938e+00
2.904383613081269289e+01
5.334466140658617128e+00
3.811450020068218869e+00
2.087768845653537486e+00
1.555544173985514256e+00
4.797001314710382047e+00
5.979147166656437307e+00
3.755688376884744439e+00
9.624004365294105412e+00
1.605542143474979477e+00
1.022037883621808163e+01
3.784474600218236340e+00
1.723059927132925218e+00
1.856248625012175690e+00
4.368476426911968247e+00
4.503930408107047256e+00
9.186030538591083427e+00
5.698674535470329872e+00
1.189926863940129920e+00
1.204045269953214925e+00
3.110927741845352035e+00
6.180944855419818751e+00
4.820697336515171294e+00
3.755003691845484326e+00
2.976048020821763895e+00
3.947454944542963418e+00
1.187032308972974981e+01
5.256939169921619914e+00
3.768345974724669478e+00
8.927062657169134496e+00
8.693068173702778179e-01
3.039024667172831151e+00
4.833892814956428197e+00
2.216245667213567305e+00
2.070612596301591335e+00
2.430742506668205571e+00
3.853459091784136703e+00
1.903587327918303984e+00
3.205897649941464866e+00
4.318952934634452845e+00
3.175377425453775437e+00
2.697948662199247227e+00
8.640766025237924808e+00
2.269288138085106876e+00
1.851952829688995550e+00
1.225361257170679785e+00
6.033168760386667273e+00
1.001017020932304158e+00
8.575092566327851884e+00
7.726087313621873065e+00
5.182275667167020927e+00
3.136831233790652984e+00
4.963745957933253905e+00
7.606997977621100304e+00
1.384028186793362147e+00
7.318393397480751794e+00
1.341954626082191737e+01
6.958158785842301519e+00
3.967118047304925010e+00
3.115074846477203341e+00
3.089126256352895172e+00
2.366265391736167789e+00
4.555292091238590579e+00
5.842346568197481993e+00
2.286259035013592289e+00
2.709407405536129687e+00
5.223505887321231000e+00
2.177092689891940935e+00
7.881955570792613663e-01
2.432654271037327565e+00
4.100837024742639336e+00
3.278252452805010542e+00
5.984862198960225754e+00
2.057223875245441924e+00
3.208090608194794413e+00
1.454703881734391047e+01
2.451637661307425109e+00
6.690277749109094785e+00
7.050001776303274070e-01
4.176488500316204444e+00
6.077592597551523923e+00
5.920671600764781495e+00
1.668100534027130433e+00
5.280647452251305829e+00
3.229835144108468725e+00
4.627835399206890798e+00
3.280140895633228748e+00
2.105350566396097189e+00
9.250466797267554497e+00
1.164151665448617479e+01
3.120943723316638163e+00
6.858331949034100816e+00
3.786382748793707176e+00
3.502104552448125130e+00
5.185303437812700089e+00
4.230053931623694474e+00
1.750488168246364218e+00
7.231623490235925544e+00
5.910425921007958827e+00
5.736086088688616691e+00
1.387008807854795744e+00
3.791451419782656096e+00
1.400267110914677149e+00
3.316225253397643069e+00
7.233595943049690113e+00
6.229243680808984607e+00
1.388431466479372434e+00
3.301496073950869192e+00
1.761278355855113498e+00
3.209961688229137078e+00
4.403200175949216089e+00
3.132186791786244928e+00
6.024928164171403644e+00
6.787666824599261517e+00
7.590170255382273190e+00
1.373545413007399629e+00
2.551641647220737497e+00
3.061955778681278773e+00
3.265815887610568069e+00
1.158615831984963407e+01
6.468463558780698008e+00
2.294589856153244956e+00
3.694384527633357784e+00
5.138260601088536106e+00
1.960525482096282079e+00
6.566877578220220002e+00
5.618424128298326714e+00
1.561633343554063691e+00
1.068388827970594201e+00
3.077687143132739944e+00
1.827278665704802130e+00
4.892691639575202700e+00
8.099065222048233537e+00
7.053690006726449191e+00
1.389162169402766978e+01
5.415438451315595536e+00
7.122231846230714147e+00
4.409200836877788632e+00
1.045606468086574736e+01
4.168319429777435303e+00
6.547437535869319092e+00
4.259484010304999124e+00
2.738519503779919262e+00
1.633128013722564553e+00
9.257426330019054461e+00
4.156472154388056062e+00
3.634145863834904677e+00
6.090002664534745591e+00
