1.024557984870856808e+00
2.281669387802196525e+00
2.477547440613693475e+00
4.244647618725532645e+00
9.926221548126712424e-01
3.166654683713553631e+00
1.146831174837731337e+00
3.582443944247771572e+00
9.967491296723627325e-01
4.791383544513546866e+00
3.625348436860069690e+00
5.946715954758333922e+00
1.744377662715993926e+00
9.787168608647874857e-01
8.937814745088903390e-01
1.464449365261639713e+01
5.597413348035600755e+00
5.538577242113479571e+00
4.221979557990464649e+00
7.682376273381928966e-01
5.701745116351255582e+00
8.069655131820392402e-01
2.106524267004334483e+00
1.679919476554170732e+00
4.030438987468863310e+00
1.409231148967912794e+00
2.834226503819286869e+00
1.507345288186391796e+00
1.678995798597467504e+00
8.371076748822487978e-01
3.062250507292089807e+00
1.882846459888756652e+00
2.904011647491291370e+00
3.106803245266887448e+00
3.480121996735290324e+00
2.524368528518760257e+00
1.641836527006300228e+00
4.373611996998456597e+00
1.876592752426666344e+00
4.429973027152839804e-01
1.737957233513484079e-01
1.837124789289182214e+00
6.819652859801399458e+00
2.656727253423053270e+00
1.582477588746077801e+00
3.786654603133593699e+00
1.510214363313386432e+00
4.002952331639530570e+00
1.192101109991881458e+00
2.821541299149206150e+00
5.378985448824927573e+00
3.281061958959252678e+00
1.748386185101922230e+00
1.270424300362840153e+00
3.707248048183979350e+00
4.111752986816728850e+00
2.215555269063183452e+00
2.052539889472599022e+00
1.491816986483722518e+00
1.380552043623964886e+00
1.456232587071591977e+00
1.639315681723151563e+00
1.840120440176333361e+00
7.991665311783101577e-01
1.016745388299139385e+01
3.886872326594317695e+00
9.341779401836829422e-01
7.180790492395968672e-01
2.185286249587418350e+00
2.980325709780865751e+00
3.270777328261171402e+00
1.546345496891829319e+00
5.950825550545302267e-01
2.179575599524172347e+00
2.722431928629824860e+00
1.674814345279104000e+00
2.530179015195201053e+00
6.660089641128867477e+00
1.102422112031679502e+00
2.810379197798150486e+00
3.808550470691598910e+00
3.244335116774990091e+00
5.303078669403447520e+00
1.188522857764346963e+00
3.074403267920059690e+00
2.687021260751804252e+00
4.509308395828166560e+00
1.933551234075120195e+00
1.490949551891050495e+00
2.560997035525399923e+00
5.700621729331116327e+00
2.753067430977281127e+00
5.014888596457994119e+00
2.367845511350748833e+00
3.765061697391466566e+00
1.637450321346200166e+00
3.766691068551970112e+00
5.576017953236629410e+00
1.817253181030797027e+00
2.379325188860329732e+00
2.174105721627937360e+00
2.889148599184284016e+00
1.502980640693884595e+00
3.498617666471014243e+00
1.521618712441145993e+00
1.843923922260644943e+00
3.057014950282751720e+00
1.869732907127398480e+00
2.519937462093558622e+00
5.262719424458460971e+00
1.304165238592896792e+00
5.667355009040888625e+00
2.458110126700290277e+00
7.959150356521683456e+00
9.906340447918578818e+00
8.899764573998059092e+00
2.172234289177625399e+00
8.735266892573797293e+00
1.673636115851133033e+00
1.649579879416227080e+00
2.820795649787859904e+00
4.155599764579509525e+00
1.357606985942931388e+00
6.278799831007140675e+00
4.187082511277465890e+00
1.730043085507741107e+00
1.742126107747724584e+00
1.187384598646311140e+01
1.121120413244533820e+00
1.694000031319770727e+00
4.707349460689258080e+00
1.346583715826945804e+00
1.863026251011013601e+00
1.546578074103377221e+00
4.224832140495561106e+00
1.814963825380716766e+00
2.799894607471439922e+00
1.669098274627688339e+00
1.320960454842096565e+00
1.279494792808308690e+00
1.755081876566420451e+00
4.275585633304335609e+00
1.304450967820174334e+00
2.615134783782295358e+00
2.031442148613059828e+00
1.169837665761328527e+00
3.743566228217072300e+00
3.007162840441410356e+00
4.117402350491115470e+00
1.152040059822388995e+00
1.188547605778303096e+00
3.172061453564352540e+00
1.356937893503124437e+00
2.775398034766752176e+00
1.474340802931185745e+00
6.636286798833311629e+00
1.854267344613169222e+00
2.665683350433182053e+00
2.132067731234879915e+00
1.616250139026085719e+00
1.626056404931831567e+00
2.063523703348095761e+00
2.146056914910582147e+00
1.977434109971485832e+00
2.037758964614048374e+00
4.265587119801984017e-01
9.528814071819550202e-01
6.085384549934448550e+00
8.022416652101762580e-01
7.378876303618981947e-01
3.270768482494414542e+00
3.477053842913359283e+00
8.648711232409850069e+00
2.843970073240615459e+00
2.924608479227161606e+00
4.529339912034751947e+00
2.896622390245600087e+00
2.737623850378668067e+00
2.718635037390192633e+00
4.206426714400897993e+00
3.094180422597463398e+00
2.556085780302734811e+00
2.719743786734928115e+00
1.104429179920585424e+00
1.281991067746082402e+00
4.065418141654890682e+00
4.268512229645619271e+00
1.019256369220700176e+00
2.951851666846202260e+00
3.577356448445305759e+00
1.430386100675331562e+00
1.499354273649939451e+01
5.904685036431729372e-01
3.042380444957434538e+00
1.276761609419084786e+00
9.841272695792675496e-01
5.152589914842924834e+00
1.684979624202372683e+00
1.379376866819586489e+00
2.851291689451785238e+00
2.160628883490764984e+00
2.391316156490935096e+00
2.714854389459576023e+00
2.658395325536980103e+00
3.936727988117381560e+00
1.198357436444520641e+00
2.881311139146668143e+00
2.410637710979298021e+00
4.833545938205256576e+00
3.037053329181132355e+00
1.090104159113307825e+00
5.010896589935335044e+00
1.738645026316984366e+00
7.676632269646291640e+00
1.862317251918128136e+00
4.023755794958354670e+00
3.812540591153317671e+00
1.295948528369821107e+00
8.125322477272168831e-01
2.248468462045273952e+00
1.515139157950683879e+00
1.383976707799873695e+00
1.212834516313000766e+00
5.894132893356140102e+00
2.249620965032478548e+00
3.568428816861769715e+00
1.546542201884595125e+00
9.197606096371099271e-01
1.232030409876233801e+00
1.884477695625016214e+00
1.952570984369876639e+00
1.204608114395581131e+00
1.802175049710706300e+00
1.373490664666190186e+00
1.853805594187287964e+00
2.841790620704133019e+00
1.176679156989067998e+00
2.156946168492696270e+00
6.274946874737503677e+00
2.301271723140361214e+00
2.268340790006152297e+00
9.387149557943774703e-01
1.468256442794954930e+00
1.632589390405460250e+00
1.644683683991474465e+00
3.466151921046646933e+00
3.542624082397229035e+00
4.154503158211815261e+00
3.463302298925843736e+00
8.275697540306209410e-01
2.275936009418344064e+00
3.112511981222117363e+00
2.900756422821781477e+00
1.898626650672382787e+00
3.219557920569572573e+00
4.430119521238178315e+00
2.387397347307273154e+00
2.257970577136917623e+00
1.310390647840031564e+00
1.533161865051572592e+00
2.808803863937396450e+00
6.154809174200769561e+00
2.251527880754400801e+00
2.217416030210245470e+00
2.832293623963972884e+00
1.344927784227472500e+00
1.763144173273013537e+00
1.949467601316075216e+00
2.275975100659338057e+00
4.226559544081204933e+00
2.299857846881881329e+00
1.219927170287637308e+00
1.856823210649518829e+00
2.255650805446975937e+00
2.972452605224634503e+00
1.409887022707067228e+00
1.566481543211192040e+00
1.399228035547978921e+00
3.180064955647752711e+00
2.021035544668954298e+00
2.124274510267933902e+00
2.833544780991193779e+00
3.116204066575268605e+00
1.469392887769533029e+00
1.897561392471778241e+00
3.722350615748217351e+00
2.500926958003002021e+00
2.124827753211472992e+00
2.703860903587969489e+00
2.098026069648078806e+00
5.649378156152903285e-01
3.366878928237309054e+00
2.637281979492700934e+00
5.144226468865443991e+00
2.602888250982321239e+00
3.894066704242324040e+00
1.291882734163490642e+00
9.996879607660271727e-01
1.099745169212933149e+01
1.286507315609243740e+01
1.330044805695787646e+00
2.611208627088723588e+00
1.916801370966826124e+00
3.317372484305286306e+00
2.180626207670705696e+00
9.226992547084668317e+00
1.360144400856465818e+00
3.098299276544103975e+00
4.483990558092572520e+00
2.054952780240073551e+00
5.020022615091032314e+00
5.696251874567801465e+00
3.222264085091156360e+00
1.056752881615106388e+00
1.452042466184717773e+00
1.457971678747306710e+00
6.929653504308705969e-01
1.813970613356531425e+00
3.153736142450059621e+00
1.870940903217189533e+00
1.369884912144256894e+00
1.648685221370335352e+00
3.996849678756440483e+00
8.241443981880490099e+00
2.107184441965979538e+00
4.806162829079195120e+00
1.988764314168561587e+00
2.186307244225001334e+00
1.386725516267586222e+00
2.801210807296127037e+00
6.230576251480193228e-01
2.499275561844816362e+00
4.090761347802223113e+00
3.448801325454346145e+00
2.055645287756043604e+00
2.137523310995979031e+00
8.614567185721926368e-01
9.468988007785414940e-01
2.222629228211077557e+00
2.654026533596623771e+00
9.891248034029119784e-01
7.739525053468104154e+00
7.809029562050504580e-01
3.318153697195921570e+00
1.885066578499564161e+00
1.876028251800721414e+00
2.693225891583054032e+00
1.890321802243074112e+00
3.503768220378826292e+00
7.579606016019622139e+00
1.905476081099692909e+00
3.822464174616309052e+00
1.748455430862829285e+00
1.836933965485668674e+00
6.896211229001482756e+00
3.906075443595316887e+00
8.249427833167057855e+00
8.642771997151189600e-01
1.031756644788887733e+00
5.188040702550740235e-01
3.390827842824215566e+00
4.799161312437975724e+00
1.156129725068422820e+00
1.498818266108062902e+00
2.691392897383960481e+00
1.774846081968551870e+00
2.080625209277455312e+00
2.474922065092185264e+00
1.874906165003077385e+00
9.037791065412749125e-01
1.720201533993550802e+00
2.333013858321488776e+00
2.819707937233008721e+00
1.115462149018556115e+00
5.007711867563096497e+00
1.799341754418489092e+00
1.169980661437053149e+00
3.301681243488382655e+00
2.342903295113583972e+00
2.865720334720027740e+00
2.844840348251038264e+00
1.722482553940139605e+00
1.106964676492096400e+00
2.449483925764652792e+00
5.337973429282553361e+00
2.964308419822884844e+00
1.992179514100888893e+00
3.286038242495354922e+00
3.016199250409750565e+00
1.490782666780117838e+00
1.986781692977241942e+00
4.243450554664600638e+00
4.203165251931313406e+00
1.539593235090567447e+00
4.519784037520456543e+00
1.426610004172600643e+00
2.904781624497323911e+00
2.714570461561194747e+00
5.387007739286085339e+00
5.932405537418390828e+00
1.667701226257919833e+00
3.219355569133521389e+00
1.449697634084064157e+00
1.106716707194228277e+01
1.819543899219256300e+00
1.381075822736358649e+00
2.705249934160644187e+00
2.079328364616136682e+00
9.643210564267230556e-01
3.199858860913084690e+00
5.518581623042163820e+00
2.681393527272160515e+00
1.219316308855976194e+00
1.261229130833904311e+00
4.768917963911313507e+00
2.622887875287959858e+00
3.469281204892471493e+00
1.295993643374034887e+00
5.823362328757424322e+00
1.841931957793320196e+00
3.819959051146841755e+00
1.933719450768217163e+00
2.032102448735943589e+00
5.178465484234570093e-01
2.170500458012262879e+00
2.944674666865230606e+00
2.387436484388982372e+00
2.289070682909819521e+00
1.996098799035811666e+00
1.490918076780628931e+00
2.292606400265603472e+00
2.615939301295730601e+00
3.245368463212765953e+00
3.103097922089821381e-01
4.832546722245282922e+00
3.266746562091042971e+00
2.758134596235219504e+00
1.121422940907513377e+00
3.258696931041017208e+00
1.734790622549936101e+00
1.140828322792713845e+00
2.710979281114002770e+00
1.926986314576285109e+00
1.367201002661033504e+00
3.136860232243734004e+00
1.462393292479800211e+00
2.254712335281498170e+00
2.761866162938905855e+00
2.284468086502532191e+00
4.435190692658328993e-01
3.353450335526391157e+00
5.681399258755947201e+00
3.629283179897145217e+00
9.198130747618082914e-01
1.799848366930166810e+00
5.583617652153787247e+00
1.192632097146211434e+00
2.353322144477794531e+00
2.717708853637577970e+00
3.311225255905853260e+00
1.586295872148446806e+00
1.596578914667857285e+00
3.758535971772179796e+00
6.600171008566109165e-01
3.099162136392140887e+00
5.147361364267002415e+00
1.215739068224451991e+00
1.331360782398862241e+00
1.641009500134814614e+00
3.548625532804142946e+00
5.023003480337949078e+00
2.305120391065192287e+00
1.978089809494718132e+00
4.299759087504955168e-01
3.530255172901172855e+00
2.788988728431426978e+00
1.829524149675111122e+00
2.861714287327866479e+00
1.984905867591905793e+00
1.293392465950569781e+00
2.008506021836203637e+00
1.518501881107784168e+00
2.938069039576847619e+00
2.607811329551922519e+00
2.444326062183122872e+00
2.946157236827456227e+00
2.898038257539992557e+00
1.622926492734689807e+00
2.175118820680777443e+00
1.819569191490598037e+00
1.711811568487969115e+00
4.811259930923876382e+00
3.266032470205141980e+00
3.217581528330219598e+00
2.854361163155785253e+00
1.536858010359827720e+00
2.545866984756076423e+00
2.854290853736797473e+00
2.930237241519989766e+00
2.169251665135678575e+00
3.632745441647748930e+00
1.711942814220747788e+00
2.699016766637488907e+00
5.037499770864164006e+00
1.723932339130980651e+00
2.578571239994241981e+00
1.947857615414911203e+00
1.024262594637385337e+00
2.331886789923650838e+00
1.893402359965922210e+00
3.584691820217448477e+00
2.087271915994802107e+00
4.715182287877154876e-01
2.262561504305415472e+00
3.471703269113414425e+00
3.485076470594948628e+00
2.465558322259817192e+00
1.928469307249507825e+00
1.889488209497330651e+00
3.572387477958978153e+00
1.373817052483239154e+00
5.438662202655896394e+00
1.793457621123313306e+00
2.570949335919363143e+00
1.563490641372480727e+00
3.734309836872701016e+00
2.374351424084493623e+00
1.844889510328098448e+00
2.757785974623040648e+00
4.609579457524151103e+00
2.254916434073389819e+00
3.268605615199204895e+00
1.900816440748917868e+00
2.937765823453034386e+00
3.143433599057273042e+00
2.047072280210028961e+00
2.917466668063135593e+00
2.206672183194171577e+00
1.699166995502230604e+00
3.134099083800274688e+00
4.082111504046232575e+00
3.410160849946519690e+00
2.161490983541799249e+00
3.216366592451176842e+00
2.634131033222571805e+00
1.190991378842993331e+00
2.166111451551254952e+00
1.872733302721616422e+00
3.670027007814485653e+00
9.016052730986939823e-01
1.760442308618542118e+00
9.934061600523408364e-01
7.448824048162366873e-01
2.826276258622791637e+00
1.546051885999107478e+00
2.641164216025032374e+00
2.301423206051544046e+00
8.273365011726300233e-01
3.891988414420166631e+00
1.197445761240184092e+00
2.987890704720386204e+00
3.119744767669576202e+00
7.784400908570594524e-01
1.972012716502734575e+00
1.708846695774905777e+00
2.239893918473614853e+00
2.760059299260213095e+00
1.339633711351749579e+00
2.409618384738318575e+00
8.561708550385102257e+00
6.016120681773829304e+00
1.807485709838947852e+00
1.608775688173093688e+00
1.048121223679502911e+01
2.456803729631722888e+00
3.653603915620077913e+00
3.348542922881915906e+00
3.290070265499511759e+00
4.078965678935389860e+00
2.078430917712129844e+00
2.351283405403740367e+00
2.239794461737157683e+00
2.500064005249272636e+00
1.730739373183956653e+00
3.193194035909048267e+00
2.254956576872548801e+00
2.270835868089153387e+00
1.486776146517804875e+00
2.335628855689277472e+00
4.156685855000437968e+00
9.615634363671659024e-01
1.563391095984722812e+00
9.249618775245412650e+00
1.521261254782517280e+00
1.964544306810305452e+00
2.492880739650843669e+00
3.590457762150227161e+00
3.547775242806142426e+00
1.427862512804839445e+00
9.661117641974147352e-01
1.048285842887314745e+00
3.239474100251749533e+00
3.440571761028358821e+00
3.704577472526329185e+00
1.021936547612876778e+00
3.908222838996663562e+00
4.004714438540151633e+00
4.350156534864044744e+00
3.635427570682798759e+00
3.776582165485115272e+00
3.182789313626649630e+00
2.461788144525326238e+00
1.993653926158165168e+00
1.007493133505099170e+00
2.929350184535448598e+00
1.553478122068040923e+00
2.727753233118645593e+00
2.903609708096146491e+00
1.617520731837594594e+00
1.330309854050252483e+00
3.347717643370459406e+00
2.719750081548412801e+00
1.339596946294520974e+00
2.014065653525969779e+00
3.896583587557326478e+00
2.828375451023537934e+00
1.101367289753718337e+00
5.485190429720490535e+00
2.004330497625804952e+00
2.678803625202789807e+00
1.842621499470333601e+00
4.739763252649301428e+00
1.870332954074393594e+00
1.386904071355714807e+00
1.187646964137233585e+00
1.469492248744989071e+00
3.922736296081831053e+00
4.019542548331676457e+00
1.259110625542407158e+00
3.441959064804410162e-01
2.711413755565469152e+00
1.526895990984908913e+00
1.692117020028579777e+00
2.752235623862874903e+00
1.165821134983649365e+00
4.634490618304929477e+00
4.107987100354357324e+00
1.399567959244768955e+00
1.645877427664397707e+00
4.312362553320486569e+00
2.592221793491419901e-01
1.954838462017886913e+00
1.435509968768615030e+00
1.915229868621525666e+00
1.928277846902652914e+00
3.088545615930541111e+00
7.991515277417171603e-01
1.550709839248140653e+00
2.397552205075726750e+00
2.238260949058031635e+00
2.771428268336244116e+00
1.555701468728617698e+00
1.539722876383427419e+00
7.107934426563441432e-01
3.657185607198508492e+00
2.433200460504421514e+00
1.059538890128590483e+00
3.409340008931893706e+00
8.923220985487496648e+00
1.462272991594331106e+00
1.829364909927728267e+00
2.661210339030211980e+00
3.801128715086461440e+00
2.493272654654643095e+00
1.941321683976501067e+00
4.770309274076030448e+00
4.219841212310587508e+00
2.204665850472194766e+00
1.454983637607762281e+00
2.424709204971411847e+00
5.007239749084290814e+00
6.612726700269145885e-01
2.784590979541563538e+00
2.637326563122373013e+00
2.992046630908386184e+00
1.090333117038302380e+00
3.955706148783916909e+00
3.677540354697915514e+00
4.151236206243347659e+00
1.508561856662966161e+00
3.435422102952608192e+00
2.836042927160438154e+00
1.384525529121678478e+00
2.001222199189362172e+00
1.617481336356487942e+00
1.256219374283763290e+00
2.033194343463174292e+00
2.100371450551191010e+00
1.388481944190199657e+00
1.538913002668027774e+00
7.162176085362156108e+00
1.565855008985902685e+00
2.844952660327225491e+00
3.125065469793502970e+00
2.340820669426575407e+00
1.859378736884278016e+00
2.896817964871377882e+00
4.515153137227030378e+00
4.677077607879422061e+00
5.499807633706559784e+00
1.712287884647198943e+00
3.722954231528142977e+00
5.361566626503879718e+00
1.913162819871414122e+00
2.549527442754787820e+00
3.196859333608353282e+00
5.219137193455882340e+00
2.739184239141849719e+00
2.575004562370076133e+00
7.382569768810619548e-01
3.627784445224916166e+00
3.740411389656351560e+00
1.239983641519839308e+00
1.979100091586631471e+00
2.217960717908728618e+00
7.720372250154936555e-01
2.555834113016321130e+00
1.857213795098095366e+00
2.519844533643819773e+00
1.850916967509753874e+00
1.383551155916252329e+00
1.915932255178971921e+00
1.874773781049105192e+00
6.534166284115704215e+00
4.373467799799523270e+00
3.211359891039449188e+00
6.196024913390526523e-01
4.463179309683669160e+00
2.464114857907539591e+00
2.813481935234093179e+00
5.864771500851023056e+00
7.582153715790473925e+00
3.264904181119329785e+00
5.958321309673531019e+00
1.523305385380747223e+00
2.012460046061382624e+00
1.853645224892563670e+00
2.341982832909807577e+00
2.537868366116062369e+00
1.359059572445511455e+00
3.545924415109467098e+00
4.535642651849240536e+00
1.648022227890944214e+00
9.616895078447778022e-01
4.303197708188264414e+00
1.608031789398193245e+00
5.249102794176534026e+00
1.095293631385992450e+00
1.955140331436192813e+00
2.133285455894823990e+00
2.281820448143195623e+00
2.708884520200101509e+00
3.244076795935029178e+00
3.461016958213702921e+00
1.540049573098640767e+00
3.404462388927725680e+00
1.756571592804439419e+00
6.011978377733383283e+00
1.630245319953960603e+00
2.089833248523928155e+00
7.213225003940444413e-01
2.312958852467192017e+00
2.455086654277451430e+00
1.610523799600276584e+00
6.618483197124852557e-01
7.032053334176873172e-01
2.674926489693872700e+00
1.850767468859747744e+00
2.970293398445547517e+00
9.683985130403314212e-01
1.444047647224781183e+00
3.636571812038312146e+00
3.346034652214209704e+00
4.254610459201153105e+00
2.296973835977476952e+00
2.190441372714732271e+00
3.776211474879930474e+00
4.361274025382940955e+00
9.451337116887136292e-01
3.754292417368749302e+00
1.785094230038798857e+00
2.825846386885169537e+00
1.439360863400336754e+00
1.989488277264431337e+00
8.611813641757453119e-01
4.867264148623538844e+00
1.434516022279054948e+00
2.027804787136144427e+00
2.733080861024119734e+00
6.578531978649899692e-01
1.767126318692803455e+00
1.807738876780274895e+00
1.083002842074542338e+00
9.204298289671913880e-01
2.240693975837783292e+00
7.947280988490440512e-01
2.048334973285045990e+00
1.062316693934344691e+00
3.885776085257442780e+00
2.413709558208570805e+00
1.004115020164093597e+00
2.666409719184565930e+00
4.789140362402348750e-01
1.515180255984073243e+00
2.058847979827841179e+00
3.285170144283344307e+00
4.362750511962745215e+00
3.139544783578437581e+00
3.969392830820773099e+00
1.262048072083119754e+00
1.358916706567665500e+00
8.970756999609893478e-01
2.221596095150478511e+00
1.307829780670050512e+00
2.451870620339020590e+00
3.576956308478753233e+00
1.931480459480081846e+00
2.188294029133192264e+00
2.069228344927018348e+00
1.378626834013801483e+00
1.559859951241351794e+00
4.609680449442578265e+00
1.889251487330309454e+00
2.671754652146385745e+00
4.609566676657541606e+00
7.133380739115698921e-01
2.143404691612267765e+00
4.729462242190928478e+00
5.379084335181227416e+00
2.776393119009646693e+00
2.420264198581214998e+00
1.359095164880828488e+00
1.263100157370132370e+00
8.761807628587150454e-01
1.353580747954781005e+00
1.856063939503419302e+00
1.098679989758747588e+00
1.654586322074887539e+00
2.268066208664060834e+00
3.638021122380417971e+00
3.751362500210143835e+00
1.759723076367502470e+00
4.037291930774681070e+00
5.096877765307119112e+00
5.601447140109142353e+00
3.234569498349545214e+00
1.677919477124697911e+00
3.356161695064399098e+00
1.767464413178152061e+00
1.315957483922806981e+00
3.301954156002156804e+00
1.701500638001029575e+00
1.532868295398148284e+00
1.488727623803961730e+00
3.156798814917630480e+00
6.618650123078692715e+00
2.423477759528293252e+00
2.183538895331652352e+00
6.243611834854689846e-01
8.193870987031831588e-01
3.118513329626886321e+00
5.777283385310557629e-01
2.856944541791084369e+00
2.564169591180602392e+00
1.738287611480461292e+00
3.957569792458946356e+00
2.231421340819911503e+00
5.819337746683004298e+00
1.557709164050766981e+00
2.399285646063439081e+00
6.195661875161157184e+00
1.984982637524897564e+00
4.252815747039020877e+00
2.383701736615221112e+00
1.225875042690911743e+00
3.184131333853145840e+00
4.169960421217659530e+00
4.014414335014167889e+00
7.376838692553822519e+00
6.449347888033398757e-01
3.243487036606648388e+00
1.461339596035491795e+00
1.633455646228123559e+00
3.969212751813105733e+00
2.375040595830744117e+00
6.580939631764493924e+00
4.405805755686978742e+00
1.753018819212659674e+00
6.518003833152869575e+00
1.232434201360094628e+00
1.392811224317537011e+00
1.206385561678240848e+00
3.105257590026210490e+00
2.527652831206646855e+00
2.531879076468436907e+00
8.074188572711577194e+00
2.848876135697110179e+00
3.800853796082837910e+00
2.194697806318758548e+00
4.131253037764614611e+00
3.887060351989953144e+00
1.516315116655975626e+00
3.547109587505561379e+00
2.032444968536390562e+00
2.952499955593164582e+00
2.340646685805628291e+00
2.067040866139535193e+00
5.311184258047727980e+00
1.453669442019349445e+00
4.274639691945839814e+00
1.664016664325669081e+00
1.384609051078151465e+00
1.652586227054043455e+00
1.674884512438915118e+00
9.746978548637628137e-01
1.020061477696343255e+00
5.526401854992925022e-01
1.324311037119734413e+00
6.381209098290426596e+00
2.176076490764859983e+00
2.215140370546871296e+00
4.533472397136796062e+00
3.805429704997019158e+00
5.638829796219035018e+00
4.395273979884812832e+00
2.885918536391834710e+00
2.851325672546181522e+00
1.091542061206111081e+00
1.482603576280224766e+00
3.755811127943617933e+00
1.879138612585727452e+00
4.526600575813978899e+00
1.625369105880894116e+00
5.479479876675608097e+00
2.357856234541512386e+00
1.444746296288086151e+00
1.834277132927618847e+00
1.007761152297784735e+00
1.939342878132109371e+00
4.557563136007242832e+00
3.659163278964363109e+00
7.175224572480694007e+00
1.694894424090845009e+00
1.142458336504574845e+00
1.633133095858548600e+00
1.506953591827722594e+00
1.447499317055734425e+00
4.566087718694159747e+00
1.195686654491178391e+00
3.228357440386052879e+00
2.121531506613234530e+00
1.080273242842555881e+00
1.039082121943802672e+00
5.005663586444384805e+00
2.186996115547800379e+00
1.784465636227856811e+00
2.770491492184100846e+00
3.472240014921900375e+00
1.460151479799238761e+00
3.244203654337346254e+00
2.416807964892874416e+00
1.622398738935960871e+00
2.031827649457677243e+00
8.131701230247535550e-01
7.967327930951354276e+00
1.653575487205217076e+00
3.370083718099859738e+00
5.499247223193399314e+00
3.034297866238279351e+00
2.718781374302916998e+00
1.810536567947329534e+00
2.444484856951737228e+00
1.445848791152912316e+00
2.422934519017923449e+00
1.952684136533800352e+00
2.654566315082393935e+00
1.152168384483385211e+00
1.269877854759120517e+00
5.830095113711125876e+00
1.578315004225316676e+00
2.145556865461977214e+00
1.542578240424568037e+00
1.242203915063071484e+00
2.735389242971900003e+00
1.139092056625177651e+00
5.749233819851788496e+00
2.092877029826836210e+00
3.536400632573363012e+00
2.775522307210964712e+00
3.460174776486910631e-01
