3.699543003212968806e+00
9.287937134149863994e+00
2.111668515740280583e+00
3.493901658162260837e+00
1.841314795072495736e+00
5.530433874078847012e+00
2.176267399531711888e+00
2.660563854588697374e+00
3.355475080741459504e+00
2.975586307569143774e+00
1.225201516727195461e+00
6.515697958862834760e+00
3.425309099900028187e+00
9.452132096687799745e+00
2.225976433558136236e+00
2.143452507307248567e+00
5.167724612238104420e+00
1.682826370827935847e+00
4.247623109100524985e+00
1.911070601907409516e+00
5.842510719553811072e+00
7.042622859919463352e+00
2.078631682133704750e+00
1.625259853699353885e+00
3.025391554948031914e+00
1.873076976873992994e+00
1.501489065681299140e+00
7.656464907064474801e+00
7.944207944886524153e+00
2.887958656485936082e+00
5.463606307817923113e-01
2.298787040413813543e+00
3.060390922935291691e+00
4.124765598284772850e+00
1.169247585513825571e+00
3.819771911741105086e+00
1.912793757262878369e+00
6.340725838925894031e+00
3.387016594673581960e+00
2.887959815384583351e+00
2.973789224882231519e+00
1.925618297140058832e+00
2.295423413785701250e+00
2.684520878178446424e+00
1.181092704913408298e+01
1.247032842689209176e+01
4.550375871279423556e+00
6.685459259723199210e+00
2.269465394490749688e+00
1.166332192602308382e+01
3.149447397768397217e+00
8.385846550824075152e+00
2.601111404338090516e+00
2.094587749482200500e+00
2.237232570795237407e+00
1.704551410699885583e+00
1.334725033339171363e+00
4.316266797052422888e+00
5.164842627671204944e+00
1.169991052539170129e+00
2.645620781802433097e+00
2.256997719384745693e+00
3.368067578487849101e+00
2.334385086968616907e+00
9.499001160199489036e+00
2.890358578195821870e+00
3.525865978836956849e+00
8.803060023339160267e+00
2.861334787478083896e+00
2.548451333501251526e+00
3.181194322822498144e+00
4.914690467266069618e+00
5.409197023274183280e+00
6.441464474144574126e+00
1.008499916306535127e+01
3.863415358607057648e+00
3.592080497093625979e+00
1.522481139708985465e+00
5.791313518111471659e-01
1.263748516908535624e+00
5.537356119000961030e+00
6.467062490000978769e+00
2.429550799813415374e+00
4.912938516132235200e+00
5.392722378806023009e-01
3.708717954829258812e+00
1.480030949678829533e+00
1.412765080276191298e+00
9.379848178220827393e+00
9.521935299749506143e+00
3.922537916047441175e+00
1.714422662489697657e+01
1.100757767681338883e+01
1.626800637422137896e+01
2.991260902299070157e+00
2.029651542456619051e+00
5.381785507252768497e+00
4.945781057698984462e+00
1.949205039239840342e+00
4.267860733120199868e+00
3.350281463188665931e+00
9.536600869827088767e-01
3.476993197504237632e+00
4.704845545064707757e+00
6.579209630829449651e+00
1.331751386818562199e+00
4.983365951284734585e+00
6.245806860036532626e+00
1.575979596205711264e+00
2.245507537225791772e+00
3.142557586639159517e+00
7.916508251356232151e+00
7.537589064281927875e+00
1.597407769175346548e+00
1.262665366373114928e+01
4.492575441391544189e+00
3.634031039648585093e+00
3.027228753717844612e+00
1.127758687348901390e+01
3.081842982932434527e+00
2.342481579927289115e+00
2.396789899332198548e+00
1.198483394098962052e+01
3.330795737700726455e+00
6.395551133216925699e+00
1.787981048822123942e+00
6.721881496652329924e-01
4.436166443329707221e+00
3.591852874222809522e+00
6.324795412597252309e+00
2.902760756070262183e+00
2.892177390428500416e+00
2.276104921167923401e+00
6.392874704456531276e+00
2.489378434485600255e+00
6.242628867375483281e+00
4.290027915695228344e+00
1.079191225420830591e+01
1.469815732132558228e+00
7.799648102577133812e+00
4.183829559166190037e+00
1.914906746977669050e+00
2.292385603517838710e+00
6.044923131503237457e+00
2.296667086403409552e+00
3.361501254935759686e+00
3.074315792962269978e+00
6.256881162397420759e-01
4.496123824360128474e+00
5.988610096762125856e+00
4.031583902167493960e+00
3.329243650219841033e+00
3.784134704498464341e+00
9.023750953563865806e+00
5.941662419474985413e+00
2.934909295136987062e+00
3.519290214498419278e+00
9.482155472198490642e+00
1.331524479251249282e+00
1.107423458125977644e+00
2.517940881655786001e+00
3.868668424277634799e+00
6.026361865234293624e+00
1.021286444366119639e+01
8.383731783815044025e+00
3.084766200392266899e+00
4.653307951953758348e+00
2.559884172332656416e+00
2.203375371946908690e+00
7.467696933645971313e+00
7.007045688589542465e+00
9.400955567770237664e+00
1.718815264447691504e+00
8.353358535154086439e+00
6.961037172974411824e+00
1.813938350712482439e+00
5.635500484884833128e+00
7.208131166242425891e+00
2.857988927506609933e+00
2.988489190194019596e+00
1.215827784586855920e+01
2.605795039481729525e+00
1.692066950074462506e+00
1.513780737035146373e+00
8.138251950658496270e+00
7.952758349724940778e+00
1.750399056894282435e+00
2.598869578920395718e+00
5.588050751412174222e+00
2.772967395411033209e+00
2.325591212067461555e+00
4.851176776912291544e+00
4.967674662487120862e+00
3.329770588985718316e+00
4.343877646330200903e+00
2.590046629409055612e+00
9.685493105165411620e+00
1.185439541600376900e+00
2.096391747566929808e+00
4.516337918937463947e+00
4.144781706651629705e+00
1.763614041268681154e+00
1.134820310478718497e+01
2.124670192031663962e+00
8.913329029454933661e+00
3.485055854862197489e+00
1.002983661724150100e+00
5.282371465529511312e+00
4.997402861449073974e+00
3.825612834637406756e+00
1.998973686258271876e+00
1.549740945708020234e+00
3.998604306866103908e+00
2.715625602544137429e+00
3.467214454079691421e+00
1.577710904636275835e+00
2.964012867201019752e+00
1.449188872934609407e+00
1.337471904337026674e+00
1.914483115036137661e+00
1.531990067743295159e+00
1.769147690163356934e+00
3.271787111949905569e+00
1.828697145585124195e+00
1.215311559069955250e+00
2.354384171161910899e+00
3.411113388058900409e+00
8.133336705979534287e+00
6.453623381628116107e+00
7.803307490390055889e+00
1.586414614739266371e+00
4.725452302818824002e+00
5.074845444769382929e+00
3.777785444748218868e+00
1.093388881125499879e+01
2.943472063915546499e+00
1.038661219224206000e+01
3.695347740365512834e+00
3.340969379727393829e+00
5.028863146443931953e+00
5.132795421276870051e+00
6.934051665312857438e+00
2.921227062823174681e+00
1.175952816493997943e+01
1.348735384910506596e+01
1.937222956861355705e+00
3.005812980194445760e+00
7.979934554096422161e+00
1.998396245843293428e+01
3.511479128463572685e+00
6.999808946153737388e+00
4.362473875429894399e+00
2.141365366725503261e+00
2.069723426406540945e+00
3.049232089246894262e+00
4.451054415209364734e+00
5.400257978267104519e+00
2.979518847334818865e+00
3.293057253295874620e+00
7.366360890866050504e+00
1.953884072934496619e+00
4.444972287693681245e+00
3.599645846589635489e+00
2.866515444831473136e+00
3.811707175859959662e+00
7.508334823173575145e+00
2.190040871697668479e+00
4.798118187330212336e+00
1.358069657810568742e+01
3.602032715893843662e+00
2.501918273615241439e+00
1.375768403152967556e+00
3.826012338337329233e+00
6.387554044368344286e+00
5.435574754546107279e+00
2.100023231536033208e+00
3.932256807383764485e+00
5.181336901715221543e+00
5.383804558458566092e+00
8.476752756385153020e+00
5.283812894991534392e+00
5.339807737559728373e+00
6.093433893552316682e+00
3.469566024472423571e+00
6.688000062347600583e+00
3.056725474846425872e+00
7.300638147730466265e+00
2.252500976925042142e+00
4.358034025740585626e+00
1.025511805051321224e+00
1.473771661493252338e+01
4.813581375646803551e+00
1.733302148671679532e+00
1.229221286439726946e+00
5.181963603129029039e+00
1.520900105312626538e+00
3.916975767279812004e+00
1.033694735296633560e+01
5.707109492524898187e+00
4.396007663349219108e+00
4.707306230281093740e+00
8.569718762490650121e+00
5.352660044801471173e+00
3.227956445711630540e+00
1.754732247841113146e+00
4.691506461872956280e+00
2.272991966901043881e+00
6.572729834197839516e+00
4.373918185633052680e+00
8.827292457093117051e+00
3.585688020565264367e+00
2.425923279931405219e+00
1.175517514335466140e+00
4.975518916439878758e+00
1.848827355387373084e+00
7.095696926957692163e+00
3.731555373267908760e+00
2.203063745351427016e+00
4.359147014573409251e+00
5.680406210259739019e+00
7.881657886408694580e+00
2.780009564758326057e+00
1.470418488543832058e+00
3.629329395129834879e+00
1.409990356780081111e+00
9.320681957034338438e+00
7.903716369233287686e+00
1.965241987231967080e+00
4.787049059154998787e+00
4.084600637353847929e+00
6.847557213207609017e+00
3.844603792990230140e+00
3.188188202555938044e+00
1.713747346363327928e+00
4.769773968248014029e+00
6.982883195129311993e+00
2.479314249736206843e+00
3.179043483174944562e+00
4.758328866469312857e+00
1.461385006562078592e+00
4.055083449176748900e+00
2.476974019345932199e+00
4.227295270070442257e+00
1.155128562892036470e+00
2.841007715971736847e+00
4.159083786690099593e+00
7.569169717223851457e+00
5.378610081241296470e+00
8.523601722109949819e+00
1.251071160312972941e+00
5.678767725234219910e+00
8.463065572702531014e+00
3.592097597126310937e+00
1.300508541439665988e+00
7.163773904001502046e+00
2.465408885613094903e+00
2.776457977277002165e+00
5.614993808941076026e+00
1.076166058073875398e+01
4.948945407740952263e+00
5.474494998644077626e+00
5.229947815128289434e+00
4.888614608103146963e+00
2.468055793743309856e+00
1.019837526265013850e+01
1.761615430702919260e+00
1.261108256870320021e+00
4.598434025748313836e+00
1.457094355230639460e+00
2.576328415616343293e+00
4.225894918227223407e+00
5.151435237012778501e+00
1.891454541876420592e+01
3.094512351666470984e+00
2.684384906873431120e+00
2.068998631237382479e+00
2.192309214585168586e+00
2.899224376158842098e+00
2.821487156258507767e+00
3.027016141188831888e+00
1.076086510567842769e+00
3.564312455535616486e+00
3.445729232618172322e+00
3.136267342466730224e+00
3.716275555199627156e+00
1.811001620667760603e+00
1.025117177177634886e+01
2.179027878401543994e+00
1.878543001497217979e+00
2.109474784466604191e+00
1.446788842935439856e+00
1.257917565282722361e+00
8.795037258449388773e+00
1.876056194930723509e+00
3.870103241546112294e+00
2.013516523486538645e+00
2.650503198941395411e+00
1.810503457645896486e+00
2.620933861646214780e+00
3.719862595571830965e+00
1.854405711393616540e+00
4.668841644138305824e+00
6.200922887309665121e+00
3.307158023296896232e+00
7.254179179926488530e+00
2.558411978548096766e+00
5.043702294324771351e+00
3.575206661001950170e+00
1.617238158829624295e+00
5.906844774721355940e+00
2.277572485810746450e+00
2.898649225153174136e+00
3.030249492118544996e+00
1.186158902373457114e+00
6.019620887254124142e+00
6.737340304194134433e+00
3.815490685366610180e+00
4.325469723681837131e+00
1.871413158518062669e+00
5.758309541265871800e+00
3.489392900372362050e+00
3.986383702690544428e+00
5.333867811219962007e+00
3.551074705691132927e+00
4.355165964224202213e+00
1.860752101004243819e+00
1.378781781101238124e+01
7.965323645916985162e-01
5.096300711270223438e+00
2.313089847062178350e+00
7.879601467700163120e+00
3.788137203725628233e+00
4.419327001249356179e+00
1.388897703317564458e+00
2.213502681175965492e+00
5.344047889370683535e+00
4.962604915055599974e+00
1.089760640353167442e+00
2.548978275824756334e+00
4.133103991615724837e+00
5.089362007804231425e+00
2.988796522076627493e+00
2.597145283573360608e+00
1.263867090225584811e+01
9.516478275777338069e+00
4.793924026637089497e+00
4.269391723037514907e+00
9.794826009381891296e+00
3.658382793932598354e+00
2.478149661132426296e+00
1.396341327331992233e+00
1.104344530981204286e+01
4.532649439382226753e+00
9.812710428009385311e+00
3.149702947231270755e+00
7.593971032160210521e-01
3.333274416399356621e+00
1.342294721324751361e+00
5.364556916452350777e+00
3.399021343985316967e+00
7.084250152110531218e+00
3.950684186024030264e+00
2.523646944421467531e+00
5.569089475940335099e+00
2.687473085346993251e+00
4.352408890221069804e+00
1.255469062123934609e+00
4.503947948469713580e+00
1.919234514282549320e+00
6.145491420671948646e+00
1.131949749539020544e+01
5.393042362549454793e+00
4.427604442828446452e+00
1.718697724202050692e+00
1.330849801748817507e+00
3.470339768131635694e+00
1.318062041223336145e+01
5.859610553051616932e+00
1.768764164169072561e+00
3.110208993397685973e+00
1.705889994993587511e+00
5.419256530316761911e+00
4.483279854540850984e+00
1.566974947663161188e+01
3.534748072362032811e+00
4.482284953745611311e+00
8.762268049380224966e+00
2.159057818563059783e+00
6.271983392124240275e+00
1.974490493790596712e+00
7.075312812823604247e+00
4.907232212242934821e+00
4.093415166054937160e+00
9.526097780792419201e+00
8.054140059104570426e+00
1.573693852889960887e+00
5.158984635164502563e+00
3.862575020712643692e+00
7.021175882647561650e+00
6.330391175350749577e+00
9.529039535505756220e+00
3.895061456833418756e+00
4.892232255523475182e+00
1.585906517888101108e+00
4.438757407058534277e+00
5.121138305891002496e+00
1.358228082609362675e+00
6.431025715200847870e+00
3.684074017787781763e+00
5.896330798799412243e+00
2.726694645898233293e+00
4.488094349884693912e+00
5.189880750431831835e+00
9.978851598762485509e+00
5.040586644768512592e+00
4.001909965595044305e+00
9.807621136473281709e+00
2.154026175272969024e+00
1.464780196663733935e+00
6.281306443628201563e+00
2.342642947150897381e+00
6.916772725898407082e+00
3.659056866889518922e+00
4.383312975538871115e+00
3.074142341456924665e+00
5.862425770502307287e+00
7.556536447801166290e+00
4.205280569732732232e+00
3.669979977721252506e+00
1.582593827972699208e+00
2.540567389599046155e+00
4.492439183406167658e+00
8.072473950678256571e+00
4.799726853752628308e+00
3.273863778910390376e+00
5.834356995834215631e+00
3.202991498279949667e+00
6.032970673702805264e+00
5.370978208041450763e+00
3.275607462762740951e+00
1.031726013104970363e+00
2.773242392754704966e+00
6.921774987694782055e+00
3.031655657249844094e+00
3.133563542270041857e+00
7.531997849597953376e+00
1.050170829047626153e+00
1.031344428554335169e+00
5.868938622893042023e+00
5.952202742743443409e+00
3.722434004856762346e+00
5.783195477864369494e+00
2.078115038617164068e+00
1.498658606706208651e+00
1.759210679441843173e+00
3.094211532608438286e+00
4.315307645989165053e+00
4.145523648234438419e+00
7.481596292213124499e+00
7.879283564750878988e+00
2.813478121730087711e+00
3.865839716885325572e+00
2.007722595685657030e+00
6.305483173769587779e+00
2.839996396952176649e+00
3.275096802793463269e+00
2.453304933168109159e+00
2.700121722619725606e+00
1.178386311397847219e+00
5.710788110326687317e+00
3.305737328513377538e+00
1.550272199446143917e+00
8.404838981482762872e-01
2.993164587365829910e+00
4.027755605893581503e+00
3.552954056180537279e+00
2.026573072797552832e+00
2.658923185605003514e+00
4.422307400346199735e+00
2.045508272223490298e+00
1.175465985413731040e+00
1.809054812383133815e+00
3.773901952781884894e+00
4.045303726407445843e+00
2.510639976377060378e+00
1.136049694158474388e+01
1.960222307634035488e+00
4.080398896074129311e+00
5.127938220775938305e+00
5.083883526111959483e+00
3.842752873628511256e+00
4.026690629069718419e+00
1.720286009788592363e+00
7.387030619312243473e+00
3.763402368235206907e+00
2.064994879749266321e+00
3.038294690598497549e+00
4.504176683799215652e+00
8.767377718805722253e+00
3.393308394244485715e+00
3.345729965157724806e+00
2.158686381227976625e+00
3.085573614540268572e+00
6.384408508136588445e+00
3.318806291122731622e+00
4.122606681117742866e+00
2.482440582409028096e+00
3.335746326198029355e+00
2.292222375625905695e+00
5.096687404183299464e+00
5.299549680637444915e+00
3.218078527821676360e+00
3.273734064594327364e+00
4.498588734859704452e+00
2.758691933960596643e+00
4.066617960676188304e+00
2.060619539276333789e+00
2.521867994720069284e+00
3.055612567986848216e+00
1.748434179897419671e+00
5.102921092072790543e+00
8.893594468761591543e+00
2.718762713060752123e+00
5.404920382368669785e+00
1.406507039314984997e+00
4.387841405492575397e+00
2.157935077359967480e+00
2.694983357946323377e+00
4.264529864384813962e+00
5.293372744243415973e+00
1.949366508317909252e+00
3.706937436039071887e+00
3.168458994276138974e+00
3.677767167313314989e+00
7.897519628906782607e+00
3.926894902070182880e+00
4.967159401509278815e+00
7.363422150146592404e-01
3.089550255295066883e+00
5.889661488270498957e+00
1.136382502356818591e+00
5.658052282476180750e+00
2.652201812705143436e+00
1.844312998160370309e+00
2.210149347869434955e+00
6.143501004529809961e+00
1.864227362838098756e+00
1.817139038197012502e+00
3.219168631877278308e+00
2.992910416488825387e+00
1.495056269508707958e+00
1.653340967797672256e+00
7.936754476274488823e+00
3.064109786496773680e+00
2.253708441884753277e+00
9.644637949740995087e-01
3.618843404378753181e+00
3.248833641528204197e+00
1.911254210746060833e+00
7.508191296404108428e+00
1.910517568561710533e+01
3.814451086111922073e+00
8.895428553506206981e+00
2.761202631363955717e+00
8.660567340069114550e+00
3.126212952978517201e+00
4.304027389501849044e+00
1.897332981183631917e+00
5.601990045750448566e+00
2.481830811800783465e+00
3.031298960391113795e+00
2.563200917270675117e+00
4.237413006531550508e+00
1.396179604715443556e+00
2.467729343204469128e+00
6.668832103721502591e+00
2.053847133412124215e+00
1.282453270714849758e+01
2.630993591060021508e+00
7.121667191399982499e+00
9.073433054858917046e+00
3.673964267750314594e+00
9.190287301010826582e+00
5.551355445095817132e+00
2.908960601413145053e+00
2.143033322903018068e+00
3.208379144629351920e+00
3.592690963731978382e+00
9.271787767097190880e+00
2.274706964560238909e+00
5.120586352642265915e+00
4.806428325557254411e+00
4.240895885124746023e+00
7.470999080554594052e+00
4.997055093688938854e+00
2.146352915437575781e+00
2.691494417725720290e+00
2.069289716658096800e+00
3.799957825625927210e+00
6.042845031172155323e+00
2.087597784554679592e+00
2.070974715914529085e+00
2.000531301175694221e+00
2.253024708236357032e+00
3.941895884990366028e+00
9.087451726581983635e+00
4.763987401300803448e+00
4.178032023815515750e+00
8.035559251326208852e+00
2.961000036735281338e+00
3.465960537409642495e+00
3.132800207477708376e+00
3.252499274373530813e+00
2.588306141654513226e+00
1.444817798317413748e+00
4.242861116579128122e+00
5.405478524761566206e+00
8.547522060690113221e+00
3.224580084400004765e+00
2.702826951847184134e+00
3.745478037634820456e+00
2.001202691643736653e+00
2.914900751793089828e+00
2.543323963318650627e+00
1.280068282398992840e+00
3.500298788792700844e+00
7.590915132025981116e+00
1.615939670375016846e+00
2.540272142357745455e+00
1.701237390140481365e+00
6.327990155446451048e+00
2.631722332660598518e+00
3.495803354565307330e+00
4.520155831505320521e+00
7.446527667177165632e+00
1.117491769656250966e+00
4.251707510865592177e+00
2.525974917088441796e+00
1.934954952270791839e+00
5.349862197399942509e+00
2.075456324414869158e+00
1.990424012067401716e+00
2.426546585665508182e+00
4.188660345967361032e+00
2.979395886108115121e+00
5.167206044841282875e+00
5.510461914309772169e+00
5.568162470168632083e+00
3.277159385774701672e+00
9.231872147331372958e+00
3.175162445884765372e+00
1.906583151403202336e+00
9.355119709794593064e+00
1.296706407398967809e+00
4.271238847861644317e+00
2.160088242784748758e+00
4.538891006406274187e+00
4.927795992010411297e+00
1.307746761197469798e+00
5.907921114180770594e+00
3.555062456070806398e+00
3.788985223245232792e+00
3.456187157607794269e+00
4.418183591398542553e+00
3.993217526998167344e+00
3.401476934440622824e+00
5.180166123101057174e+00
7.673420055424006847e+00
2.022814420909211375e+00
5.057888850389482549e+00
8.991111634199182134e+00
2.879747969151311260e+00
2.155145700228767947e+00
1.731181251999559301e+00
5.345041154053493671e+00
2.394936946139204714e+00
7.285927614775800976e+00
4.845421916684982122e+00
2.376926442321177113e+00
3.089290573137228435e+00
2.059755577547242034e+00
2.481516236339554204e+00
4.580925082903344325e+00
1.210335114042431215e+00
1.698642400389793083e+00
3.298375855954582381e+00
9.035236289749541072e+00
1.142978950289839801e+01
1.986079128933509130e+00
1.623469236934470317e+00
3.001761870736834759e+00
3.038888992520105248e+00
5.233157960092444050e+00
1.845489502246049796e+00
8.659028572626484843e-01
2.886477655485757410e+00
5.770770032511851610e+00
1.092238433823555965e+01
4.632432723422025056e+00
2.422964273628565035e+00
2.502952578039267628e+00
7.725090291220947591e+00
4.390368790672292576e+00
2.504916039257594207e+00
1.828083448438724279e+00
1.714503129222072886e+01
1.255185007283470489e+00
2.988173492361455796e+00
5.073959030693278471e+00
1.838529527262469987e+00
2.722490044740655257e+00
2.487303582893247267e+00
5.750563616409147372e+00
2.690399348148804215e+00
2.172028558126937625e+00
1.679185411010137630e+00
2.332351823339146701e+00
2.169435514251147445e+00
3.180654995775881400e+00
3.408195039426922701e+00
1.933480856388567037e+00
2.980890987082429611e+00
1.566042831582592720e+00
3.917151636390729941e+00
1.633748738310247584e+00
2.747226953109987768e+00
4.116405556283165623e+00
9.647916023161572596e+00
5.269451518320025230e+00
4.542020147789116891e+00
7.071763636278169507e+00
1.640208131760676480e+00
5.692015360106609911e+00
7.685684482489045344e+00
3.798749484583306746e+00
2.556797176532943805e+00
5.490586786552575482e+00
3.971224342976441335e+00
1.495708229480375628e+00
3.055589228739726604e+00
3.858388442033390042e+00
2.805017619864138556e+00
3.666541174433452177e+00
4.294423136162651033e+00
3.550887655039133062e+00
6.784718882373178772e+00
3.854616594392687112e+00
2.234656332952369873e+00
3.183576687536087135e+00
3.099219675056588130e+00
2.804928415122909691e+00
4.390601080942316159e+00
5.598885978068285141e+00
1.852110467572362751e+00
6.290499209491738242e+00
6.165660913903427520e+00
3.668999208751323682e+00
5.633735591446274782e+00
5.364458215463044688e+00
3.194470259717677063e+00
2.703586982052053944e+00
1.712456722461133118e+00
1.357453399324198617e+00
2.187715433393888631e+00
1.494933977742497921e+00
3.873151726411584672e+00
8.629946505341186125e+00
1.957587861324222134e+00
1.671888197797313458e+00
4.421929659108151611e+00
4.208678272344239524e+00
1.932051444051208655e+00
2.311444870303847487e+00
3.429419094183709049e+00
5.353511207884777967e+00
1.593507536958363779e+00
5.160014574002984133e+00
7.993682104140577005e-01
6.401302508955776460e+00
1.892684586277609382e+00
1.002752544069324792e+00
4.365722610446081120e-01
5.218978143684609883e+00
1.929805193638413296e+00
3.191032870030563018e+00
1.832215194367257993e+00
1.628703131748084898e+00
4.818345102551461423e+00
1.292073912240949030e+00
1.610950404863745966e+00
2.123676957099605911e+00
4.135251485028797802e+00
2.780376306229834338e+00
1.836878030887750368e+00
2.285912091363063503e+00
2.838279842883453696e+00
1.438888122452276708e+00
9.705760766618256596e+00
5.248447906891625436e+00
3.904090322550898495e+00
2.146188420434374411e+00
1.729615644838460531e+00
3.051480215738813229e+00
2.940324315546475109e+00
4.709307810288824392e+00
2.659745578198117855e+00
6.812377025243809392e+00
6.573616194606628049e+00
2.418590753550525552e+00
3.705034120456716540e+00
8.524713562509587561e+00
5.606125358578458062e+00
5.496657740482235432e+00
2.134181158490128460e+00
5.106100543108126999e+00
5.459006044525069434e+00
5.335396416837396849e+00
1.383811740788434941e+00
8.339297833679111704e+00
1.432564100913816585e+00
1.488547384839927545e+00
5.097831270956611149e+00
1.643878671916529033e+00
3.539308779289719098e+00
2.031399897607998106e+00
5.536517448925252438e+00
3.382486280314239036e+00
1.957357362629611686e+00
1.941702229453001083e+00
2.665151713828637359e+00
7.638269835389439599e+00
7.959861280733148803e+00
9.615851511641546168e+00
2.927418449541020262e+00
3.636324914230778305e+00
5.700322149193658428e-01
1.987622506415227086e+00
5.728509254626802161e+00
3.913761888473846984e+00
8.726975857404118742e+00
3.099717064560966406e+00
1.330941039060672848e+00
5.119140493582553297e+00
8.268927804506574830e+00
7.299806892702393135e+00
4.859186529350418837e+00
5.568697001259016233e+00
3.198421660160660984e+00
1.698476070980537322e+00
2.563362965458762410e+00
1.596856266385503931e+00
4.827200924278535865e+00
1.402159525658386086e+00
4.248713628248502516e+00
2.610627908819539655e+00
4.133866766719233254e+00
4.768860514919426308e+00
5.876541681286020946e+00
3.270461060035683154e+00
1.948999648018569175e+00
1.705991441717653823e+00
3.601984668428269032e+00
2.280198373025201342e+00
2.205776586371745118e+00
2.143750855981692016e+00
5.535738013024113613e+00
1.748879070261681878e+00
4.273544933413668367e+00
4.762082769272448779e+00
1.349913677454544825e+00
7.256430155419533179e+00
1.206169844399803992e+01
1.558294015277779110e+00
2.807061972806128569e+00
1.729329612583430986e+01
1.928083839000022781e+00
6.660128709370883193e+00
4.934142691091617294e+00
3.335862108445835972e+00
9.070413043910861006e+00
3.670782393633166496e+00
1.886525288799734135e+00
3.677235264159794070e+00
1.765241815133164804e+00
3.988714295441026625e+00
1.249354948032442358e+01
1.306753063033133211e+00
2.288354195709645822e+00
2.973360776652071991e+00
1.340532050488589810e+00
4.781373615401934174e+00
1.082220982711027180e+00
2.239481109100834200e+00
1.654404004317528765e+00
1.567836897553499087e+00
1.174946305548909775e+00
2.250679450289304828e+00
3.304526132706572916e+00
4.511941827951304163e+00
3.231390546505071182e+00
