3.846466668217138896e-01
2.956170318901551131e+00
2.845659264115864229e+00
2.191752406199923620e+00
2.279374363198614084e+00
1.466799352928721323e+00
8.778953368630280085e-01
3.700247822704409550e+00
1.559196810305763625e+00
8.587286165932340731e-01
1.188270864189150444e+01
3.583907396446044835e+00
1.504826763936382816e+00
2.540164331342034121e+00
2.412149820341263240e+00
2.823545465819000899e+00
9.377876289656258413e-01
8.048885348974517129e+00
2.419829757387542024e+00
1.660934573180779417e+00
2.472833298898948318e+00
2.765770230127757134e+00
2.321194473203241238e+00
3.941521632062696234e+00
1.968900076468928617e+00
3.081261356365434523e+00
2.216327541634123488e+00
1.525831947684623824e+00
1.153956198054103099e+00
2.289469968545999379e+00
4.223431623399363843e+00
4.570368877631103111e+00
1.270649663904854343e+00
2.742998274480210052e-01
2.281576104170171426e+00
4.253703835790491605e-01
1.739406188636987594e+00
1.182583001701618342e+00
3.445563036046373373e+00
1.490509289636955614e+00
1.387276777562187702e+00
8.883788048114407143e-01
1.422721977179965736e+00
1.770465424855542924e+00
1.093266515853896559e+00
8.511777030980073322e-01
2.160979312287585774e+00
6.701511050740145414e-01
3.116649181477044728e+00
6.604002532013980797e+00
7.517194415387116191e-01
2.722223421461285930e+00
9.845977634129768896e-01
2.836849451479581674e+00
2.749685917585454664e+00
7.551272586750038762e+00
1.270739420834567035e+00
3.892134874818975465e+00
3.204203239286966820e+00
4.043443804410223663e+00
2.283359217528824647e+00
2.999534792350352141e+00
2.478633803461109952e+00
1.650840637965309998e+00
4.660667621707210273e+00
1.370576366727594086e+00
4.203377330539746382e+00
5.685456193383151557e+00
4.338189520076523920e+00
1.529263440552411923e+00
8.526222664390056272e-01
2.269526756197253192e+00
3.516608690396540116e+00
2.246032668260623755e+00
1.789077212932859595e+00
1.321222663923029339e+00
3.302026988460939005e+00
8.828859722522133247e-01
1.936975035057481254e+00
6.335802862237263078e+00
3.095693071159138832e+00
1.760646441817327101e+00
6.064659488038434354e+00
4.720406928459131457e+00
8.193176693182199211e-01
5.144470065165596573e+00
9.100489158183516780e-01
1.402974095255164588e+00
3.290929772903439687e+00
1.975254005687411718e+00
6.286890541918121578e+00
1.878976060437407281e+00
4.337236502657978221e+00
2.431964516922233699e+00
1.193655324622865832e+00
9.630603643893306254e-01
6.376522357902930649e-01
8.949170368198569037e-01
3.112774876273499469e+00
3.836762712893980076e+00
2.711752874425618298e+00
2.855466693156996527e+00
1.983278118621319086e+00
2.778261664304326306e+00
3.460889917504200941e+00
2.574656700488812788e+00
5.891805479893598152e-01
9.634809444634873543e+00
3.644138518760310141e+00
3.683997521019783949e+00
2.248462531098900374e+00
7.185069044615000067e-01
2.487431074070388881e+00
1.470485412019652438e+00
1.220557360799296331e+00
3.777162239998005155e+00
2.562122217554819503e+00
2.117948433851584600e+00
9.087889735921010015e+00
2.934860932735103400e+00
1.934287940056402366e+00
4.092203964319176990e+00
1.738361744658184271e+00
4.127519386415371194e+00
1.681560707271106292e+00
2.990920751965874480e+00
1.464907067181494771e+00
7.466224047749920878e-01
5.318739278515984381e+00
1.692833501532666318e+00
2.790677973974470039e+00
9.120780973811996040e-01
3.304450509081474419e+00
5.221831318137653000e+00
3.688094589388486888e+00
3.478528633366617218e+00
1.401575478098675109e+00
1.361119946241384104e+00
2.710306821513176700e+00
2.236177524136586214e+00
2.297110497434459386e+00
1.102674719828144578e+00
1.444974171844006339e+00
5.139327109751047118e+00
1.229229509088141770e+00
5.564951778007516836e+00
3.177413686215734945e+00
1.666555669874606238e+00
2.441884964335893304e+00
5.546342158759548724e+00
4.960808936812870940e+00
5.364192625350051813e+00
5.281588848350688536e+00
6.447412347138081756e-01
2.362092872706268221e+00
2.007202436043254323e+00
1.343059275716861345e+00
4.147499862258845482e+00
1.173446461399706653e+00
2.523813117112880811e+00
1.310889658387969892e+00
2.793151347316088273e+00
1.715782421942737557e+00
1.292556976985643979e+00
2.399604855078230070e+00
3.388746276606352748e+00
7.496559350277544054e-01
2.722526576379733054e+00
4.116447164385816926e+00
6.685887574477537010e-01
1.707338233124018556e+00
5.873476551800555612e+00
1.439044498470864575e+00
1.247441026551568521e+00
1.261210063942914461e+00
1.775720499503580463e+00
3.970552857459837881e+00
9.648208291948945359e+00
2.681031668313120342e+00
2.998156674706636826e-01
2.268786952888720343e+00
1.378701389836327396e+00
1.173661702665681705e+00
9.939502500032444399e-01
1.060396807666404095e+00
6.111645963941083615e-01
3.089599080479406013e+00
1.545587887520666293e+01
1.561549787302696668e+00
1.568887185999068512e+00
3.356480231098816880e+00
1.222989272057462218e+00
1.851265990194851385e+00
3.767089176941004425e+00
7.473316034008387065e-01
4.350118502791270103e+00
4.783265998454095502e+00
4.080379746335697000e+00
4.574028920700301981e+00
1.546521503425081656e+00
5.422586760577121634e-01
2.819796653647221873e+00
6.761944145158771402e-01
6.519528570228292352e-01
1.506187794018332138e+00
1.959882680604350780e+00
1.349437053704798828e+00
2.241158431555398955e+00
2.198037691424707951e+00
3.001563466829636262e+00
2.600963013167950422e+00
1.078114810583025607e+00
2.060708873348096604e-01
1.923429022991149484e+00
8.303391618061033430e-01
5.030690021575289883e+00
4.654531729364315140e+00
6.196091909742222903e+00
1.629534315231070174e+00
2.021374970171896379e+00
2.790734826149124270e+00
4.157698537735264210e+00
3.982008732951194396e+00
1.816778218276788426e+00
3.346705569295467697e+00
2.079090093031829678e+00
8.587283191091918511e+00
2.093741523820702000e+00
1.333339809333068837e+00
8.081270069646679488e+00
3.023313240482347286e+00
2.595927182460371796e+00
2.389378046697322233e+00
5.018643327971190615e+00
5.359831650220380439e+00
1.016942244445450338e+00
5.325762966199898862e+00
1.340757860914583821e+00
2.546976935061828762e+00
2.790793736992008611e+00
1.330869651117421393e+00
1.922106567760796247e+00
3.890586982275982209e+00
3.383261415435793840e+00
5.348793744942762274e+00
1.044248477188730817e+00
8.149027243146054644e+00
7.950866188448932892e-01
1.905408762778491250e+00
4.076413176281034723e+00
1.888720857591961622e+00
2.022055788657316278e+00
1.714468831376497970e+00
9.160219746743023528e-01
4.718715256202438368e+00
6.257512005134326927e+00
9.245675029842653103e+00
5.535072530954218806e+00
6.565278137726476615e+00
1.216150856226958510e+00
1.689223336300374134e+00
4.236128364100115284e+00
2.690648603142702378e+00
6.323710111670756140e-01
6.959423020904043966e+00
1.322610641427119704e+00
2.693054520298426624e+00
3.382219076575997185e+00
2.330676602307953260e+00
7.551784345970643519e-01
3.031881809791713067e+00
2.484527769831714750e+00
3.298587071350298494e+00
1.934080671135305796e+00
3.315245118835651095e+00
7.307651987475188848e-01
1.401895835203553542e+00
2.385472078103583637e+00
2.756116617474489772e+00
3.593750958033847809e+00
6.107612195871213956e+00
2.251926555118322515e+00
8.498587491016836859e-01
5.873200592393409636e+00
2.948789661079019631e+00
2.772544159613589798e+00
4.605199555083865803e+00
2.725131211930994279e+00
1.787354158149039751e+00
2.120193691120495938e+00
2.215147528736505667e+00
4.468505231322298599e+00
1.991232514735557846e+00
1.612086691856970955e+00
2.825361733152537802e+00
2.087214926992661201e+00
1.194976936873815898e+00
3.570990981249135388e+00
4.073696561791758097e-01
1.129760245146534503e+00
9.732045702910330220e-01
5.321561627578272891e-01
2.068280192775712845e+00
3.082218092155920575e-01
9.694673104094887472e-01
1.992123806807770015e+00
1.291559781615037705e+00
1.755288997792364025e+00
1.666683118838587552e+00
2.286543822271866588e+00
1.285238796608412448e+00
2.056654384895169052e+00
1.924241654019000825e+00
1.562632245842952017e+00
1.764606402221039261e+00
8.431787044149118282e-01
1.457746293692987472e+00
4.566512439565491910e+00
4.151044379831906994e+00
6.494609148981367319e-01
2.200254618233827397e+00
3.106490759761702414e+00
1.755991276741281748e+00
2.609139520529432321e+00
1.142215622402105391e+00
2.301303308382757429e+00
3.561621402321698326e+00
1.525006808973514705e+00
1.953652379315987897e+00
2.648451244936045335e+00
5.204758843734011542e+00
9.466990594311800455e-01
4.284116680675884581e+00
4.777682549534132406e+00
2.460501530822993832e+00
2.104021514617930855e+00
2.127252287250708029e+00
1.319625684375276942e+00
3.882256543854526676e+00
3.637998806201465207e+00
2.338834893568492390e+00
1.331575637226255937e+00
6.211708967750158017e-01
1.770312724780538804e+00
2.082071701248040974e+00
1.783357695091179140e+00
6.738836690547029384e+00
1.005503009436855111e+00
2.321408939920756254e+00
1.535589139908751788e+00
1.287458159901537780e+00
6.281709664792031411e+00
2.246185405467957530e+00
3.559208219272261275e-01
1.680019770718240490e+00
4.715574274843085334e+00
2.662224269218483208e+00
3.568405562459443514e-01
1.730896178140315822e+00
4.557093078392280283e+00
6.052100670886169098e-01
1.824329710075293765e+00
2.530634161105850488e+00
1.008091831146067818e+00
2.132379447759391589e+00
2.880444909438757861e+00
5.594343324289229313e-01
4.239204136507430665e-01
2.714712867070234736e+00
1.227099739845612936e+00
4.192969529106253646e+00
1.000498697321197561e+00
1.990435859013381048e+00
3.442299559848809309e+00
1.928979250125726796e+00
1.540215308713088538e+00
1.606238915773443576e+00
8.942976358363267764e+00
1.564873425902326254e+00
3.000135260362620127e+00
9.879516160610480879e-01
2.676993323941233793e+00
2.733507286370924660e+00
1.642465227687905038e+00
2.500655444781722192e+00
1.258499061628373772e+00
9.011368385901747047e+00
1.120352062717513641e+00
1.528267408286287932e+00
7.942798293586703196e+00
4.343697291944639716e+00
2.856689247442329549e+00
2.546293651784349077e+00
3.365924692528896145e+00
1.842342479746107431e+00
2.682748080809909563e+00
4.919019706728204322e-01
2.301712915279334748e+00
4.566129786133044988e+00
2.173504175543669259e+00
1.243115489758944703e+00
1.145750215494816482e+00
1.636767553506689676e+00
1.350203486476613479e+00
1.334996471944797758e+00
1.083691297804669551e+00
3.481530401890651216e+00
2.938379384065261668e+00
4.211084104240251591e+00
1.904126763870669592e+00
3.285420675755773789e+00
3.248965551641815885e+00
1.944793013304668916e+00
6.489374237094813758e-01
2.636897418027304152e+00
8.483694157045006401e-01
7.424459562305669280e+00
3.677331788262824475e+00
1.559861689318851496e+00
4.198243042260712876e+00
6.206090387234365124e+00
1.219242166048226439e+00
3.958323213034275589e+00
7.399974976855066444e+00
7.209054368339230301e+00
2.074173667659056086e+00
1.322002467431407036e+00
4.859304932918943720e+00
6.292280166179803347e-01
2.930321739318944463e+00
2.239163532608971607e+00
3.157552139635082078e+00
1.996344411368434102e+00
8.544447474591173375e+00
4.220136802710376500e+00
9.211606166543424568e-01
1.780702282828824368e+00
1.105396255156557483e+00
7.066812800554458818e+00
4.238305868142279387e+00
5.870848145444076849e+00
3.884844352049278804e+00
4.688063866331806384e-01
2.816990354930064555e+00
2.300004396714668164e+00
1.447475522886333854e+00
1.343285018541713338e+00
1.997405803714246142e+00
2.278427854372834460e+00
1.645513535684658191e+00
2.674234639414584613e+00
9.167712545439375971e-01
4.040857776750836017e+00
1.691846257826510547e+00
7.397641694263715095e+00
2.033646778807693956e+00
1.234420836921741094e+00
1.004877952442455147e+00
3.204780568435274368e+00
1.814031427704317689e+00
1.607144214137153471e+00
2.306299472035118203e+00
7.657514232393072273e-01
1.693467033266052635e+00
2.819868648325157601e+00
4.514199469833096501e+00
7.734357626922236051e+00
5.016109333381550961e+00
2.504853536828269611e+00
3.634690888566904921e+00
2.185413630509066785e+00
3.284314077769049156e+00
4.648721165757208063e+00
3.706337094323524983e+00
1.183842263303228171e+00
6.097037896269589252e-01
1.122206725471149635e+00
4.270541707942644649e+00
1.198998991442377315e+00
3.897338099908722153e+00
3.009356214595405810e+00
6.154069796217321864e-01
5.120998349965239171e+00
1.768660236380444672e+00
7.260779090595510965e+00
5.697464083070802321e-01
1.581479711465388904e+00
1.109602441145650653e+00
1.198769220452680084e+00
5.152532973799414329e+00
2.279052487953734385e+00
3.952557600654726944e+00
1.820840737441547397e+00
3.020768878251268053e+00
2.819660261458882378e+00
2.139644786028813250e+00
4.206288426550258919e+00
4.960860208896992418e+00
1.907991625865069096e+00
4.331655513022584891e+00
1.199007750861359245e+00
5.928445797879428270e+00
9.526056000946192981e+00
1.483641300423546250e+00
2.419952383107593530e+00
3.073345991371135177e+00
3.089655733805645621e+00
2.099511180529655796e+00
4.334041973577884566e-01
7.390026292568346866e-01
1.220871973516344466e+00
4.412055692213409763e+00
2.033205161287337859e+00
5.877594537999611291e+00
1.346608357589794691e+00
2.456734742702169072e+00
5.204598167314975043e+00
1.380403314349414323e+00
2.060581072137867675e+00
4.522710138098868349e+00
1.338726487237192897e+00
5.100762917106660410e+00
1.855476791569347084e+00
1.739694093428561850e+00
7.898959248177266801e+00
2.241866922360374659e+00
2.002137908788277354e+00
3.306365521760970427e+00
5.878951555417931019e+00
1.207088443652629239e+00
1.107622402999242528e+00
2.302144599757406596e+00
5.321155723979347218e-01
3.470728944157962292e+00
1.312552206077449046e+00
3.668886865272420028e+00
6.722111400683313809e-01
1.368710415387681234e+00
8.545433189420773346e+00
3.134927967669930204e+00
1.443703462956884565e+00
1.599338309666123337e+00
1.862115990438975022e+00
9.926559518243252001e-01
1.543852799313201185e+00
1.432552281990788989e+00
2.126198471175072768e+00
7.527125259508915534e-01
1.087588485654503723e+00
3.072778185906309467e+00
3.327017380444322825e+00
2.432672842022711279e+00
6.865299637892937623e-01
1.605064035330854066e+00
5.108442523422080939e+00
3.231995350654613297e+00
6.129633033536701525e+00
2.820245273429005994e+00
8.116613704908792748e-01
2.347577073909560497e+00
4.001385179835821759e+00
1.152266776328164877e+00
1.527586745784370148e+00
9.832065648392700474e-01
9.158752201338624666e-01
7.883613858534624930e-01
4.273202013432974233e+00
3.840949467190720057e+00
6.741502330664924436e+00
5.350550408962673643e+00
2.029563429117180906e+00
4.753867950337793857e+00
1.997632775844451203e+00
2.828274052646233994e+00
8.593742868345154440e-01
2.313797807011038099e+00
1.597569370542758493e+00
8.794296852557879074e-01
2.049609458248393246e+00
3.395795509236264387e+00
1.279980078587595660e+00
1.841486766589138568e+00
9.517438558239084134e-01
3.509856838994440231e+00
3.779006401106765334e-01
2.522846113638737453e+00
4.293071553697246578e+00
1.754864182861222810e+00
4.182815499280800431e+00
3.760359181967121156e+00
9.228429475951407390e-01
4.927686871756904452e+00
1.331942603049484308e+00
7.832127408174120120e+00
1.020705710315357617e+00
6.231932800050169696e+00
3.750901934674336857e+00
2.608131320911154294e+00
6.236650891464885493e-01
1.701805342943848665e+00
8.314708525154982377e-01
2.997146911511171297e+00
1.301700929663548933e+01
6.197359889207835204e-01
2.152709440990608680e+00
9.593391277393178429e-01
1.093510275699401735e+00
5.229599351459466305e+00
3.822327636225945291e+00
2.936070339945276775e+00
3.631108846610486829e+00
2.551063913128266414e-01
2.546626684702837373e+00
3.098984457104299484e+00
1.199725771216108239e+00
1.181467643873170381e+00
3.492824151321577197e+00
3.039859901874693460e+00
2.189025254027018974e+00
5.026530607258268724e+00
5.473766953369374466e-01
5.131976757850553739e-01
3.295514236979947054e+00
1.305806276946509970e+00
1.259982812140615582e+00
1.158538504494030397e+00
4.180747714510086865e+00
3.502634184271328888e+00
2.227237731514657870e+00
1.793993562735238356e+00
2.716354252932101865e+00
2.796448426158550049e+00
5.804300906308055730e+00
4.136292539240916888e+00
1.745015215521673602e+00
3.241120610571772254e+00
1.417112639758277171e+00
5.853991669957267163e+00
1.849880083894422045e+00
5.583888071143190412e-01
4.247812680176030753e+00
1.237340119333186994e+00
2.653988155294424889e+00
2.892254457587746241e+00
3.109155377049774849e+00
2.696822051741011972e+00
1.345475605290906040e+00
4.457897607618099833e+00
9.852266105723914702e-01
2.479634514989098815e+00
3.037401103563876603e+00
4.028614462787265538e+00
1.040203475615049333e+00
1.342160307922172668e+00
2.399696626141361033e+00
9.293461985104868317e-01
1.644297051246921715e+00
6.076261939416022884e+00
1.814411034874548356e+00
1.728324315425974422e+00
3.727610346096104088e+00
2.208629817677721263e+00
1.480146178336990914e+00
4.334853305333132845e+00
3.303668416098866523e+00
1.775871956931500462e+00
1.635650204973656763e+00
3.669275995550927760e+00
4.794246557804559217e+00
9.711648684496752004e-01
9.800826292486244373e-01
3.189095396303383012e+00
2.050064093184646108e+00
6.382048852189912580e+00
1.079938417828526509e+00
9.786766180631584433e+00
3.059899311444434389e+00
2.720685148565817002e+00
1.528237830495109861e+00
1.496755694364871214e+00
7.227592624113367004e-01
4.571035735658883326e+00
5.796215297745441752e+00
4.592380718680068696e+00
1.132012710486568929e+00
2.026540121384676763e+00
2.273577994745466846e+00
1.724399190045102781e+00
1.429179415832287470e+00
1.625674483484885524e+00
3.655581048937780686e+00
1.904883313529607936e+00
3.069795193091663599e+00
1.577196121237494086e+00
2.919318908861812112e+00
5.366978614272488457e+00
2.088116935241103089e+00
2.050244206830639460e+00
3.815614879804168247e+00
8.182877731249024178e-01
4.700193905372395342e+00
2.520792599700857561e+00
2.526010445006614091e+00
2.141592514332228081e+00
3.563748110316730777e+00
3.675479277596980676e+00
3.827797999068417667e+00
4.989214103394889577e+00
1.880919187335787557e+00
2.087106701677158505e+00
4.622637128228013204e+00
2.040581629232901317e+00
2.839882834125055044e+00
6.854006292161775038e-01
3.151401934796146165e+00
7.021183789313902857e+00
2.865530857902264472e+00
1.678130506878046768e+00
1.840936135198184553e+00
1.609938980806586706e+00
1.038250176238074030e+00
9.878886753255144981e-01
3.125800452877498081e+00
1.814144443849557087e+00
3.371082135648805433e+00
1.078038786021888074e+00
7.397154221680398045e+00
2.583395599968379752e+00
1.078964714652232537e+00
2.196645784542650581e+00
1.955728815994820069e+00
3.142318570130196775e+00
1.472335423181605263e+00
1.031098279745825508e+01
1.423301733674609793e+01
3.086300928479937422e+00
4.693538508843960955e+00
7.883530992638817514e-01
1.392089571752072263e+00
1.665405002506161525e+00
2.176321913735193458e+00
7.881322938928487787e-01
8.102344900749348655e-01
1.924350277711367241e+00
4.844046026392351934e+00
1.730275715563516670e+00
4.372762796083760506e+00
3.390247180097436974e+00
2.066274820984148608e+00
6.120586711649793621e+00
2.917197409943426134e+00
3.334901630954905549e+00
3.884210158071224939e+00
3.184629900874154540e+00
2.152902318438759011e+00
3.495804260435780630e+00
2.233698935107721883e+00
2.919829405840980385e+00
6.574164817584120968e+00
3.626665669503875034e+00
4.515651914166131320e+00
3.291184048980589694e+00
2.496858096743636235e+00
1.561921297864188540e+00
1.195693903934425206e+00
1.097894451271659122e+01
4.843144059930380441e-01
1.587296862824206567e+00
1.669698950865762033e+00
1.469585934764418234e+00
3.483954803953973389e+00
1.344454576464199969e+00
8.159954199956340304e+00
1.443204197852141268e+00
1.440358746005793611e+00
2.706271228148491748e+00
1.495755938779068872e+00
1.521029562583625649e+00
1.124635814611179896e+00
1.872855237165123699e+00
3.046346312778951848e+00
3.247735520428086442e+00
1.563384997944654575e+00
1.114352953675445734e+00
1.447914176991959234e+00
1.811715045594349371e+00
1.876215063114545334e+00
1.163560222705773084e+00
1.083648385993150054e+00
3.078359857445558401e+00
3.778184446498660809e-01
4.192020073788519929e-01
3.145570408721163336e+00
1.923607397941053510e+00
1.297015394991414050e+00
2.359016094347728298e+00
1.057262410719067347e+00
2.872073698667508168e+00
1.330825396161408714e+00
4.581619203969082399e+00
4.039036586587141819e+00
1.885241047370484813e+00
3.602085789835681506e+00
7.826588686614301960e-01
1.662178452283529673e+00
1.706970269070840374e+00
1.050341568490955169e+00
2.047699049466209065e+00
2.155746056958678381e+00
1.353640043794840597e+00
8.125751849397624405e-01
2.397721108999629092e+00
2.182128029065204533e+00
7.368641707002769881e-01
2.080062062023429803e+00
6.355305385142695940e+00
1.326030178373340584e+00
1.994693902880685821e+00
2.493124852163691063e+00
7.427984612179355572e+00
3.388431066911886891e+00
3.565915081225975669e+00
1.268312958269619317e+00
2.874109529088436421e+00
1.795186309684207782e+00
5.026306477075823231e+00
1.965922408589986015e+00
1.946315132771584633e+00
9.348315241305018120e+00
1.668933106884488371e+00
7.515329157563709117e+00
4.229604001533241231e+00
1.471446832458745524e+00
1.183704100393488501e+00
9.177710782937458234e+00
3.013158114773431429e+00
1.828870264652159516e+00
1.578584222883298471e+00
3.854042702883549776e+00
8.429217570575227469e+00
3.589429731784163025e+00
1.978915240939471021e+00
2.919551395116648962e+00
2.180490076894417317e+00
2.001874941643832617e+00
5.578800688941206731e-01
3.217324007916560813e+00
2.825004621799652504e+00
3.062587110927686318e+00
9.283618653430689704e+00
4.636014384880156491e+00
9.517809672379961006e-01
1.146564203341929655e+00
1.661208537054926104e+00
7.198436578209713943e+00
2.502502264555013234e+00
1.546977269448220893e+00
1.863538650702624366e+00
6.903729609750091534e+00
5.555838476733188536e+00
3.972200329332504332e+00
5.472522734928256583e+00
1.622559892887854627e+00
3.156900740169805264e+00
2.880645117179718273e+00
1.254174167448641963e+00
1.752866208940071058e+00
3.486912301458164887e+00
2.164521411668584694e+00
2.550527775654619411e+00
9.922264621912024740e-01
2.512837545052023280e+00
8.443675296567683120e+00
3.338561917188762607e-01
9.486784273090772546e-01
2.781124917170854971e+00
2.447489935741800515e+00
2.773803855132365825e+00
3.670796370355749350e+00
2.347698619564493328e+00
2.771811636785260546e+00
7.491481317032558929e-01
5.881904154028124720e-01
2.880769833610366426e+00
2.061190453558296554e+00
2.160301698817665095e+00
1.473267447836320576e+00
7.641148652401390962e+00
2.371165393477477679e+00
1.964038805445198488e+00
5.516138495350201509e+00
2.234467219547060512e+00
1.941829856020079070e+00
2.991935761465977617e+00
1.423317169062279008e+00
2.400671197957604974e+00
1.672267164457047040e+00
2.483270852153490083e+00
2.900803969727984821e+00
1.648904877885178477e+00
3.452306697091557908e+00
1.530885296461049316e+00
2.125645754173436597e+00
2.037862808853063257e+00
5.263861645594667849e+00
4.579549943846215498e+00
1.844420548398397308e+00
2.318954361802147091e+00
2.050308271086489498e+00
1.113179546128890252e+00
2.279401956351069458e+00
1.640555398253515706e+00
2.245327126762984626e+00
5.488829048727074778e+00
2.049536655246243289e+00
1.636844364253978723e+00
3.131010271129995637e+00
3.058129330461794471e+00
7.350841401111880558e-01
1.640152856823254401e+00
3.186183238470153611e+00
3.121913821402507949e+00
3.116383612649866741e+00
4.986654158839825435e+00
2.972834245657366647e+00
2.928647084222856023e+00
1.859441938770446612e+00
1.645995484452580371e+00
4.452206630999417492e+00
3.567201223963679890e+00
6.731163392500452147e+00
4.096351854716433927e+00
5.767272042752246364e+00
8.683821274615177721e-01
1.016905364787737298e+00
1.237354110647159278e+00
1.448556958659717342e+00
2.189713605866898227e+00
3.209394175477740863e+00
2.002935198750357415e+00
1.854460054959614190e+00
4.099890025343382316e-01
1.939397410994259552e+00
5.673210699610875096e+00
6.038206359431930181e-01
2.424603587333126420e+00
2.711531269866732874e+00
1.576186581001351339e+00
5.115925110612970172e+00
2.085617072691200224e+00
4.709675409948774760e-01
1.916531054943493739e+00
4.795428982809913920e-01
2.246934795543669594e+00
1.669843548488725293e+00
1.846101338368074884e+00
6.450744578476500513e-01
2.523612224996703901e+00
1.600142667406499575e+00
7.140804991814849956e+00
2.364704354128155828e+00
5.667425384977357261e+00
9.774403016968137292e-01
2.927452663746609396e+00
2.193992994736468471e+00
9.135564323106150297e+00
9.862669904250085384e-01
2.116169303135755353e+00
1.296623161307559613e+00
2.876432847632272249e+00
5.862989087380336972e-01
1.763893889260045089e+00
6.218038996642882843e+00
9.372887459699731361e-01
4.363093454295611906e+00
2.529622109254606066e+00
7.829871122216236490e-01
4.435581320782425507e+00
4.222261062566577294e+00
5.445402463871419352e-01
3.241346061962082636e+00
3.076458223683567805e+00
4.558106319161776554e+00
4.676130277650905498e+00
1.498336035956625789e+00
3.902301843387684155e+00
4.524998871639615672e+00
1.638839016346732125e+00
2.385239946493357799e+00
2.949712636503838858e+00
3.995334394801082212e+00
1.534670792062414524e+00
3.186867504826296660e+00
4.679794840605151052e+00
2.256815362248407730e+00
4.610819465888784663e+00
2.476590333741313543e+00
9.735912683338313611e-01
1.315820141151194056e+00
3.207657939969760008e+00
