2.093484047631953615e+00
1.995779459772983655e+00
2.551273208827259165e+00
5.708045424443571880e-01
2.038678556570954647e+00
2.984633072975651835e+00
1.565926300898521806e+00
1.841289161477998260e+00
1.523631505954859744e+00
1.499177607518929367e+00
2.064617957559741424e+00
1.582090247458925347e+00
3.181496744177874536e+00
1.722399761407972907e+00
2.119655169868013278e+00
2.086451072029305021e+00
1.365553544287749999e+00
1.341361576989502646e+00
3.991259199342944264e+00
3.885989814748438853e+00
1.142779422857339355e+00
1.891658516527655598e+00
2.641651337350291229e+00
1.716531761455581728e+00
2.548092959709337357e+00
2.859804146446791595e+00
2.755613211300790510e+00
1.289472672105713702e+00
3.039258779058696014e+00
1.767718995805690696e+00
1.763022547493435566e+00
1.790223728657915236e+00
2.045233208236043598e+00
1.846389103545112764e+00
3.372988588707374724e+00
2.323684256200977405e+00
2.545141218868242294e+00
2.057572172403967503e+00
1.718042382274836521e+00
1.218504414652757939e+00
2.394749294488834224e+00
3.085984757854980387e+00
2.539155051613417591e+00
1.760019697397577909e+00
1.587966378439254145e+00
1.525366537962300484e+00
9.959465298428250568e-01
1.538400970445342963e+00
2.048752025678291844e+00
3.166085961516851288e+00
1.816699622982097528e+00
1.950822738842738602e+00
2.119174505681066023e+00
1.893882291692522646e+00
2.155435724485943005e+00
1.886560263586208874e+00
2.911792212284027848e+00
1.700418430556605243e+00
1.704430104463631412e+00
2.236809822342640253e+00
1.815024366430841640e+00
1.785870629963182354e+00
1.925017351248446973e+00
1.440058449076239810e+00
2.266284148172907909e+00
2.002162320145431718e+00
2.025775033804610548e+00
2.745465802611722683e+00
1.856964349183658047e+00
2.539503070738070356e+00
1.263094281346268222e+00
1.577920091519952939e+00
1.546431134182409517e+00
2.901754012887708178e+00
7.845639025081323492e-01
1.040880419928816414e+00
3.145401613469188007e+00
2.510951914326258194e+00
2.277406138945344605e+00
1.314777633110810973e+00
2.368595543619835375e+00
2.304671837919925359e+00
3.712199504115456516e+00
3.291986418984781615e+00
1.820769094647840980e+00
1.734004137596455442e+00
2.202465250607070324e+00
1.624553874732439063e+00
2.700747993747123044e+00
1.417686043154400055e+00
1.815038834124143019e+00
3.177480212454607766e+00
2.436908342138113248e+00
1.168154574877694696e+00
7.292329918546213152e-01
2.119610371679945704e+00
1.419160905894250702e+00
1.319724474997798103e+00
2.178786445376420300e+00
1.362795811596376749e+00
1.455608453270252234e+00
2.726853163050754869e+00
2.274032517688597377e+00
2.210132793313169586e+00
1.258532943905900092e+00
1.451180323776250392e+00
2.967316329132987818e+00
2.805699805089884702e+00
1.938105663920843380e+00
1.342589932609428827e+00
2.443426354032233405e+00
2.157539376215006133e+00
1.125177185637252553e+00
1.362890527530217888e+00
2.029957666288926266e+00
2.850892816415437903e+00
1.384843627662752485e+00
1.634671170146522190e+00
1.211544606510178923e+00
1.162850830333418184e+00
6.632490734130738197e-01
2.181993430315062099e+00
2.156778301687722887e+00
2.291609889299115466e+00
1.732211096456726329e+00
2.562107211930560791e+00
1.799303188434994816e+00
1.946156731343371415e+00
1.970331079766067806e+00
2.444660191217160161e+00
2.007926608871680063e+00
1.570553763091361077e+00
2.325566195330206920e+00
2.467910982360163707e+00
2.512789673295328985e+00
2.017686629327092973e+00
1.977457371030933331e+00
2.533158100567751259e+00
5.970886706543301337e-01
1.543522425459204150e+00
2.512438782286726902e+00
2.504350963340441716e+00
2.369109648725463479e+00
1.758778725886403604e+00
1.993493780513501124e+00
1.909137209528043000e+00
1.586262945408196678e+00
1.898128302300872816e+00
2.513249431715361304e+00
1.599869472610071064e+00
2.412464078918099553e+00
1.549481033491247217e+00
3.350964236702326016e+00
1.914021987267656488e+00
2.060831829944260285e+00
2.265833997795247079e+00
1.784510130661330685e+00
2.075528699967755131e+00
1.523920673297347594e+00
1.878612253259766884e+00
2.467305770674532717e+00
1.839615849312751461e+00
1.087521050853742066e+00
1.734153245267682886e+00
1.406733099175379698e+00
1.886689943987386542e+00
1.449353362569102632e+00
2.246131929208800670e+00
2.584484120496998827e+00
4.063863175532230088e+00
2.122103991612673379e+00
1.186493924287930435e+00
1.409595099590727374e+00
6.596778772184811457e-01
1.610921831130040616e+00
3.214067595656491694e+00
1.648419154139793008e+00
3.775461420736632601e+00
1.651346034541391061e+00
1.812257636773259017e+00
2.798968727776439902e+00
1.190223266909348876e+00
1.422624473023946345e+00
1.684403905166379500e+00
2.353749731521229016e+00
1.529183553820356645e+00
2.374549931006145975e+00
1.585347954572617013e+00
2.548450320564912719e+00
1.127175711321298346e+00
1.735392248004528293e+00
9.882980332416992919e-01
8.482514124539994871e-01
3.414340300789659999e+00
1.154423949324756782e+00
2.294098736516095194e+00
1.186280867574145192e+00
1.123257523253796464e+00
1.781059914901435448e+00
8.083162489064851242e-01
2.699942593479496278e+00
1.421918006878810203e+00
1.473091269343972609e+00
3.103246249036369253e+00
2.463433381397156730e+00
3.313895744176848179e+00
1.661554063258313008e+00
1.892952736746651432e+00
1.839550001363126075e+00
2.260410020491681493e+00
2.615380569310468584e+00
2.411285872883842885e+00
4.900556819159593402e+00
2.509365454681187213e+00
2.318610062374736991e+00
9.370478050060990771e-01
2.288170994110499734e+00
2.374421710828511056e+00
2.816420518253502259e+00
2.856878348091495656e+00
2.429408431394410428e+00
2.535794338519613778e+00
1.699394564851982592e+00
6.982839431628291571e-01
2.338685231737118730e+00
2.191478303904614400e+00
1.320358451177338299e+00
2.530134756165787202e+00
2.057468459031732255e+00
1.455968147484555830e+00
1.496106037311407455e+00
1.980057026813128118e+00
2.702216429387272800e+00
1.753077060929112196e+00
1.751899519897573754e+00
2.048707940700775332e+00
1.767620371985044736e+00
2.005033672586758797e+00
1.887382958002215894e+00
2.991470366601211239e+00
2.703063548916280201e+00
2.045646294971184886e+00
2.118480666981554794e+00
2.176644740536009426e+00
2.355905236321185203e+00
2.047251372029666339e+00
1.694295569869881390e+00
2.704753658356062296e+00
2.015087182117602183e+00
1.423382610072608134e+00
1.125362887116799548e+00
1.437832708547161387e+00
1.631236662897264988e+00
2.326193303111699251e+00
2.546605998237806645e+00
1.915740710003608793e+00
1.559570406707816437e+00
1.485375972146551593e+00
2.082493084055373256e+00
2.482745705775313283e+00
1.799558979934373859e+00
2.485393626799322853e+00
1.366230836512413171e+00
2.448079262124298605e+00
2.210626557928808023e+00
1.464258032407774746e+00
3.754918541870111426e+00
3.097905776633692376e+00
2.139046328367007366e+00
1.379995827209637982e+00
1.479222569861807335e+00
2.327612150357958321e+00
2.341698144772881740e+00
3.176737559278851375e+00
1.348186363971692003e+00
3.421753120951860350e+00
2.243401715485099146e+00
1.698873929152186601e+00
1.855806520092131651e+00
1.645815043964280910e+00
1.828741314865255374e+00
1.961047554964872708e+00
3.188338205117702717e+00
1.613874783428741244e+00
2.597048839373247819e+00
4.003560460290891854e+00
1.962257288216673778e+00
1.605684097391564480e+00
3.542558649092839129e+00
2.188407377069643278e+00
2.672963139715579306e+00
1.571829735671531614e+00
1.605994867952218241e+00
2.355821101157185016e+00
1.736850394337633663e+00
2.437920513841238090e+00
2.690668894880748230e+00
1.609929366509360360e+00
1.542052730595483201e+00
1.977569815470826775e+00
1.044135797753147132e+00
2.057505447215623562e+00
2.594506935752634469e+00
1.999323639085423654e+00
2.649898145004306649e+00
2.704760754082468743e+00
1.896669250789619898e+00
2.416447830054142987e+00
2.165590395399474843e+00
2.361595715571202625e+00
1.721999146540365677e+00
1.704833408225470803e+00
2.527104044275877648e+00
2.845214564592693840e+00
2.585315991977292782e+00
2.184982625996501948e+00
1.421924535734836903e+00
1.654520368660824969e+00
1.221509179365891873e+00
1.400444047708815809e+00
1.270748824634397867e+00
1.197182250758248800e+00
1.519095635857352855e+00
1.828465519425359842e+00
3.231672356356248166e+00
1.249823421813305746e+00
2.699224763529486371e+00
2.595822639670231080e+00
3.735633734466455635e+00
1.686656357591254096e+00
1.718974551817331387e+00
2.065588998297261725e+00
3.013413630790124031e+00
2.133535035743754804e+00
2.916116915127291431e+00
3.646924386276486629e+00
2.475419918718857915e+00
2.599238734841804011e+00
1.919865612259491705e+00
2.721169564180818679e+00
2.399824990447777306e+00
2.014323212323735124e+00
2.452069981245819097e+00
1.987530361955253788e+00
1.457526312933109303e+00
3.337013082752101401e+00
2.428982744479286637e+00
1.804945997327396690e+00
1.212943960271278154e+00
2.440634522772991755e+00
3.995041897376196527e+00
1.942977819748504142e+00
2.375758193675896024e+00
2.052772991660952506e+00
1.138006893230830485e+00
2.308305597684072730e+00
3.263158167710612734e+00
2.878640738190696879e+00
1.672935586872950520e+00
2.362546783681469975e+00
1.215570639369038641e+00
3.723850832251009990e+00
2.332668660530473392e+00
3.670835504393219928e+00
1.939624959391970549e+00
1.582446612699767385e+00
2.342213834025799191e+00
1.464059556360987058e+00
1.525308357351897071e+00
1.649853473161212447e+00
2.580708156877661086e+00
1.503530199335551654e+00
1.208630469149016173e+00
3.245262230935883174e+00
2.514164629602039902e+00
1.924897689714154314e+00
1.620721428270607722e+00
1.034173478743104502e+00
2.268925401370040618e+00
2.802089630500228523e+00
1.494946038359803442e+00
3.095353533680176294e+00
2.050412212912830601e+00
2.090100956120751974e+00
2.012797108932773860e+00
2.094354157342063871e+00
4.208499445117549698e+00
1.923987445296194476e+00
2.122689868442984018e+00
2.376022099100090657e+00
2.861877989799790356e+00
2.530480511584135783e+00
2.286937848628812553e+00
1.378589175758710983e+00
1.387080703494549594e+00
4.105737196544715140e+00
1.196372939193283136e+00
1.505852913366525492e+00
3.034859863609832953e+00
2.205033250217053542e+00
3.022051327547977895e+00
2.224103067301515857e+00
2.438432347428083347e+00
2.632355447766854706e+00
1.901967036711966763e+00
1.440974770839844377e+00
2.929936227107521329e+00
3.514089435652209215e+00
8.674296762812012673e-01
2.786326778363207080e+00
2.620128390410863872e+00
2.078997180725201233e+00
2.478368515001805772e+00
2.225151794602677313e+00
1.475452388893848443e+00
2.638444284193775413e+00
1.533762467804803853e+00
1.427291716280925993e+00
1.728526983248153126e+00
3.147104738909754396e+00
2.581973688923404175e+00
1.018248900771777432e+00
2.021235599738843369e+00
3.639130212682013976e+00
2.180214346085388222e+00
2.516697654834906039e+00
4.404670034468740170e+00
1.822766681752915341e+00
2.656645584216086764e+00
1.481997254633812044e+00
2.063328302060893016e+00
1.917993690645993343e+00
1.641092177603938884e+00
2.830337746442011859e+00
1.659600337798403213e+00
3.203132792967813725e+00
1.940208940540741223e+00
1.777355704213079646e+00
2.336318922106420448e+00
2.342633560109826263e+00
1.722976404579102727e+00
2.044984975608242550e+00
1.494546568754999694e+00
2.112845678777740321e+00
2.183522481701105633e+00
1.391579100031917315e+00
1.161020596802557980e+00
1.803138658221495438e+00
1.739234206164560703e+00
1.656234308286957502e+00
1.603567779320148601e+00
1.696759622724556715e+00
2.082297950420703092e+00
1.408972862875580212e+00
1.577832516152676723e+00
1.636988884433016045e+00
1.876261048836600054e+00
2.859829103803159356e+00
1.628528219001192712e+00
1.680423524700692672e+00
2.127076967472176339e+00
5.473865107997495372e+00
2.391797200001252843e+00
1.316391836698353357e+00
2.122273732075668828e+00
2.707098145525487887e+00
2.250369626775210907e+00
1.827903572273370081e+00
2.646337907280480017e+00
1.313271912449018419e+00
2.564039221530403534e+00
2.912378828294550637e+00
9.145679424637043198e-01
1.869811097095638530e+00
2.314628840400376752e+00
9.899218558485645136e-01
2.018786284041672374e+00
1.679828502050427774e+00
2.141925451629022259e+00
2.366038919968387777e+00
3.084325776932351104e+00
1.769323499389453547e+00
1.783017163837596453e+00
2.332708991177072200e+00
3.531852043137858388e+00
1.919621133386544276e+00
1.916983486020459759e+00
2.496200093935578401e+00
2.295347767209953371e+00
1.847683689926623352e+00
1.535001472196446004e+00
1.814219044986728591e+00
1.892534742052818686e+00
2.990908972600573978e+00
2.449547929104312516e+00
2.636935878381275522e+00
2.586329807409333270e+00
2.070969940237723961e+00
1.726010177492927289e+00
1.893400179859551002e+00
1.683345933201126687e+00
2.400711362348972422e+00
1.811539165398878382e+00
1.094652915436153506e+00
2.841086638125002395e+00
1.634366057139164052e+00
1.863295259448779273e+00
2.171141173284005799e+00
2.310920046335779077e+00
2.175315085088261213e+00
1.126905786978689816e+00
2.177495151772674387e+00
3.440845382682328424e+00
2.196195365870596827e+00
1.521107122598431616e+00
1.870199152550542143e+00
1.879830764834800716e+00
1.041139947718127789e+00
2.157009865958884554e+00
3.173675160789380278e+00
2.680162838774737821e+00
1.095930132496511611e+00
2.235805096973189077e+00
2.662886805720003469e+00
1.869017896516839361e+00
2.527397108408664828e+00
1.197587791718205397e+00
1.856681021207670090e+00
1.773459486452233946e+00
1.834406819339141848e+00
1.919552868522040212e+00
2.052085333464350292e+00
1.502829602632312245e+00
1.363794043779173570e+00
1.472042651514882339e+00
2.457028527336365897e+00
1.414089734755362038e+00
1.923334991519414672e+00
3.299061844557583889e+00
1.950118747673871278e+00
1.637290592597080874e+00
2.215821636863513522e+00
2.646462700097893972e+00
2.788939365520021418e+00
1.503152618767751303e+00
1.367069293721307810e+00
3.551286068187743172e+00
1.421180846890505833e+00
1.540414813136828709e+00
2.525675003263197382e+00
2.925997359540320808e+00
1.332603222877124294e+00
1.657149503816432778e+00
1.364616428813651750e+00
1.931660941105225460e+00
2.943543856210317333e+00
1.673381816731663418e+00
2.273976158672685877e+00
1.393733991137565242e+00
1.504228662113118897e+00
3.480127695094461959e+00
1.206953309134781049e+00
6.307675907393625048e-01
3.089670349420177597e+00
1.662762926512564521e+00
2.202158897090778833e+00
1.792789141592314062e+00
2.381006304298554976e+00
2.485968397050087209e+00
1.490148250860904744e+00
2.505500856700535905e+00
1.764788479151883749e+00
1.474062720227470757e+00
1.137106842054929068e+00
1.733478642645310375e+00
9.043967946262653212e-01
3.200498783852860463e+00
1.634513851048930322e+00
1.846852649461330431e+00
1.642212745915744510e+00
1.841262557573531522e+00
1.764549651136765762e+00
1.565677256477025825e+00
1.189855830850778950e+00
2.530086171259683603e+00
2.898650686368018370e+00
9.450957123724708087e-01
2.262690471390285119e+00
1.683390793922192596e+00
2.893243342173969168e+00
2.214397074408353649e+00
1.986369512486977795e+00
2.552040673249432956e+00
1.704670404761444935e+00
2.363242959869019000e+00
1.833731616166813572e+00
2.124486529719176175e+00
9.038039277449074760e-01
2.660955505608781912e+00
2.482325577713498266e+00
2.281735082325686115e+00
1.338959690940251690e+00
2.309502839605467983e+00
2.103782106041921285e+00
1.724275294393505131e+00
3.217959165077588057e+00
3.844448110041023714e+00
9.436979134172348571e-01
1.986943886730388131e+00
1.884299866649746136e+00
2.202162647863944223e+00
2.495549504061778112e+00
2.427764088036264312e+00
1.856475812993134245e+00
2.169484369575256366e+00
1.871675460084207154e+00
3.011636785009775608e+00
1.470151373936056771e+00
3.171300925562760664e+00
1.160184165865012496e+00
1.522139788032785823e+00
3.026206297195112693e+00
1.853147642638063974e+00
1.469120344117355259e+00
2.462239962487157818e+00
2.426866188218472331e+00
3.004185769549299501e+00
2.123666501755455016e+00
2.606763029815600152e+00
1.429187725746863036e+00
2.130611580684028006e+00
3.960174174821601500e+00
3.675708366407554717e+00
1.405940376123905766e+00
2.059589307517958101e+00
2.727964316268988831e+00
2.210039366862175392e+00
3.429749735331241833e+00
3.685783259272692458e+00
1.840644431022258942e+00
1.674987686819657373e+00
1.978050579801301279e+00
2.098302437415984212e+00
2.633097052195442433e+00
1.021604307667918876e+00
2.094620409072970091e+00
1.029027245511522359e+00
2.806997810548754746e+00
2.102014221422327633e+00
1.421768981156382727e+00
3.336190139334841209e+00
2.241082139899481795e+00
2.417391906296370685e+00
3.113624217135582128e+00
1.863275145677002254e+00
1.289558287771220613e+00
1.937534454545061902e+00
1.558690533108001430e+00
3.234619227795511254e+00
2.074483143996808998e+00
1.494347178301239643e+00
2.302419501878255392e+00
1.500722972955268020e+00
2.296473102069595651e+00
2.245164045062320479e+00
1.692411151197947605e+00
2.715327327561519954e+00
1.200774902411054113e+00
1.067811661370194676e+00
3.077757913368235787e+00
2.437648064020439875e+00
1.901365363594302416e+00
1.460683007993047067e+00
1.737884057249370562e+00
2.593195546143839181e+00
2.043826015563941834e+00
2.331696915451629160e+00
2.779747110381858288e+00
1.315351869921569605e+00
1.694605097091348878e+00
1.052715723117426005e+00
2.151189887517557686e+00
1.353465137200284385e+00
2.095471391725379107e+00
1.768379995716066855e+00
1.289124834929433971e+00
2.052717668806122386e+00
2.916364473814942126e+00
1.701350596201672394e+00
1.658204289880162774e+00
1.840060786406799931e+00
1.587597624603618529e+00
3.341686532796985798e+00
1.655138371248056073e+00
2.170944908751181401e+00
1.922614178598815338e+00
1.482483304244429423e+00
2.575655367157938969e+00
1.633568437727264122e+00
2.040667230971878965e+00
2.910571756080325478e+00
1.510315180048486194e+00
2.227845887961907856e+00
2.528861330486350312e+00
2.648082898892421877e+00
1.839735827406482560e+00
2.382479921568632975e+00
2.387790556291042421e+00
2.839633178796435953e+00
3.122587880504468671e+00
1.856991378565693296e+00
1.742208206961705308e+00
1.222781433185669009e+00
2.238175355757021201e+00
1.948004420021797412e+00
1.971088215649311248e+00
2.385028148672247550e+00
2.505085579342359203e+00
8.010801833922234216e-01
1.496472237732016763e+00
1.592848216424774588e+00
2.394773587343614896e+00
3.017583201914093127e+00
2.465455183047786214e+00
2.057598803683597488e+00
1.592229401310839565e+00
1.757327958941596657e+00
2.413896590367625716e+00
2.310877303268797700e+00
2.777247255704988760e+00
1.585014914395386443e+00
2.001522811365605836e+00
2.031854478370386907e+00
2.439867765540491451e+00
3.342291397910271300e+00
3.179160282022199802e+00
1.735118464888310896e+00
2.821783036554587731e+00
2.434014253492351898e+00
2.643740454480841162e+00
3.220910059833909767e+00
1.564969137824009593e+00
1.856640503754126259e+00
2.796728929197994873e+00
2.721394353694360557e+00
2.245138653109711502e+00
3.395670640082111724e+00
2.878531066072315348e+00
1.691704994805333984e+00
2.265027302243990626e+00
2.170819235347024811e+00
1.695692746894451375e+00
1.936162448497188215e+00
1.525440216656456682e+00
2.854002577073977420e+00
2.544965574937894104e+00
3.216772992646882212e+00
1.961999381752406846e+00
2.072404629686916522e+00
1.865306245585897971e+00
2.935697530779887821e+00
1.413258469221490676e+00
1.734596737857166282e+00
1.680244087909788631e+00
1.831113784586764215e+00
2.567687497203261948e+00
1.655097413111352278e+00
2.759216571946041530e+00
1.427915556360032978e+00
1.493398107693253651e+00
2.180275496295127624e+00
1.561921361136223263e+00
1.487640104876293279e+00
1.293738134624747627e+00
2.105011312637932175e+00
1.699557092953022597e+00
1.931385514650433288e+00
1.948243644002643826e+00
1.834014636252673913e+00
2.060344825825508153e+00
3.167582968756428308e+00
2.006309452857886644e+00
2.398129434921683067e+00
2.378586196871442571e+00
4.110264153772113183e+00
3.041246016107209016e+00
2.533635766284803914e+00
2.215720721647212343e+00
1.568024424454018018e+00
2.885106230023518847e+00
1.757853351271281284e+00
2.445811708326018241e+00
2.158376436818683075e+00
1.985173323787865485e+00
1.923931784284805602e+00
1.591181432231922210e+00
2.460134001874858978e+00
8.495542146290718799e-01
2.143952854638115468e+00
3.247441333178339384e+00
1.657474120249807115e+00
1.635277580848015333e+00
1.202399051774706296e+00
1.524609673347762095e+00
2.368393294553754469e+00
2.600890602813071606e+00
1.965204948960717735e+00
1.211663939097716636e+00
1.889232277836668139e+00
1.258548622760802038e+00
1.529157669604636949e+00
1.174169106384887806e+00
1.264430010117654435e+00
3.113067172276800409e+00
1.948998986107760789e+00
3.568503341568584730e+00
1.468377515546025913e+00
1.987038641599485400e+00
2.409752710845906698e+00
2.419291326525799146e+00
2.413405471972457583e+00
2.054804221152923382e+00
2.227650397441275576e+00
1.265191937032434932e+00
1.646697817879523296e+00
1.453131046031045370e+00
1.973817461243628335e+00
1.715081326307877907e+00
2.401598510948970588e+00
1.818734924046960577e+00
2.277256046891236618e+00
1.635619152285560096e+00
1.643384602168504349e+00
1.139921095862348244e+00
1.894892969216736001e+00
2.128969315877722757e+00
1.510667828367578736e+00
1.371006459772807773e+00
3.276233146893407167e+00
2.774178235374975099e+00
3.476546254992287199e+00
1.818603937084223077e+00
2.521159942025006373e+00
2.539287603734926346e+00
3.184771244438959314e+00
2.057716911675268712e+00
1.900758171078464676e+00
1.058361040283431143e+00
2.536535607625344468e+00
3.441497893599614777e+00
1.925615575408714530e+00
1.202446836845491918e+00
2.294799603693371548e+00
2.269471748781402454e+00
1.837606382500069691e+00
1.322656643156164158e+00
2.906035749643540722e+00
1.709848281836706674e+00
1.840430882974997573e+00
6.823368031772386599e-01
1.502926779980712446e+00
2.793021752013667758e+00
1.863140924267884468e+00
3.086681612270782971e+00
2.157494694017291881e+00
2.129758606219178674e+00
2.897271384193227384e+00
1.976517378505192157e+00
3.581783099896946876e+00
2.754490522790452367e+00
3.923710892813742301e+00
1.704411184263785239e+00
1.610466321032947956e+00
1.988765934868957919e+00
2.509642326171981352e+00
1.640589442604870385e+00
1.037682065103188611e+00
2.627716951506180010e+00
2.325579341989963300e+00
2.183133052554471210e+00
2.363994506437415932e+00
1.729032233644010041e+00
2.020969746871446926e+00
1.983825956159281478e+00
3.175798740352778537e+00
3.224634988232279120e+00
2.692751468218672173e+00
2.364370498402693421e+00
1.809214928740068729e+00
1.733483282936593595e+00
1.419585757543674331e+00
2.215427446587873384e+00
1.780480346680657577e+00
1.700729111639559754e+00
1.196618099978302485e+00
4.240537959363859244e+00
2.313003799738136301e+00
2.912330180223944076e+00
1.908362605863507921e+00
2.126964032947911143e+00
2.096392620685170627e+00
9.230538722141693464e-01
3.753630130374225438e+00
1.471189967048836422e+00
2.203286287318096726e+00
1.568753191553021731e+00
1.909089136377729368e+00
2.046436389693503166e+00
2.426227624648531478e+00
1.280524841181499340e+00
2.479332873597153597e+00
2.465577752299376257e+00
1.094689583172953506e+00
2.095058266315092066e+00
1.558740289011164570e+00
1.573043296707252958e+00
1.637143338123761449e+00
1.325386184887328955e+00
2.212540116329763329e+00
1.909053327920086307e+00
2.243007039228581689e+00
3.148128749754654621e+00
2.482133474465310297e+00
1.523586113606203218e+00
1.921654988483644466e+00
2.503706668653321366e+00
3.034282038135247106e+00
2.039527870076780491e+00
2.654722406085961328e+00
1.816148222752783425e+00
2.347219435870794069e+00
3.205640979013899106e+00
1.949645804336403998e+00
2.532259781618312999e+00
2.920412573168601256e+00
2.116488170086937348e+00
2.205079399885518932e+00
1.790793617071018584e+00
3.115350089648561305e+00
3.035864878157294111e+00
1.359414769408283874e+00
1.312056501970635169e+00
1.168258729859777523e+00
2.669712811654679552e+00
1.601165090369077282e+00
1.798059806289761697e+00
1.795011457307398972e+00
1.918586389771694822e+00
1.039916108714554088e+00
1.829621382849595079e+00
1.353824021190904503e+00
1.852748450312874384e+00
2.408309271909951033e+00
2.134279697505323981e+00
1.580653758806132458e+00
3.223960998535897460e+00
3.336841672654661917e+00
2.010621131966044750e+00
1.397928650822429120e+00
1.547161812493524025e+00
2.701213032775022782e+00
2.071177651350008642e+00
8.343818920725232235e-01
2.670214066983172430e+00
1.247660239571229956e+00
2.639058780028950224e+00
9.825203113541670641e-01
2.942722036735345714e+00
1.469429465795159206e+00
4.246090605104058113e+00
1.536863949679940999e+00
3.087988219396907486e+00
2.356823871956442495e+00
2.057355535794610724e+00
2.101628318789535488e+00
1.846593645256558558e+00
2.142352854723358124e+00
3.374907652198305019e+00
2.371228118065684676e+00
2.700207781026311427e+00
2.153353593041010150e+00
9.008218997303290010e-01
3.061845883634906507e+00
1.340642579667429501e+00
2.867345247455446611e+00
2.132096673080480009e+00
3.229635047035545270e+00
2.409065603677790879e+00
1.940142576377462458e+00
1.524526879391409295e+00
2.183497821035679909e+00
2.138504545987751193e+00
1.596405473740134529e+00
2.067987827654910404e+00
2.134246915720378723e+00
6.522990874941874129e-01
2.342385080026642807e+00
2.062395536711596034e+00
2.463851610325786812e+00
3.088701451322502844e+00
