2.919404331462833291e+00
3.701169918091591349e+00
4.808540690940608542e+00
4.302093438841675166e+00
2.030876918688643951e+00
1.903869762259386089e+00
3.485154035063905198e+00
8.763026531276807418e+00
3.329554395543200762e+00
1.059695348918343072e+01
1.808288381523647015e+00
5.137252943971442498e+00
9.573329463930930316e+00
3.220473949320516560e+00
3.897369436622386552e+00
2.817407347287539832e+00
5.156037795895933584e+00
6.134188438188838077e+00
2.817291019729318169e+00
6.938876656409203036e+00
1.938572417075991705e+00
2.075075835657276713e+00
2.685862732681451259e+00
5.029424608005455433e+00
5.779948694173544510e+00
3.221333382685210189e+00
1.440011429430957390e+00
7.566932863395551934e+00
1.257376580098302998e+00
5.987877494694365588e+00
2.672079363182576994e+00
2.987252690166704916e+00
4.895732035288929751e+00
2.388422303772039346e+00
2.474629830778148687e+00
5.121666293297171713e+00
7.521045997803907923e+00
2.741666768231737272e+00
8.570890417852950804e+00
1.844529796862430793e+00
8.429959810285234667e+00
1.644627998869273799e+00
6.577062321876252504e+00
5.795935547439405866e+00
8.132447572013504100e+00
1.363485935234925339e+00
2.528129072151910073e+00
3.198287657056583022e+00
7.461117467971892125e+00
8.529666321661119710e+00
2.217224629951437542e+00
1.984495039446180442e+00
1.209989564058267630e+00
2.912743840017954167e+00
3.127565592958490903e+00
2.856560059855309142e+00
1.280104391967617383e+00
1.549827026396624063e+00
9.189191400974859869e-01
2.758953311327462909e+00
2.678257064469477644e+00
5.667244439788702515e+00
4.442857033922907206e+00
4.464805771894639896e+00
3.687830013943817598e+00
3.640667726702130125e+00
1.437097320496595110e+00
3.086555120275708219e+00
4.108035851000234828e+00
4.685054006648934788e+00
2.094694573719695363e+00
1.691394907332038455e+00
4.677339790750719928e+00
1.176407606548994345e+00
3.525852164751029694e+00
7.281475837518603278e+00
3.056996812119680218e+00
1.095995033230528604e+00
9.262088692001333445e-01
4.230735240648733964e+00
4.350862501223551781e+00
6.379876113696743012e+00
2.828954583316206861e+00
8.728506448631220271e-01
1.615190830866817917e+00
1.527633062247850670e+00
5.106196958835317545e+00
2.590759064186183736e+00
1.285471090192037646e+00
3.102954818567673634e+00
3.242578877821681527e+00
1.068024950940802853e+01
3.013985517338222397e+00
1.198408060502874761e+01
5.321174483995344318e+00
2.135086991638350806e+00
7.723722382917260987e+00
2.592384600373628611e+00
3.838870175596434731e+00
7.762911546543256769e+00
1.061132640710610531e+01
1.341625238170280454e+00
1.639347293765185620e+00
1.886573793592097648e+00
7.343494239124735756e+00
3.255017449778033978e+00
3.739719148343311872e+00
2.684211436932551820e+00
2.912654571115798507e+00
8.485171788377225965e+00
3.302282228814154230e+00
2.317809828332073607e+00
4.531768642839589134e+00
2.026750080866446702e+00
7.161440236076797028e-01
4.790899302276587335e+00
2.407421942069957854e+00
1.364354593864134602e+00
3.489576676855789206e+00
6.638834657072051115e+00
7.146464943694806671e+00
1.166532246084963420e+00
4.440871867542595552e+00
2.412363680049657955e+00
4.262740315162941940e+00
2.707975087350659837e+00
8.090519537752003387e+00
4.672940387205201773e+00
1.931719250303095992e+00
2.246723156040217617e+01
5.977207688227705873e+00
3.222033545582449143e+00
7.583083051555258969e+00
3.246084607581656734e+00
9.236815614965163235e+00
2.505977987296117870e+00
1.421752618116132183e+00
3.568377760867597281e+00
8.540152100744876407e+00
7.524769632525733165e+00
5.329237070556550604e-01
4.363348681852499134e+00
2.002040108521154771e+00
1.355153199408758447e+00
3.819550813033508962e+00
2.366654036408327944e+00
6.871770777705344280e+00
1.077654082365022958e+01
2.838506174538432347e+00
6.406460319967523631e+00
3.526410429085391041e+00
1.527821259755234085e+00
6.755467310800976399e+00
4.216460205007348527e+00
1.194768496586833262e+00
6.710764006415509186e+00
1.325977635987036551e+00
1.281347794288212327e+00
1.292458696202052870e+01
1.971632642800564383e+01
1.298599549017677379e+00
4.577488769754906706e+00
6.748527769752647565e+00
2.495338576370741634e+00
6.860371442164385769e+00
5.398967447539822828e+00
2.311134610659599353e+00
8.790326780358192593e+00
7.165356570304242112e+00
8.746991160013280364e+00
2.355007474276375135e+00
3.457535699262141105e+00
3.359432046413544537e+00
2.667562305404194589e+00
3.844145693877962344e+00
3.556911142903499634e+00
1.861112723133815372e+00
5.780842754377348847e+00
1.743757791126072210e+00
1.838353240512535081e+01
2.374791038616945738e+00
2.975772086917484849e+00
6.246583481683027017e+00
1.913027649678385123e+00
2.498827708676479187e+00
3.901622694774386613e+00
4.953136171987037706e+00
2.732948769102091280e+00
5.296904729555556024e+00
2.025758688094779991e+00
1.254345258824384635e+00
1.703917823368636064e+00
1.045741994726696378e+00
4.270447685157684248e+00
5.386122913834254788e+00
9.979288246802058282e-01
3.203909607391056014e+00
1.801888725409326319e+00
1.727962545419588736e+01
5.137281180230242050e+00
4.807636191004623250e+00
2.395519551780328271e+00
4.072466762537166218e+00
1.199697056067160084e+01
1.126292524924073613e+00
1.393987173044079375e+00
2.838595574350759154e+00
4.814529705611073851e+00
8.689702083672138144e+00
2.232186927045250346e+00
3.481806636627701845e+00
6.152271004646331143e+00
6.830812081211847797e+00
4.726979703716434500e+00
9.369604292189150030e+00
1.700344753260044417e+00
5.396384269713918158e+00
5.403788782424644666e+00
1.210535757733459672e+00
4.909745168861788578e+00
4.109853565496894845e+00
5.073721735414542522e+00
4.735839324744496537e+00
1.892624153984275193e+00
2.393991990954519977e+00
6.191127227884571482e+00
2.592136196614888810e+00
1.985026964196434207e+00
2.478455769819916554e+00
2.470719018686619695e+00
7.107106436609718081e+00
4.700521036541948305e+00
1.539013175311059811e+01
4.488945154256739123e+00
3.247702350764207768e+00
4.052859299222353329e+00
1.059573689061806334e+01
6.832063071849573177e+00
1.906353055267421048e+00
6.799262989622284259e+00
2.180997582587777206e+00
2.437740437511129343e+00
1.277365458235713191e+01
2.225321434086753314e+00
6.428312604776931671e+00
2.269616674742549023e+00
2.574620553367814146e+00
1.508034626120061006e+00
1.660621189552036014e+01
3.745539556242394319e+00
1.239672472733758291e+01
3.207806969323053981e+00
3.139576279660809988e+00
3.175764082729052529e+00
7.021259108615409694e-01
2.907200177613736169e+00
3.919662733786077435e+00
2.451229932251663080e+00
6.786991138150677116e+00
2.389231400431386820e+00
1.605072263783918318e+00
5.807604901540196707e+00
1.511958135816272586e+00
2.203765482134913967e+00
3.700007472750908022e+00
5.054417406870845397e+00
5.887188640664101413e+00
6.463876321089738752e+00
1.018691247199103422e+00
1.484402909670570025e+01
2.875912166739832632e+00
3.340263032232431595e+00
8.526144061047929767e+00
8.442443797639117564e-01
5.955109914119319114e+00
2.320027877298400210e+00
2.924783269351995507e+00
8.451537713105381044e+00
6.259309999624997012e+00
1.927503424765201423e+00
2.367586169317960287e+00
1.479356300866513818e+00
6.068083351591321950e+00
1.070268527759376909e+01
4.079466183024371695e+00
4.838082873636404102e+00
3.676614344146874824e+00
5.650648496027430134e+00
2.645492728970066487e+00
4.324452413647875915e+00
3.023284378511294168e+00
2.504354798208787258e+00
1.355095740255110925e+00
2.252432442543730318e+00
3.343019185926935144e+00
5.510691168820603281e+00
1.845141049789756682e+00
6.004694646859602081e+00
1.658638149450964150e+01
2.969723195982602704e+00
3.358989109293611275e+00
4.498737649137877881e+00
1.607379121777515962e+00
3.118887081627645053e+00
3.895658256521156826e+00
1.652535485541187343e+00
3.306781187337702654e+00
3.476893290544779358e+00
2.565410648107958380e+00
3.834456280731567190e+00
2.096250155983549135e+00
1.148654363755791108e+00
1.769629449477518435e+00
5.280262039749544556e+00
1.086548848451122540e+00
9.626837089215747767e+00
7.203579159564153400e+00
4.296950831933600057e+00
1.664500296900353060e+00
3.718568424971819830e+00
1.269454203288482397e+01
4.911111446524879298e+00
1.625810857009116361e+01
3.431747976190966831e+00
7.694590929357076448e+00
7.411472787243998717e+00
3.753009759533511680e+00
3.212036838030807306e+00
6.340015581933091227e+00
6.824660867767953221e+00
2.607973260722749487e+00
4.255105928112395297e+00
1.800320629807390604e+00
4.813650423305205095e+00
9.383435689700805327e+00
2.272490629886066760e+00
9.599421667604179476e+00
5.315825848267818010e+00
1.608940359308460355e+00
6.035999824146948356e+00
3.067539896643160624e+00
1.192410950950585358e+00
1.125814218640236453e+00
1.519435865756354032e+00
3.416943112511445335e+00
6.592069985066194349e+00
8.562658671184440351e+00
2.440117632746694909e+00
2.541971158011463228e+00
3.134033331318791582e+00
1.715184087947056790e+00
2.449033616719840545e+00
2.683258540293421923e+00
1.609288483260584046e+00
1.459064170589147169e+00
4.231154584888665582e+00
1.235061252306121737e+00
3.162883803291358653e+00
6.044730531812502861e+00
1.074290544956916094e+01
2.443159272490011524e+00
4.388318199774804640e+00
1.556986506463928999e+00
4.747019016601615071e+00
3.280202546870310876e+00
1.767463580518761290e+00
1.873210055367158899e+00
1.415916577055256420e+00
1.842534633655239507e+00
2.959322132412792961e+00
1.042316289958505848e+01
5.031190114886857856e+00
6.963411967272297609e+00
1.800959610326543725e+00
5.552594455752606351e+00
3.131636447212421182e+00
2.084226795197936966e+00
1.262127527736184529e+00
3.144215353683415426e+00
2.175602659857093890e+00
1.397457207013316438e+00
3.876916911822804401e+00
2.068455403095523781e+00
3.310494145795424892e+00
5.580158816663185917e+00
4.479552795953194888e+00
6.838036612224693833e+00
3.018442538789349427e+00
1.564182364645374523e+00
4.022593566021572364e+00
1.997442697129404809e+00
4.136281084993925994e+00
2.204374492141134567e+00
6.265706130706101717e+00
2.586377045761270033e+00
4.568896656884465557e+00
5.561000128702842993e+00
3.289951358952905025e+00
1.398012233282995398e+00
6.014423264417779968e+00
2.131184158782835514e+00
1.338225913296153147e+00
4.615514954642163659e+00
3.932746176109776393e+00
3.335600790044998210e+00
3.865621706566078508e+00
2.291456969873334693e+00
2.419322987854794160e+00
2.959397336927166666e+00
3.831370571056568419e+00
1.834820225932762394e+00
2.935239406513951543e+00
3.362193161509108741e+00
5.889890364952534263e+00
1.226426859952644044e+01
7.090234073120419422e-01
5.537077006033736204e+00
7.802016093711419131e+00
1.454216654264496977e+00
2.574034641917293698e+00
2.456444750220602380e+00
3.787655166286441943e+00
3.577396769843689484e+00
2.015555422172571109e+00
2.740026455641661141e+00
8.284632976323919706e+00
1.591062357575151687e+01
5.892421574742082058e+00
5.324789035200117482e+00
3.436134776417055114e+00
1.700627352953945071e+00
6.306614727542665833e+00
2.168087088045892230e+00
2.597593242429943494e+00
2.268520866114043244e+00
3.129643290961480417e+00
5.247997291316721657e+00
2.142825527502461469e+00
7.530753473981053325e+00
1.784329788279046314e+00
3.257014390398442316e+00
1.486918483861922269e+01
2.571714640478851344e+00
3.402471899541475775e+00
3.387037932351450120e+00
5.958343604526557868e+00
6.826840654397705599e+00
2.296045828609079020e+00
2.437222003540591153e+00
2.468667210220960584e+00
7.365486657238761836e+00
2.034335679632075866e+01
9.701034251985944934e+00
1.224415450037605879e+01
1.259245343775089454e+00
5.845506161730332551e+00
1.632916106464053163e+00
8.438595516577784394e+00
2.725391562728711747e+00
2.829155997333896888e+00
4.755190227526988167e+00
1.079424010772769904e+01
4.436757269629072908e+00
6.540896842975628012e+00
3.627746643260199466e+00
1.049545010841857140e+00
1.541679203761346173e+01
5.629529946241349059e+00
4.491831310172090141e+00
6.384165982059148980e+00
1.549343466968208238e+00
2.584773273420794659e+00
1.167905277350106408e+00
2.777570824135425998e+00
2.260878025383025047e+01
1.888094916305113280e+00
3.229751908866472121e+00
1.722622082815794320e+00
1.442515357098810469e+01
1.453269891330058572e+00
2.095035636594897888e+00
2.096475354680796599e+00
8.547644823006169901e+00
3.027398597888812048e+00
6.111271095286146426e+00
4.952460646325707039e+00
7.439180899924415336e+00
2.161016774029857590e+00
4.795693916202184326e+00
1.042312335075712415e+00
7.233946112040222864e+00
3.789867000128489760e+00
2.480165841843749774e+00
8.730256209023071534e+00
2.026217445055082500e+00
5.528550869946957214e+00
4.803165122194650749e+00
2.160536425681139239e+00
3.799952513030388612e+00
4.331304900563528015e+00
2.549340268714637592e+00
1.143606508678875811e+00
5.272828415187770901e+00
1.420706250007628846e+00
3.586224753158593792e+00
1.973164057811522598e+00
8.942473534421349513e+00
4.474550845684117206e+00
5.165923975615576147e+00
4.420280640008150463e+00
5.397152642997862237e+00
3.312607884989320350e+00
3.008188212376250004e+00
3.938169295394895020e+00
5.239442994666289266e+00
2.126183109290281426e+00
5.518938042269350142e+00
4.027314665861585929e+00
2.416854199803018410e+00
4.827356493037078700e+00
2.171524283323934768e+00
4.710006682260394761e+00
3.545032079252544044e+00
5.367047215698398155e+00
7.536822971770295254e+00
6.439448357473921192e+00
4.352429576815191936e+00
2.082083210618835167e+00
3.766876953084869140e+00
3.629391940689635554e+00
1.224816681005311825e+00
3.418333164904095334e+00
5.420894092237411144e+00
3.319552260338548777e+00
1.982887238282290410e+00
1.510258395835673007e+00
3.781829663552996657e+00
2.261902400868256890e+00
2.469712974748848655e+00
2.604042970600897622e+00
8.638139907499905457e-01
1.130588037248367783e+01
1.859599469383785220e+01
4.096713775626047216e+00
4.895968953082052266e+00
1.092633317806119164e+00
1.032307255492257525e+01
7.033217331589278309e+00
5.803622837756238440e+00
7.954388662747415850e+00
5.247757879872258613e+00
2.479855112071737366e+00
1.771236177776011944e+00
7.133006081547263122e+00
2.754559838277284456e+00
2.430157771339389150e+00
4.102147738570262270e+00
1.557491299717625566e+00
7.248858282188946234e+00
1.068154533827238595e+01
2.978131362764912193e+00
1.629081239901273070e+00
2.960463443058972466e+00
5.689248047254184648e+00
2.201804014836044487e+00
5.639845047590075211e+00
4.400613926979313639e+00
3.487881255333647790e+00
1.421493128371578818e+00
2.604803924471318144e+00
4.185141463847738663e+00
2.238434753293756074e+00
4.040543707012375307e+00
2.374356458196470676e+00
1.198004857240947274e+01
3.056088762020721994e+00
4.177483545290147759e+00
3.783503495217156232e+00
7.381873868416475304e+00
1.285941170094157870e+00
2.828033520734217099e+00
2.499449273885551825e+00
7.129350668437811400e+00
5.853923389768530328e+00
3.616240153353251774e+00
3.208079319391074602e+00
2.931640248513345703e+00
4.698325979401166919e+00
1.505774572430919278e+01
8.106647771809456060e+00
3.973411410546189515e+00
2.086780437697058677e+00
5.205767956700156240e+00
4.064754908775208619e+00
2.964433639681391064e+00
3.575125618671392669e+00
5.485858646184078147e+00
3.085097103579292455e+00
2.512787027272635587e+00
1.729267659149649639e+00
4.303414259058952140e+00
2.971563134810014439e+00
1.830036598107170231e+00
1.601641145497358032e+00
2.410551898575361118e+00
3.224052205171932250e+00
3.441774963353148920e+00
2.684665017675781140e+00
6.775621393150244032e+00
1.642972275409715266e+01
1.314863815563833471e+00
4.656981754276370289e+00
5.379352641761594889e+00
6.306734027581035740e+00
6.138302795194258143e-01
2.852531137301780095e+00
1.974504704883228934e+00
8.359666861274101635e+00
1.339145122348157990e+01
2.956828676198581363e+00
2.962045387826504061e+00
1.897756486490126626e+00
3.088475240461424409e+00
1.755968853656679762e+00
4.828276234724443228e+00
1.687879280090092138e+00
4.181967668424822371e+00
1.250757776556227219e+00
7.571774084924109971e+00
1.043514601835399791e+00
1.053373605206717656e+01
8.708139953973716985e+00
2.269831897134701126e+00
2.327206876242709388e+00
1.928582648454945092e+00
3.238845402145693608e+00
1.644441639973510449e+00
4.424138469423001041e+00
5.219344267082601796e+00
1.092567510344139947e+01
1.693500008154158820e+01
4.562619577152536188e+00
1.869177272709816817e+00
2.963730102578955528e+00
1.863246616213475093e+00
4.121902945944075469e+00
2.599332166465674554e+00
1.079703761042757115e+01
3.555389261678056023e+00
2.894123541681961953e+00
7.948608015672361304e+00
2.783244897310803267e+00
1.601579075538416674e+01
2.441560404700976683e+00
3.161310395499378423e+00
1.323862733321463647e+00
2.301058828788220545e+00
6.242839128678472349e+00
8.561200451370433839e+00
2.443903902572756248e+00
3.318019337074851194e+00
2.576838969013372171e+00
6.810309969634449345e+00
1.707628888589598715e+00
2.530175857990328403e+00
3.221762899600805419e+00
1.173235622147623047e+01
1.846564637695482958e+00
3.765586377225624393e+00
3.420653009369401865e+00
5.982490308081827024e+00
1.952960065934421507e+00
3.221507271282425755e+00
2.800705729060736004e+00
3.360168113784921307e+00
4.056592924338743522e+00
2.109028552594657047e+00
4.577104377869654073e+00
2.693812399861321705e+00
7.106304544455700700e+00
2.289630158840434415e+00
7.731224546657807117e+00
2.233377096888336855e+00
1.811077931629229809e+00
3.104906944815127190e+00
2.002500627216954321e+00
2.391956388833818448e+00
4.125799247812085291e+00
5.764036439336295281e+00
3.890013228868827166e+00
2.863757714464560955e+00
1.370466809505406225e+00
4.130163196281753990e+00
6.095914810537366613e+00
2.318789898988490972e+00
6.039380535509970116e+00
3.688730006565494435e+00
3.589511291391143555e+00
1.040019521955031045e+01
2.731196400945062663e+00
4.082555562865265664e+00
2.887423582754787610e+00
1.821168090545358886e+00
5.153481590264917145e+00
6.343319628993897119e+00
7.266874450231179949e+00
2.753365324035202732e+00
4.276519658106294308e+00
1.373413526356186409e+00
8.405447080715273245e+00
3.683882742358380202e+00
1.399881411226983552e+01
3.481933062539067869e+00
5.023270551289314767e+00
9.857511517441876592e+00
2.116677843289538785e+00
2.389531897499676205e+00
7.725778571979384779e+00
7.833872366550362010e+00
9.535318463054563987e-01
1.642083277731284152e+00
3.983189189389035434e+00
7.084394121910328579e+00
1.047060898055106826e+00
2.684715562321121407e+00
4.189689821728522112e+00
8.478992136676708924e+00
3.277031721422269950e+00
4.963475336359531198e+00
1.539590484864167053e+00
2.981116558181920340e+00
3.394435172808006662e+00
3.918770706659936209e+00
2.472319067293895944e+00
2.069410516418713097e+00
1.357408790774041751e+00
6.673570316358472532e+00
2.133049926518265416e+00
5.477585637113269179e+00
1.475707999185836838e+00
9.846545360490608800e+00
2.035391412191232430e+00
5.073639209434652741e+00
2.327386770432740004e+00
3.931049561850555651e+00
3.660186533600775505e+00
4.177020489269349213e+00
3.953301300519212358e+00
7.500800191356725044e+00
7.434164876103147357e+00
4.258129200700182082e+00
4.155598698477729336e+00
5.933197483211224643e+00
5.239966722510159158e+00
4.848306249294361159e+00
6.061085041735591261e+00
2.506838918117292536e+00
1.151628419447032137e+01
2.250634452140216624e+00
3.299322129916176127e+00
4.036174913897996319e+00
2.732658953807062474e+00
3.937096535205456327e+00
2.181819110756753055e+00
5.218890847716402881e+00
5.129583832809397670e+00
3.610894173603117263e+00
1.796061185689935780e+00
2.639698433124880061e+00
3.216022881123855370e+00
2.432962618231339746e+00
9.607834075425566667e+00
2.885452363788576946e+00
3.812721104893218804e+00
9.992670909996574924e-01
1.789831846082110101e+00
2.358273744055016330e+00
1.794084136357647408e+00
3.781730288009953256e+00
1.029122399603839000e+00
5.503007352696964283e+00
3.396990950213292670e+00
1.329981603115474309e+00
2.681644086699145557e+00
2.651700507452317890e+00
2.211588772463865649e+00
1.648708785174237246e+00
4.956779167288743793e+00
1.844854986639234751e+00
2.197941331559826850e+00
2.919956020137284725e+00
1.518947924336445432e+00
1.521652915829514674e+00
1.438239853107165400e+00
3.793353479707386455e+00
3.113762569714438211e+00
4.667162585725703750e+00
1.109467806100133291e+00
1.764448094831595037e+00
2.086591662295990801e+00
2.641439589060764259e+00
3.165470792237392139e+00
1.856535271591162495e+00
4.954774653185185507e+00
3.017552593081264334e+00
2.709130386479240649e+00
2.263565263001647399e+00
2.890931863324047502e+00
8.880274948362412157e-01
7.758618906896826317e+00
3.302165762039575903e+00
1.264223544114933429e+00
5.907842913126986950e+00
6.020465367409678414e+00
3.420680947564595620e+00
2.349931517092124000e+00
3.737747086520517570e+00
6.863172201271035000e+00
3.843165011836216838e+00
1.654487870523377424e+01
1.588039502215168763e+00
2.617194397406547690e+00
4.683270312523799106e+00
3.365099784240442649e+00
5.713215848210387193e+00
3.584259840972875200e+00
3.218338820571230663e+00
3.795681880371975403e+00
3.038262961214245106e+00
1.395167149870416567e+00
7.913560341872960535e+00
1.177063622723147596e+01
2.072207767597438632e+00
1.223597966288677341e+00
3.482070566925719479e+00
5.208925812572480218e+00
6.851207454968100130e+00
2.708644304254190782e+00
3.505682246276478065e+00
2.414095905769794825e+00
1.989169064298876188e+00
5.300012937182568606e+00
2.059175658888390270e+00
4.199643364711124427e+00
5.581052978607797144e+00
4.215432411961447023e+00
5.869470540763483513e+00
3.834529045144781545e+00
3.672551634885879324e+00
6.029389415093944216e+00
2.002883246595495326e+00
4.211926881487707774e+00
3.723516061741248606e+00
9.382811043301849452e+00
3.899793605338536029e+00
2.965258433668166660e+00
6.260752370138452649e-01
2.644639858977226865e+00
2.139410770122798233e+00
2.522509785744780686e+00
2.230930781316773803e+00
2.681705719124801046e+00
3.104332288518517835e+00
2.808154732861252167e+00
5.513873350341890855e+00
5.229561031315775210e+00
5.013942856696886885e+00
3.630499877567533673e+00
2.449446471725486241e+00
2.290605885359795035e+00
3.040468331057310181e+00
1.371649743732962223e+00
2.871917796773826748e+00
6.941767939034986235e+00
3.189723861804695915e+00
4.933315829333766445e+00
4.592488871944389928e+00
5.399248947526837483e+00
3.218961394506306029e+00
1.914444883263073161e+00
5.101968014248818406e+00
3.211491295511906152e+00
3.918407622947019053e+00
9.129644268240598493e+00
4.260528469382068195e+00
4.364705230217849952e+00
2.483193818653138596e+00
5.634037220333484086e+00
1.495581908904080048e+00
3.595520152703944650e+00
1.267475734454353464e+00
8.023730669064173426e+00
2.095482151058159204e+01
2.805790281359597849e+00
1.345781933793693597e+00
5.340711686240403822e+00
2.879917089337924452e+00
1.335214821164124821e+00
2.358567129396132778e+00
1.448079776983450362e+00
8.824484792392009780e+00
4.229761439936363665e+00
1.045458355591482125e+01
6.298998643267829323e+00
2.253117754672486317e+00
1.221183341232722874e+00
5.452652991582402464e+00
2.167753370678935809e+00
1.561877940296416156e+01
1.165898026385434383e+00
1.559779102037812004e+00
1.939019781452487212e+00
2.344415318795366243e+00
3.429507179542066186e+00
5.296700721384869581e+00
1.729529210467621425e+00
7.459322977725431514e+00
9.388807417427663893e+00
1.921770153756095167e+00
4.589712325230477674e+00
4.740628912351721347e+00
1.981018793522801413e+00
3.829158262297145399e+00
8.586833659869032687e+00
1.767917921827998562e+00
2.226646507818171639e+00
7.955583130532358993e+00
8.544516253916768278e+00
1.475089277148657452e+00
2.913982203361277890e+00
7.152836231340139683e+00
7.299593302129941286e+00
4.345735093515049385e+00
3.596561490482643286e+00
7.320398515342819046e+00
7.705324456174862391e+00
1.713154052464666677e+00
6.298470528522381429e+00
3.520859693869346607e+00
3.085626622238158978e-01
3.165413202512589841e+00
3.610576451589129654e+00
3.842197145751474086e+00
7.213126486191218767e+00
1.510271300826935992e+01
4.511328247361819699e+00
3.656785337656113022e+00
2.509325194615181331e+00
1.252018817774289916e+00
1.323475466406680345e+00
4.945650403287650931e+00
2.162813241356133620e+00
4.106159602986720003e+00
4.026457361320016304e+00
3.174552857196457634e+00
2.405903444877182995e+00
4.543539479815877691e+00
3.740751518980495405e+00
9.297747573204963034e-01
3.243061172900742584e+00
5.825912969394218877e+00
6.689976261493471910e+00
3.386044705005651689e+00
7.341251133532921358e+00
2.122436850916961770e+00
4.697097130199576753e+00
7.045784875192448560e+00
2.898131001884893809e+00
2.450804179724668685e+00
9.415704230744758263e+00
2.987783740876823302e+00
3.540067322574854458e+00
3.196542411661679406e+00
2.462846137127302271e+00
1.220764283391253180e+01
2.449633478414862786e+00
7.639780816497366622e+00
7.333672356449326912e+00
1.040308746902946524e+01
7.630117033936409499e+00
1.593392099377690885e+00
6.262073217638635114e+00
1.871516391188820849e+00
8.704156177915766790e+00
1.450026228413877627e+00
5.435665421190063462e+00
9.519057886527056311e+00
1.552386376568388293e+01
5.974805178656524163e+00
2.816252645910476637e+00
3.308333381266792550e+00
1.413315068374795480e+00
3.539379728891253407e+00
4.476255849601004755e+00
5.673003631695623383e+00
2.758730968856247578e+00
3.519842181438608275e+00
4.795905104779186523e+00
3.690758795746881926e+00
5.795204972293166890e+00
