6.102464986979053707e-01
1.260020517582304045e+00
7.991363474210809725e-01
1.115691082430687819e+00
8.962874072543057791e-01
6.169834069661421783e-01
1.344556240326159058e+00
1.347449635328685558e+00
9.560840486251390713e-01
1.207826018454029704e+00
1.041278800366109758e+00
1.014617371219521891e+00
9.488942061617865464e-01
1.706278667304403918e+00
8.457075623499291650e-01
1.082215011489573220e+00
9.052832764641760566e-01
9.866252753860341729e-01
9.780664531839359244e-01
1.420244837555143969e+00
6.458164796412926290e-01
9.049777470460406148e-01
7.084412196067939593e-01
6.335287683597738972e-01
8.952381978203297619e-01
9.194170224873731145e-01
6.676150573548040867e-01
8.460083704236444069e-01
1.122872825076342673e+00
9.523067737247292719e-01
6.707850803723445221e-01
4.122608130596212006e-01
8.445624482542207767e-01
1.172454073818165687e+00
4.227035813445404466e-01
9.301515836925339231e-01
1.656713430056671266e+00
1.372781028801278280e+00
9.954672660195935663e-01
1.228597341283494071e+00
8.276647704498601987e-01
1.384511441404082888e+00
4.660111066547537595e-01
1.239593240314399436e+00
1.091236951334194405e+00
1.138937549281727302e+00
1.681603001124644781e+00
8.057160218743448787e-01
1.185701915829602271e+00
1.548774918805066569e+00
1.800644240457598633e+00
6.331843809590941285e-01
7.911223402444261810e-01
1.465989449903326358e+00
3.447161935100154229e-01
5.145587700388196684e-01
7.770907503694068907e-01
4.849009174048268256e-01
1.302509394774072682e+00
6.549052220959113990e-01
8.599266064148757271e-01
1.321945760048905072e+00
1.067459179684439929e+00
1.229728217112045163e+00
1.417043951013234437e+00
1.023010938996578245e+00
8.130152745000869263e-01
5.157402595587406990e-01
8.585326455657518174e-01
1.319618697099429028e+00
1.071042092716472327e+00
1.112028997916315154e+00
9.945142222844092217e-01
1.094830975251508853e+00
1.376119235282101672e+00
1.026371262784965044e+00
5.752125725515927490e-01
1.300490182086595059e+00
9.192159736624151423e-01
1.064687310868527970e+00
1.022303262429778092e+00
9.795016328494271507e-01
8.537102306977345512e-01
8.651395026727252136e-01
6.835681270305877799e-01
1.151341925734956195e+00
7.556103456216141101e-01
8.850137600594517595e-01
1.157504414558242267e+00
7.813210784630303385e-01
1.321834784942494290e+00
8.417600115110567272e-01
6.183714753357211213e-01
1.525454614166910972e+00
1.134912699688037652e+00
9.367265273015751292e-01
1.038897598665184940e+00
5.981317550797999871e-01
8.941068507523731723e-01
1.387954050764055980e+00
1.173147121494378942e+00
1.108108824436873086e+00
1.413332082009836732e+00
6.683695375340827916e-01
7.673492979523256485e-01
6.133337917881147572e-01
1.027483695225792637e+00
1.118241054627260311e+00
7.335611148953443683e-01
1.270392712251462441e+00
6.733526140270790217e-01
1.605426067054646300e+00
1.124937524748396811e+00
1.230558912736642529e+00
1.089198918539320937e+00
1.471058613416901695e+00
1.264138260008153880e+00
2.376766182009816486e+00
9.947224609126781303e-01
6.550439038665257785e-01
1.425498468277279773e+00
1.293853164425108559e+00
8.362690075273551127e-01
1.203290320537879099e+00
1.359262920362832805e+00
1.269149705817826490e+00
9.139833685921004980e-01
7.030177371014335597e-01
7.792900149534059961e-01
1.372471631519317503e+00
1.008446327500502671e+00
1.061973114428695464e+00
1.281452778229764888e+00
7.122810683537040832e-01
9.338076218556314867e-01
1.812030859339740285e+00
1.089750657950104618e+00
1.608554203753467915e+00
5.247761863629460954e-01
8.131887545450124932e-01
1.033120034640248042e+00
2.528569815683680222e+00
7.087253552667622802e-01
5.383703120036649192e-01
1.784992669678280741e+00
8.595741770485600952e-01
8.542140057808260689e-01
1.014622946154389638e+00
1.078026894929210000e+00
8.402562729634198702e-01
1.157874275748578041e+00
1.531267226566525697e+00
1.145502460892416474e+00
1.250439274672023426e+00
1.387539025391040903e+00
8.738366092892837500e-01
8.354685488138041682e-01
5.146533982352001768e-01
4.804542602401785101e-01
7.673974771075414703e-01
1.091315818531590320e+00
1.164993603210526363e+00
1.277399088284121520e+00
9.113491995497378095e-01
8.881582668091594357e-01
8.093590658929709081e-01
1.073257338778086156e+00
1.110454242245770162e+00
1.225857541563455388e+00
7.572792542381738823e-01
1.714390498660890882e+00
1.721847780582463017e+00
9.546086040548966700e-01
1.254950512085522440e+00
1.156116725945621537e+00
9.827349412146849650e-01
8.055700338866317312e-01
1.229106940208292365e+00
1.306648903432180209e+00
7.082921223392834031e-01
1.895135862046188890e+00
8.226641905194239657e-01
1.366469027123717872e+00
1.341997501677269611e+00
1.414653408195742479e+00
1.177716863059284469e+00
7.718391117383328615e-01
1.271117348925914659e+00
7.132874662869487237e-01
1.094664443259713904e+00
8.284738750534195173e-01
5.386308629598544062e-01
1.736819767350282318e+00
9.128168557569755759e-01
1.332248483398620342e+00
6.075922174551864341e-01
5.005991805842732179e-01
8.498538810478738492e-01
7.958018500133592354e-01
8.143373798876182290e-01
8.615369738936017319e-01
8.078837251945534259e-01
1.001431595748893510e+00
7.172178430329878562e-01
9.101607728654557139e-01
9.114169661455381322e-01
9.567211564534386925e-01
7.031990130787340032e-01
1.293852968103976764e+00
7.398479220063676198e-01
1.215549936187774849e+00
1.344607137183128964e+00
1.889841182865102276e+00
1.590890420934065297e+00
7.392656006837375893e-01
5.374163054902791892e-01
1.183643652245398581e+00
9.903444691683003231e-01
9.300551693275949106e-01
1.413038174687313742e+00
1.542900750286502864e+00
1.090456878145980690e+00
1.367320188926980817e+00
7.703105278208985940e-01
7.267600079272090730e-01
1.380964138006539610e+00
7.536175555951521998e-01
7.801004202819543654e-01
1.023574239708638922e+00
1.041477533404262301e+00
7.995824414297769689e-01
1.465591301275341429e+00
1.026096409165886625e+00
8.841580357948237712e-01
7.170620057076719789e-01
8.934882645590603856e-01
5.184719901112807561e-01
1.083060352405671001e+00
1.175647578731349840e+00
8.517591592837763237e-01
6.590339605216380958e-01
1.369675003146290537e+00
6.079242113540458403e-01
8.770405028663271763e-01
7.030986352683177287e-01
1.080589749994560478e+00
8.878316978552255323e-01
8.521308091342874036e-01
1.253159575658493230e+00
9.826912700118490829e-01
1.390600909625166803e+00
1.670022880297872936e+00
7.740424706760956619e-01
7.537542650768704888e-01
6.793835248823738571e-01
1.069390578453288665e+00
1.084828242448363733e+00
1.622278727007726129e+00
7.057848488571879519e-01
5.524990892311135715e-01
9.789650721820594148e-01
6.192019990147616948e-01
4.224001492418255066e-01
8.771655899002882562e-01
1.231273073489961956e+00
1.608896341105277239e+00
1.179261341215185999e+00
1.328285569765196072e+00
1.059964483837316562e+00
1.691448864363333637e+00
6.256162728892978864e-01
1.014591441642146652e+00
6.859458108752231054e-01
8.501910350441020947e-01
1.419972864880482577e+00
1.267378308566691647e+00
1.577571319153681539e+00
1.085559860452189218e+00
7.510205784638459559e-01
5.309415487092703501e-01
9.975549759931527927e-01
1.034262239712031572e+00
8.210914506635080823e-01
3.827329387877120292e-01
8.146608980662126687e-01
1.151530612108837781e+00
1.203980871922192719e+00
6.910730847065866822e-01
4.741870594606220624e-01
9.104911166500457842e-01
9.580950539209521777e-01
1.421700658337476719e+00
9.404934438106006267e-01
7.922847709753777501e-01
8.970721993341621570e-01
6.140297210279799245e-01
9.146141553023753312e-01
1.216441628074874881e+00
9.909505740793101980e-01
7.868642644913932394e-01
8.781278005156437638e-01
9.450677116063421757e-01
1.339994190947388919e+00
7.704996645015262935e-01
8.853075388072151330e-01
9.277324234166629546e-01
8.362570120978821686e-01
3.855052675389881167e-01
9.325163197692694084e-01
1.078331285861567235e+00
1.367824226076526983e+00
1.093648891140386326e+00
7.231834486377168858e-01
9.153911938494670997e-01
9.055321599303276514e-01
9.142708987897127937e-01
1.294940644349415138e+00
6.578570421792155898e-01
1.036843048233212716e+00
1.214109832971590031e+00
8.909288789750638982e-01
1.625207833197492402e+00
7.062231486870038655e-01
1.191909474837616223e+00
6.623531625230566489e-01
1.250612234609817186e+00
8.601258933173384635e-01
9.187799367418814089e-01
1.233034759071929720e+00
3.347152477403316229e-01
2.790327896751961578e+00
7.054330451674901692e-01
9.104173755942182034e-01
1.271382633555185881e+00
6.701696148212930026e-01
8.598542624060951933e-01
1.245071682709602667e+00
1.186997992663333834e+00
2.252030505755815870e+00
1.015608940383188941e+00
9.865994604460188722e-01
9.873699849714562271e-01
8.517683453025145512e-01
1.333281989729177663e+00
1.022273930736567138e+00
1.852651977284462737e+00
1.057516644028014374e+00
9.316484871947571245e-01
1.042672996135626695e+00
6.467826778244023522e-01
1.127215333978056178e+00
7.348653625783804211e-01
8.024890145966727673e-01
1.186249884931980025e+00
9.173535504019026954e-01
1.521292225958502442e+00
7.177252374583165118e-01
9.224821177091108160e-01
8.650304463556162116e-01
8.539474418616590512e-01
5.138925136039672603e-01
9.824239784905433037e-01
9.663367920606728001e-01
1.242005780433158124e+00
1.434942760866501521e+00
4.565804479913107561e-01
1.589818966608903317e+00
1.085039512035864018e+00
1.214408054350081700e+00
5.621780736096835263e-01
7.800467737627951870e-01
1.059633298905542587e+00
1.203833420314150748e+00
1.257371586588007961e+00
8.365725862793976786e-01
1.862846972380798771e+00
9.861843912418307712e-01
1.326086217926938371e+00
7.063456997562471695e-01
1.547532468607041967e+00
1.317020022146071057e+00
6.589337445719735120e-01
1.300758534962243917e+00
1.486212019819549646e+00
1.832072598028135602e+00
1.068198239076495693e+00
1.281462378141896119e+00
9.631891186252685699e-01
7.823308682494569677e-01
1.653730854612663670e+00
1.774951424360006413e+00
4.802181238679785746e-01
1.100119192901369836e+00
1.049222896374197411e+00
1.180461508276297700e+00
8.024093820593353188e-01
1.261930878185805405e+00
6.835932305468548353e-01
9.569346302223313838e-01
9.871471945433888395e-01
5.513860945896663646e-01
1.083908977653755601e+00
6.025038229909506216e-01
1.683998520651546205e+00
7.412777205658629409e-01
1.019816597739598985e+00
6.875549165168965970e-01
1.083352919455577545e+00
7.445728293999045455e-01
9.987793181200766979e-01
1.277020935490886355e+00
9.228391519882779281e-01
5.466245873216409867e-01
7.326275155489214708e-01
1.304418662667652828e+00
1.619059630953644691e+00
1.906004114301268038e+00
1.151576468688221055e+00
8.155632937401997573e-01
1.057447078831486031e+00
7.001891002673394926e-01
1.076171703898975540e+00
6.454450358274659294e-01
1.175834838858275777e+00
1.149930212240879213e+00
9.959847990886558922e-01
1.093502252901234373e+00
8.541756644263573950e-01
6.550814398483738588e-01
2.182569809300900499e+00
6.230527739657405473e-01
9.661652659329579285e-01
1.022792879878607453e+00
1.219193749738784138e+00
7.590543798649584950e-01
7.643939666437468139e-01
6.857058010318439756e-01
6.572400184864033434e-01
8.570927727972814658e-01
6.761701784965801210e-01
1.179123660554733721e+00
1.219790305376702300e+00
1.069031941153437471e+00
1.452140854737705489e+00
7.744394581308676750e-01
1.089294264378378285e+00
1.735222150331282576e+00
1.212326978147641343e+00
1.089690252537404147e+00
9.922731854522974793e-01
9.973046264078182510e-01
7.623820622918113799e-01
1.001241223261785107e+00
6.642824106945710572e-01
1.054822707585598707e+00
1.084891857657361403e+00
1.026361078633353685e+00
1.063646331939462675e+00
6.808090819119844150e-01
9.756547238775692410e-01
1.244676565494451381e+00
7.523416395586217664e-01
1.349021789665881155e+00
1.572490970310647329e+00
8.696505316823038845e-01
9.553315420907686484e-01
7.534657874244031772e-01
9.586932147440345720e-01
1.663955626758532702e+00
8.177497918301434021e-01
9.945861177187196311e-01
1.063849964259394376e+00
6.939081829403693780e-01
9.175431296360460065e-01
6.736146052804427020e-01
5.217767052052441068e-01
1.003479265704015688e+00
7.000967219500051630e-01
1.000060400999166710e+00
7.073929222906055747e-01
1.139220122653414657e+00
1.232949538404644940e+00
8.909261796043094206e-01
9.476397400627810663e-01
1.200911115191551692e+00
1.071116135504063038e+00
1.134826989038781875e+00
1.672410438821553491e+00
1.157832738725187216e+00
1.078531287116857973e+00
8.143336289876481615e-01
1.404917011792829129e+00
5.088257817911203684e-01
6.377733757067998166e-01
1.361833671446822214e+00
8.593582895127934718e-01
6.549120278950613105e-01
1.099691701852540948e+00
1.289040087449075500e+00
4.705131137649777862e-01
1.031914535794637766e+00
7.414090765269882866e-01
1.448683385770940468e+00
1.233138021058382439e+00
7.086572104425766794e-01
5.709311954019388180e-01
1.330941356856946589e+00
1.089948970437758291e+00
1.320183120681415856e+00
4.208867388964039891e-01
8.871045480344441625e-01
8.448522492667672745e-01
9.049972625585419594e-01
1.775615120998427221e+00
1.033178654363109183e+00
7.116133680274162598e-01
8.291894284084221356e-01
8.118648269940426099e-01
4.672423184092838189e-01
1.421063789175239123e+00
1.145710927009843338e+00
7.167174095727848471e-01
1.059514096328383781e+00
1.522489325058835385e+00
6.635275722863120951e-01
1.032134916912337941e+00
1.130293710590696277e+00
9.418396437371390206e-01
9.455712960358741981e-01
1.189696975705917703e+00
2.143959038233540504e+00
6.982239088659928372e-01
6.988907203356937714e-01
9.308000513803242892e-01
1.337490673070879543e+00
8.224529804343935213e-01
9.846137845679201472e-01
1.305665852738546961e+00
1.054361286267759823e+00
5.593381857929455858e-01
9.324533740004071758e-01
1.503040122752903329e+00
1.170425164190650680e+00
7.737242122478609208e-01
6.321149270587810287e-01
8.182868501430439201e-01
1.474677026968941762e+00
8.420391025816420516e-01
9.417101298287313682e-01
1.660562289892994592e+00
8.956735304320977420e-01
1.294946863863881248e+00
1.436370144897909373e+00
6.692123209406047879e-01
8.379529829823325615e-01
4.176185761939368302e-01
1.041679957313923710e+00
1.067111501939825402e+00
1.023936422446296790e+00
5.870829817221312474e-01
1.006876663181796250e+00
8.829522299791376927e-01
1.341215297620548919e+00
7.090651939120239389e-01
3.940087097333672683e-01
1.478743860821563949e+00
9.434043658266091370e-01
8.732016582694842599e-01
1.233764817688461024e+00
1.103624709804718051e+00
8.808068046285414399e-01
9.897684839831393244e-01
8.980737751498788501e-01
1.022348533017695127e+00
8.825606428252809055e-01
1.127281191290930851e+00
1.021415156922268253e+00
1.770460791721182092e+00
1.384194440162699768e+00
8.043314761989136530e-01
2.033938109079477474e+00
1.958156136592376306e+00
9.601882425609273852e-01
9.974806487626410867e-01
9.983121348213264135e-01
1.389896575760134478e+00
1.123270449684983907e+00
1.267682140081321185e+00
9.323138445457244128e-01
7.516171844605930019e-01
8.877061115285532766e-01
7.856408513477088906e-01
8.885224960623644419e-01
9.532873966659691778e-01
6.334119788047702926e-01
1.314433836807900935e+00
1.037709690017661446e+00
1.223391175924302354e+00
5.499542048443079034e-01
1.202633598900965328e+00
9.882263629353531531e-01
1.006652904222568035e+00
1.350745051063955815e+00
8.699894018783692617e-01
8.853702185642388089e-01
6.203014208423284215e-01
4.849958716683269722e-01
1.336418452976678273e+00
7.274979538610459873e-01
1.259413809400696582e+00
1.079351967825302294e+00
2.396883847824009539e+00
9.639670118080583272e-01
1.235257002149809935e+00
6.990261020006974801e-01
1.206199855414403110e+00
1.282327211790424304e+00
7.125286277959599346e-01
6.975339177710849770e-01
1.171343573325307696e+00
6.385030343096580463e-01
8.656079492625810001e-01
1.207054194975420547e+00
6.059967121647771293e-01
1.086994258361187793e+00
5.751735461982731001e-01
7.234996854223094687e-01
1.039464539418947009e+00
1.096273864976675227e+00
4.341827420760335787e-01
1.267504111333561223e+00
6.734512847811364722e-01
1.576680378485729284e+00
1.151151275074316249e+00
7.536629020128131629e-01
1.132121540195139886e+00
1.043911870827898491e+00
8.422338497138357472e-01
6.944538668904565171e-01
6.725908847954450431e-01
1.731788772226812378e+00
1.316084642328471110e+00
1.149056773772746620e+00
1.310117168094142803e+00
1.112964941378506545e+00
8.058307775517823401e-01
1.637854715540048911e+00
1.082230656467940255e+00
1.268602977727065095e+00
1.049165691869084149e+00
1.101862130255415906e+00
1.142565286282971604e+00
9.866303228711565954e-01
7.983845830391895770e-01
1.420390798772372953e+00
9.314537764738446413e-01
1.230269938369501936e+00
1.178972546109814834e+00
1.115880069547024567e+00
5.887738640948128044e-01
6.703118374677876634e-01
1.302472067369647712e+00
5.358573815452923883e-01
7.633998227942719872e-01
7.893154902566946740e-01
1.210475110218085959e+00
2.167754095996261565e+00
7.401405853791553913e-01
1.762579229319064300e+00
8.625347309016330177e-01
1.503007480747110325e+00
4.984265003454219634e-01
6.605268855420729501e-01
5.970570642608015177e-01
7.154212717334755833e-01
8.870397151053212026e-01
1.050965211644136144e+00
7.575059807020886327e-01
1.327247009260440258e+00
1.441204351752315205e+00
1.015086339064023235e+00
8.359712096223405053e-01
1.009919516201878587e+00
8.492364989633983674e-01
9.954771982970697097e-01
4.638114559124583702e-01
1.087780271484205752e+00
1.628908399350798453e+00
1.043564025007729601e+00
1.001180748010941146e+00
7.804030971692869079e-01
5.634089259095490521e-01
7.862751493275345060e-01
1.175320801774679014e+00
6.453093565601261128e-01
1.187651452885067682e+00
1.023912265886584461e+00
1.044048233504739631e+00
1.036404811600839304e+00
5.849907104615329478e-01
9.338056796395070025e-01
1.118474443895790760e+00
1.124126209120321462e+00
1.070643158784153615e+00
1.480109800138418308e+00
8.596418225103212851e-01
8.582693544781607731e-01
9.842263398189715629e-01
1.306607601770294336e+00
9.050111898430761581e-01
1.334092679937943116e+00
1.077090310641299231e+00
7.704094238241783188e-01
5.358698358399024420e-01
9.884327368679759473e-01
1.139034968750894716e+00
6.782853985714397682e-01
1.063310281033324367e+00
4.177080339948949783e-01
1.329635141262129450e+00
1.093112080734619074e+00
4.837961076180617992e-01
1.076177109872702431e+00
8.625844218493902149e-01
6.384707844588625170e-01
6.453407247867245511e-01
8.544231089460476714e-01
1.145779820149329220e+00
1.084286708226669615e+00
1.396256128174681477e+00
5.410811352881632619e-01
5.899067560547429645e-01
1.141598671005748633e+00
1.031581299588171907e+00
1.160497652872373164e+00
5.377841188992039667e-01
1.022726867620621372e+00
1.067948310875012741e+00
1.044565603913071739e+00
1.297436567913067940e+00
1.156619082507412299e+00
1.015419585354967680e+00
1.009169599415905116e+00
8.657410596119027302e-01
1.221334007663686938e+00
5.473721644777166384e-01
8.361665906795613390e-01
1.027095342106593145e+00
1.192800701871234326e+00
1.574848514839477742e+00
1.996761785523937016e+00
1.373048928417339720e+00
1.106426975135762047e+00
1.067878535398357087e+00
1.233212300998183908e+00
8.567857813685443302e-01
1.912734174611489424e+00
2.210422091178292803e+00
9.027295627052741578e-01
9.600823562115458065e-01
7.975862255920445065e-01
9.040508501703722333e-01
1.182557799548375144e+00
8.993794407509534405e-01
7.181211498157277218e-01
1.166011228315623871e+00
7.447517772479436138e-01
9.370111869566974949e-01
1.154781674586854434e+00
5.916618764090634253e-01
1.223493171242293842e+00
1.247121455538027446e+00
1.360061291330659339e+00
1.080017169557788037e+00
8.571542450221053544e-01
8.490066225879280282e-01
1.451958174365212573e+00
6.996820837564036166e-01
1.105345511931151270e+00
9.030830878608555601e-01
1.032775906692035894e+00
7.433282572745837369e-01
9.092976715117070396e-01
1.746388455847860843e+00
1.517155758235580354e+00
1.411054261791212072e+00
6.870352997849266119e-01
8.492227642641611007e-01
1.769051492522419444e+00
8.257533235444227682e-01
1.010660695596760750e+00
7.505082845196366925e-01
1.381228009205305307e+00
9.895834771984680645e-01
1.871342087016981459e+00
8.927461003205212631e-01
8.403326445823245949e-01
1.483092875988219372e+00
1.041898988614591071e+00
1.073584050482344177e+00
7.337017466836426305e-01
1.092713891962896033e+00
7.451041055427625182e-01
6.981615971835481993e-01
1.197616948586684327e+00
1.275537996747952318e+00
1.539324635421273735e+00
1.282724313047732601e+00
9.919721894236657178e-01
1.256128268524625557e+00
7.365935677783456148e-01
6.324512490991374136e-01
1.159457181747387100e+00
7.335103076756833707e-01
9.436925242393767732e-01
9.713935949134379078e-01
5.515871650615226107e-01
8.503906384894914794e-01
1.006179862804584380e+00
8.733009347250291210e-01
1.397583880087639896e+00
7.589511467206765394e-01
7.550366901396731167e-01
1.013343407366856130e+00
9.607884737536585007e-01
1.176878167341075088e+00
1.048446053416120627e+00
1.156869176505528563e+00
1.893602791250713402e+00
7.220308188667282634e-01
1.588924834533473218e+00
8.898245473663284333e-01
4.384099046057915450e-01
1.062503472020939643e+00
1.109965959311525863e+00
1.041956200190033544e+00
1.101528100999475068e+00
1.263909509658229791e+00
8.382662058695018459e-01
8.147567872844111436e-01
9.873577823725971925e-01
1.020077136490022740e+00
1.022940150712887242e+00
1.888421089014867382e+00
9.629930463837770294e-01
1.464665439499239552e+00
9.960790770022518448e-01
7.782760745797149271e-01
8.123822210057073390e-01
1.072460417245538311e+00
7.412663708613591584e-01
1.261138903767459185e+00
1.159577706952370724e+00
7.884817956085904411e-01
8.271973653511370816e-01
1.938057768897130995e+00
8.754073869425169629e-01
8.239317661890281919e-01
8.219500991756725217e-01
7.426701127365449295e-01
7.993832113907908266e-01
3.091775558528196299e+00
8.395824300208293289e-01
1.238515455672447807e+00
1.433655246940463979e+00
5.490882913581150992e-01
1.050800487912550096e+00
1.378176179212345698e+00
1.554847779015009701e+00
8.793696142430355023e-01
9.851065930873972309e-01
1.195643228937332880e+00
7.987158898161202947e-01
1.487357839513336888e+00
6.843499639127972323e-01
5.901295529637499149e-01
1.583404713686083154e+00
7.340376733222706562e-01
1.058853119030755519e+00
1.037643922847275801e+00
9.603791086081128192e-01
1.482847788506930442e+00
9.243647389726320496e-01
9.024794571367307228e-01
7.348616422352218791e-01
9.793656426276134974e-01
1.108394975162809715e+00
1.315474501262628104e+00
1.605501025610155841e+00
1.085570299088256752e+00
9.274401928405867634e-01
1.265126094525777622e+00
1.081413671098030660e+00
8.957008069560857821e-01
9.751654111578212936e-01
1.164255318173452070e+00
1.171376343263219155e+00
1.265388773243514287e+00
1.169602568015343236e+00
1.026807036540128282e+00
9.327847748973291386e-01
5.890808234170317181e-01
9.668735416219663703e-01
7.751450604670083733e-01
1.713191907730213792e+00
1.475607341078611467e+00
1.039807867605082148e+00
1.265966600307772305e+00
1.180738419822712659e+00
7.165817248421114671e-01
1.299293782543150089e+00
6.572449102214129590e-01
1.443816450683517161e+00
8.828226833182329925e-01
1.021287041577750854e+00
8.303359362376748765e-01
1.333507198214745060e+00
8.585897319537255656e-01
6.881264277055713086e-01
1.232140537917913559e+00
1.237318950852877686e+00
1.007518688650599348e+00
1.242061947251003939e+00
1.089806176997648812e+00
1.052483012639823023e+00
1.140597324791766898e+00
1.588607960320612023e+00
5.478880163804961123e-01
8.167788892651937083e-01
1.219085217022314094e+00
8.242123254203533866e-01
1.609188110991075726e+00
7.776375430538479128e-01
1.132211566403935610e+00
1.385830197018244281e+00
9.124619603527760470e-01
1.153629547485209406e+00
5.581608627532175237e-01
8.950680310604823831e-01
1.528613656620885664e+00
9.112433998563049808e-01
1.600908644562152539e+00
1.047478791280755939e+00
1.703630216221137861e+00
4.399586977971325918e-01
9.170431084488611662e-01
6.622442578644001099e-01
1.073661282286161534e+00
1.055788992112662195e+00
8.921403999156282127e-01
1.138803116043960673e+00
1.650565675553145040e+00
1.147899664062520309e+00
7.126079374270256617e-01
1.103900642809827470e+00
5.837086049097786056e-01
4.731278670394386543e-01
7.408679060562265439e-01
1.016705264705870748e+00
1.275161404305471535e+00
8.739357474737101672e-01
9.025061707783975651e-01
1.408717012317087791e+00
1.113123190203283652e+00
8.135032299998560257e-01
1.582041005330422134e+00
6.417507013797121296e-01
1.157889874330173541e+00
1.095158505872544374e+00
1.069132128227369138e+00
5.650437829892572816e-01
8.256788252409203999e-01
7.638388457970538559e-01
8.452550442554375154e-01
1.479446380331268296e+00
7.040962346976333830e-01
5.295029560767604560e-01
8.538909822024184360e-01
1.030091225393586996e+00
9.372223661857221888e-01
7.343636497725400947e-01
1.352055505254378787e+00
1.458252155968620789e+00
1.343586731767738129e+00
8.428640250735551787e-01
1.470380915134274824e+00
1.284434590273290322e+00
5.205978166187332778e-01
1.224326906458925279e+00
1.125106974736402865e+00
6.557123511260217752e-01
9.590529791883477539e-01
1.196822728819529225e+00
1.096287501715339063e+00
9.899172442135200090e-01
1.035982039403282595e+00
1.403718319280897298e+00
9.309131674557216130e-01
1.478478580167209566e+00
1.317311784413417008e+00
