3.101691793103515948e+00
1.578349593434094089e+01
3.896773804626172222e+01
1.386840446550248274e+01
3.366449206408798300e+00
1.280467941483494698e+01
8.935608332122254582e-01
1.048493378381462549e+01
2.397463066376136265e+00
4.175260706149086509e+00
4.401475403312741719e+01
8.903501563304139665e+00
1.945493363057552605e+00
3.706092701917745647e+00
3.059141749976080504e+01
3.502328206601117433e+00
3.829655044830957422e+01
2.495611189852496636e+01
2.780517499494120415e+00
1.469460830573573018e+00
2.745556450579870855e+00
1.735649543272997519e+01
5.043376031085010425e+00
1.655176111148635698e+01
4.954980441861261298e+00
1.238969613880354359e+01
9.847374464415455719e+00
3.172068350696781724e+00
5.851010357570284270e+01
1.319582322662401097e+01
1.979477683303412672e+00
4.141938979228569906e+00
2.097103694530787266e+01
2.237765968491487811e+01
2.665099808028465134e+00
6.569365220177100007e+00
5.003328434333923269e+00
2.291468573704479184e+01
7.063914062615208422e+01
2.984682357745175096e+01
1.789421627191886799e+01
2.911249074592536790e+00
8.285288350242463906e+00
4.434927118016875625e+01
4.067357945927382090e+00
8.819154615022348764e+00
4.472820181707620968e+00
4.166461624724558988e+01
1.570640661474580702e+00
1.851287952935702918e+00
3.224724195420733075e+00
4.568789104228327069e+00
5.977608565335336799e+00
3.403256290549366270e+01
2.026201442225820060e+01
4.946742142128908881e+01
3.518737486854613739e+00
1.906550715402772411e+01
2.626270144167530241e+00
9.646591190293801077e+00
2.033471750361228914e+01
6.605771072020122148e+00
2.336545020807772932e+00
4.616662704645883686e+00
9.980518679488375255e+01
5.906637833663417325e+00
2.865445537792669306e+00
3.341120456879676226e+01
5.518969774054502508e+00
1.886370386094862894e+01
9.096717295188273766e+00
3.289542011736714233e+00
4.533474471802112049e+00
2.557891838796784612e+00
1.710709641963390837e+01
1.798675532667014210e+01
6.943349710115109374e+00
4.906362878562892327e+00
1.110166329197044455e+01
5.730473212339886047e-01
5.562916214826774564e+00
1.843704016464159778e+01
2.699968169424435871e+01
1.025164562191672779e+01
5.394151013263700500e-01
1.698815751630991189e+00
1.893395020336239964e+00
5.255735203485050633e+00
6.735980233160773878e+00
9.140828712879172091e-01
1.174803039378075020e+01
2.275795221240913158e+00
3.387615265642885731e+01
6.654458045996884508e+00
7.587759646683087666e+00
2.963837801786170179e+00
4.901728111791149445e+01
1.201688210474987883e+01
1.155636444526689743e+01
3.618968170228857861e+00
2.536905922780738365e+01
4.257286411407175564e+00
2.185979072413966939e+00
2.930564390711355216e+01
2.166376684224416493e+01
1.416877041035081497e+01
1.725265569441453550e+01
5.020014557101214692e+00
3.719202387180089442e+00
9.195275133051389105e+00
2.433014676995656878e+00
1.349684124009624497e+01
1.664025065851740237e+01
2.884074732212150938e+00
8.771806633742261994e+00
1.516369291836136002e+00
3.490938214174331478e+00
1.348245642142014589e+01
9.031071258348882580e+00
3.418213871797290970e+00
1.112532953542208602e+01
1.086068722689884414e+00
2.807981901121635371e+00
2.299554448640654059e+01
3.040258593523086361e+00
2.474713757063578612e+01
1.504940167064015455e+00
2.390133430233665202e+00
1.414822936787569541e+00
2.316273170708205598e+00
1.703370270753621574e+00
2.216737982433564458e+00
6.941361011838941053e+00
5.369708966101431002e+00
1.487718510110968673e+01
8.364810909548603846e+00
2.857485223741820679e+00
3.526921998624767518e+00
3.502489232303731992e+00
3.475103328513184486e+00
1.815302090826564196e+01
1.322269482449242162e+02
2.074064821560903660e+00
3.514959920402183968e+00
1.232362958721356705e+00
1.191863930412020878e+01
1.923154219797930997e+00
1.813085532628195296e+01
1.041401642154830753e+01
4.861739585659762497e+00
2.998820042897963667e+00
9.156900509736344063e+00
3.834715906971901944e+01
3.420128568739990271e+00
5.178336344144526038e+00
3.031294332932126245e+00
3.935752329317833809e+00
3.099941115738781150e+01
7.600944298660626819e-01
3.177330089700747351e+01
1.113984749398123242e+01
1.770414248092139786e+01
2.387762027666914122e+01
2.059908150486181810e+01
2.457860144473461617e+01
7.368762319700422836e+00
7.561722767916320365e+00
7.531434486096280523e+00
1.456499922516580625e+01
1.182152875836756767e+00
1.730253756850846925e+00
3.178917390188664704e+00
1.805192344976021346e+01
8.876385475987872198e+00
1.035494289729574113e+01
7.856958783672459923e+00
5.217449177451419118e+00
1.105161792588924996e+01
2.502347630996472283e+00
1.465361405009314888e+00
7.256424387466059223e+00
1.767067714885501317e+01
3.691640628230979271e+00
4.202412212827158378e+00
4.662986081038712172e+01
1.949926882290840879e+00
1.837312199118195988e+00
4.536856737394087347e+00
1.302232862254764889e+01
6.216835713161896315e+00
1.113902332507190396e+00
3.641867399053360099e+00
7.762711036154851740e+01
3.229506089400943747e+00
1.524905745269774116e+01
1.697487670781886493e+01
3.913938609874318519e+00
9.549908411590340762e+00
6.563272292343162562e+00
2.216873284124942334e+00
4.002193522307555540e+00
5.774331989833575562e+01
8.053822781717276058e+00
1.463026228368472204e+01
1.782779313081477568e+01
1.326281491117655520e+01
2.614776133984454631e+00
1.618581209959007694e+01
4.100110573783418921e+00
3.242105732467216228e+00
1.275054218863977873e+01
3.242840420721836647e+00
9.139214700045803497e+00
1.121334904419938550e+00
1.679935603548213763e+01
3.167610552065245777e+00
4.870993154545224968e+00
2.963385886882028863e+00
1.253796549864853205e+01
1.751161046494055427e+02
2.007462831906574596e+00
7.678841967978260463e-01
6.526569262866841470e-01
7.103251826201827157e+00
1.398671364710011744e+01
3.846489121688909663e+00
1.533553042978114256e+01
4.096424914387247540e+00
4.360938787998771105e+00
1.666371170132760815e+00
3.103296444913157259e+01
7.281231802021338240e+01
1.792381549018058706e+01
5.881196281222261790e-01
2.309707852657323457e+01
1.922436591997545108e+01
3.541527611993043667e+00
4.499539422295733004e+00
3.336834813792936227e+00
2.448567102504282555e+00
2.161215830915352498e+01
8.368252821489299720e+00
7.477728411249094265e+00
5.030726996418735553e+00
3.100434183573626878e+00
1.411927397883765956e+01
2.356294264412148731e+00
4.482370306823052708e+00
1.789359684446030840e+01
2.081867289877009419e+00
7.285218010040750869e+00
2.775199622551506984e+00
8.930883423485401096e+00
2.489718496804449899e+00
4.746504635152938967e+00
2.463978661764476996e+00
8.142898029789948922e+00
1.257787443168833796e+01
1.053034272297783147e+01
7.979035112560802112e+00
1.074990352388241810e+01
4.426439887028384423e-01
1.065942509057923644e+02
4.630273772708464186e+00
3.451845334601234772e+00
7.575043825587469470e+00
1.156921667711133317e+01
7.332347782514703205e+00
6.787550484370889592e+00
1.837449564410244207e+01
2.113876362849978374e+00
2.785289272106940661e+00
1.663616061804228607e+00
1.748392479360145657e+01
3.968067646139586202e+01
2.301538097558246676e+01
1.639905662703337708e+00
5.329196756101297616e+00
5.658496780912573021e-01
1.902195717077196369e+00
1.562843408964947045e+01
1.426048830412589341e+00
1.704790861511717104e+00
6.605737029571989716e+00
1.317896529897030078e+01
2.035983030177983011e+01
1.529622577168679420e+01
1.518320808168098424e+01
5.667367879927066809e+00
1.615141683742628587e+01
1.117470414871503337e+01
4.752664921421532185e+00
5.048520106247917916e+00
2.402595660456812965e+01
1.430492264207730901e+00
7.986914695934464348e+00
1.003618762169676160e+00
1.074439918541988881e+01
5.181963335379164981e+00
3.133038396892610322e+00
2.291050718113913476e+00
1.897768049392919210e+01
8.853061142004438722e+00
8.896022145520396052e+00
2.594230354383829251e+01
1.460099403569753918e+01
4.758815486164976960e+00
7.979917146368904923e+00
3.224927405971968852e+01
1.143726888892700622e+01
7.952777598907742274e+00
6.085715380506119487e+00
3.618502130002794193e+00
3.198464890425072227e+01
2.725404038131891937e+01
7.708473572312707134e+00
9.962567804561669460e-01
3.863754148102982899e+00
2.950077823822082479e+01
2.084616896405055542e+00
1.415420471194592089e+01
4.717530774859307385e+00
1.650849235174975860e+01
3.929804708893995802e-01
1.720168977117723541e+00
2.736072086846227158e+00
1.524376993767614374e+00
6.473504127673483488e+00
1.132224812402810343e+01
7.494195326575453509e-01
1.524152045539197253e+00
3.976178119345767215e+01
6.447724243413293088e+00
5.372947334805706632e+00
1.839381143115988948e+01
2.929800448149272984e+00
4.757699691410834930e+00
2.086140795078683663e+00
1.622462530876932041e+00
1.668831361493926480e+01
1.108699151912129466e+01
1.567430718789305821e+01
8.375396543103388325e+00
2.609232851443040602e+01
1.515989773041911448e+01
7.816010201224102616e+00
2.580079748083822722e+01
6.857426446682088894e+00
2.406022223012589834e+00
4.267158572860175525e+00
4.601481259021453774e+00
5.831075972941778041e+00
4.853145520311694661e+00
1.365811618458428356e+01
3.307006634790823796e+01
1.804383006213639007e+01
3.160847318425726638e+00
6.292694558458716614e+00
4.524055796696726972e+00
2.151070142361111266e+02
3.649103824903759286e+00
4.345459800899416969e+00
4.246951780964781875e+00
5.033594539583798877e+00
2.720073876117713230e+00
4.333604858551464822e+00
2.267112362449942520e+00
2.838988885133133522e+00
4.333384215839476639e+00
7.193848189782961811e+00
3.817680500916794006e+00
1.534965812279834552e+01
1.882281961577920271e+00
1.393991965618647244e+00
3.314350226335581961e+00
3.122486544557200983e+00
2.008003073162929031e+00
2.002244821187756152e+00
3.749758046885726781e+00
2.152208012890739930e+00
2.274574996713838893e+00
2.063460044745519895e+01
1.990158536846577064e+00
1.159323381222997273e+00
3.076733342676031824e-01
1.445322512480296417e+01
5.913478098917627435e+00
2.019063690604391503e+00
1.920960801363733594e+01
1.098209258493333706e+01
1.676706768483805288e+00
9.891190483963775648e+00
6.288058030982295321e+00
6.672693687204166224e+00
1.946613553681572739e+01
4.196187644945698736e+01
1.167049643474919485e+01
2.026550425319005200e+00
6.341103609302309430e+00
2.634003336707516496e+01
1.019443598442214238e+01
2.916136825806990629e+00
1.084236379502600212e+00
5.649247853956210719e+01
2.671625111424466326e+01
3.888234048485028183e+00
1.649640026111673041e+00
2.191004070966257267e+00
4.915777593726780914e+00
1.891893065690006637e+01
4.918940512563160894e+00
8.236459322586543452e-01
8.598818112488654464e+00
9.946310405408075539e+00
2.021466448322466469e+00
2.481825628221572710e+00
1.680214818880279015e+00
1.504121644299210203e+01
4.764843592694623098e+00
2.235498347090145899e+01
2.675806489408110167e+00
9.371702595614038955e+00
1.912861534215388915e+01
1.507916756666177749e+00
1.658215125667531709e+01
2.522251202090679456e+01
1.189857752553253434e+00
2.978830989057649425e+00
9.996461475424183618e+00
1.668497304013576610e+01
1.231497644830673366e+00
6.457733505054868317e+00
6.226408291736434286e+00
1.708643054253943916e+00
9.808441549204106380e+00
1.524761369786028808e+01
1.542564520994092447e+01
2.899902733197651905e+00
1.288038593946533084e+01
1.451457972028695309e+00
1.034489277409467078e+01
9.409948709293866287e+00
3.443294339440246876e+00
5.803169112563823617e+00
1.043641404983496912e+01
2.686852255684559321e+00
5.392485318541519135e+00
8.600931669560161197e+00
1.034887523337173931e+01
8.130964556575398205e+01
1.929192690214683026e+01
1.701673793185018546e+00
3.347300175554254853e+00
4.705654387726851517e+00
1.712621405454687817e+01
1.003649911498247604e+01
3.081069719326127654e+01
2.169173832297553783e+00
2.023964935354116434e+01
1.401832061120749096e+01
6.138879082320035430e+00
2.335875978924244922e+00
4.735237480011130984e+00
5.695811597967387563e+00
1.028273328801524444e+00
2.588328911901423002e+00
3.515815584008646688e+00
5.392509669681986750e+00
2.171746947831837105e+01
8.203972462646957453e+00
2.111069656468854028e+00
2.915231952488598122e+00
2.011327198819465423e+01
2.782568994862488765e+00
1.863200273139135721e+00
2.025679368674317260e+01
6.438534272956606408e+00
3.662427634159413525e+00
1.887338426739414388e+01
6.254040629409345797e+00
8.042661289429599236e+00
9.293591062465198505e+00
3.783599363233391522e+00
1.874171308313857409e+01
2.980255991456647102e+00
1.347873122677235074e+02
1.280502188419600884e+01
7.302543784071565014e+00
1.265001467651452716e+00
7.070579582563212284e+00
5.370139033926663252e+00
3.759754673122809265e+01
5.682290571937927837e+01
1.940919470394303659e+01
5.109760756038120633e+00
3.710181745857967783e+00
3.643584189191048317e+00
3.036356990137534240e+00
1.011877991569880031e+01
2.553049478872586597e+00
9.259313969913076647e+00
1.115787389044931111e+01
1.612332797742881496e+01
7.303191670091120358e+00
8.175093249364616454e+00
3.192398959720162743e+00
7.835128845579990120e+00
2.821073846894970316e+00
3.400492988053612109e+00
2.021218101690601010e+00
1.127295070596429127e+01
1.554584699326862562e+01
4.376597782107256585e+00
2.359202068346229808e+00
1.747859032189921447e+00
2.434753041337829327e+00
4.476480319910683292e+00
1.714057091210686945e+00
2.559884477421774829e+00
1.546578917898625782e+01
6.924025503109428881e-01
1.513003077573932043e+00
5.170760331755277051e+00
4.665542511821804794e+00
8.219112672564655497e+00
2.903819884451009159e+01
5.388170293003158307e+00
1.163205245126332876e+01
9.973235408580215733e+00
1.041581158414768105e+01
1.815432538432062870e+01
8.886885344416958210e-01
6.767407625154587159e+00
1.214671490393222086e+00
5.215441928839054775e+00
1.530858935068879934e+00
6.024375028944433108e-01
6.376941825733589475e+00
1.863639197954766846e+00
2.961008652166573718e+00
7.015468983448625018e+00
3.627501001119145752e+00
1.524585499316523762e+00
6.113634544789028347e-01
5.912825660020699203e+00
6.188152380434362776e+00
8.639270655742466332e+00
1.581237950188354890e+00
2.892332253240665807e+01
1.471624765791411171e+01
1.257483202361791363e+01
1.941206651884888146e+01
1.543483879690537297e-01
1.289775578608937989e+00
7.545138468519092534e+00
3.685163362458119707e+00
1.342201885072296008e+01
3.215410090749589056e+00
7.036767494380237409e+00
7.222079170741816156e+00
2.024856206580721363e+01
2.393881367906152136e+01
6.357331198697751873e+00
4.302037001111306935e+00
1.103554454384170640e+02
2.355344092989055671e+00
2.466645208733114103e+00
2.323523139489893197e+01
1.868640713842388834e+01
1.912319809119808367e+00
6.357985981832831257e+00
4.387574725472506287e+01
5.531049826658426483e+00
3.221768877408890148e+02
2.192923525749914049e+01
3.826645842015147991e+01
1.548729511230744116e+01
2.267722372374234396e+01
4.547134679715845174e+00
6.183320239097676030e+00
2.879563163973726247e+01
1.676953334267492579e+01
8.144180848871689804e+00
2.590913335347634128e+00
8.105875308428988291e+00
3.743311140426521355e+00
6.144560453548171708e+00
1.144738945087202531e+00
2.386982249960902802e+00
9.929133341857117045e+00
1.913991187473886191e+00
3.756517434459003990e+00
1.195724276091361915e+01
9.705859216101099252e-01
2.351187880216146908e+01
1.485930391417914054e+00
1.578940483490816682e+01
5.995948802649023079e+00
2.809914818877770504e+00
1.747323723056745592e+01
1.224093349367234573e+01
6.708450976352564155e+00
2.619868685707303690e+00
1.901618711157790909e+00
3.871826270981564022e+01
1.308189983953656643e+01
6.407105148676214945e+00
5.314661961033948501e+00
9.045195662441153361e-01
1.020042873630283342e+00
5.749078079792436569e+00
4.549437812719938634e+00
1.372650353963939551e+01
4.788883079235812801e+00
1.059315864678556096e+01
6.586419397055813363e+01
1.209301848935265511e+01
5.086818190375950621e+00
4.406801298448725035e+00
3.568924031489830728e+00
6.387462011340593548e+00
1.554500573865403190e+00
3.467275040954685039e+01
4.067314187789711433e+00
3.212144153200630292e+00
1.196990490982038580e+00
7.145830919576148688e+00
5.142605376913010673e+00
1.132907635693620918e+01
4.208221678309068459e+00
7.337912000244175559e+00
1.810129878049759000e+01
3.040749908674998725e+00
4.917411306324002140e+00
1.667601460859607698e+00
4.992277536244023040e+00
3.483120200004177658e+00
4.830042913352927236e+00
4.412554079212016589e-01
2.496123369968998418e+00
9.520175790872471566e-01
1.063841138461930313e+01
2.681594029262671874e+00
2.559347497105504132e+00
1.337323849780618445e+01
3.305047953347603595e+00
3.433933880744857170e+00
1.655757330572162189e+01
1.162353560402145902e+01
4.076210316820358948e+00
1.779402066294222706e+01
6.522537646937666134e-01
1.942388299874221680e+00
1.710076645963361841e+01
5.335221322904610020e+01
5.718682916723288656e+00
3.487180962794528938e+00
3.494131060252706256e+00
6.924809299288830822e+00
2.225023578976949246e+00
1.058263781899630107e+00
2.208487770697714403e+00
5.021764142213406501e+00
7.542152936642612104e+00
4.197050664677568932e+00
9.678058167538196699e+00
4.780431980823835580e+00
2.505645955457006835e+01
1.191706204897850174e+00
7.435562682927379541e+00
7.927960261584406254e+00
2.168357959883833175e+01
1.762090449168571826e+00
1.568108300787522502e+00
7.988280610976851825e+00
2.335979368335522111e+01
7.871550353575957004e+00
1.406049026523634105e+01
9.587952172705795917e+00
8.929704244615091824e+00
3.119238411428240099e+00
1.848259802743100977e+01
1.378460928853824985e+00
1.646907155440801773e+01
3.470028187375155060e+00
2.933675137220387441e+01
1.965962117044340118e+01
1.182123943879643768e+01
8.873390277079895583e+00
2.788177686218242357e+00
7.194496034970313758e+00
1.177208696107391539e+00
2.358276709385347836e+00
2.226983574037785019e+01
1.640498181161127000e+00
6.650232782561934286e+00
2.809611545234806584e+01
3.158037385510731987e+00
3.077816243693985321e+00
3.699672297459623849e+01
2.285163231679057994e+00
2.582951917480978565e+01
3.692609028736869359e+00
1.892639076253115249e+01
6.848451248447411821e+00
5.006725085275038012e+00
5.754697233825279312e+00
3.721432580614256747e+00
7.389215564479519216e+00
1.448917525635546610e+01
2.649162034712302471e+01
2.421364592662688864e+01
1.523404398233317636e+00
1.390175871407864960e+01
7.423638879680812153e+00
1.145727676540684925e+01
2.023218527000489875e+00
1.609439473743558668e+00
2.031822199605844048e+01
2.619422610683443953e+00
2.279502166361566107e-01
2.177680634174605778e+00
2.082230644956315047e+00
7.985171844999025836e+01
7.602853488967284967e-01
1.109387194571798041e+01
4.877735437145701347e+00
3.713274119578242960e+01
4.776599695758758202e+00
3.520945721188588617e+00
6.420155434072768230e+00
1.264850209784296853e+00
1.518107959486843939e+01
1.350576740849821888e+01
9.991050078071381790e+00
3.919495088600712052e+00
2.372320532297047091e+00
5.020751535226636086e+00
1.324752596442850745e+02
7.497890038988650474e+00
1.668537191299546585e+00
8.678600784462890516e+00
1.077313590222349626e+00
1.052496850693681019e+01
3.120916045069485278e+01
6.672163302789725137e+00
2.224945708749078932e+00
2.346741923176938638e+00
3.884692465497019853e+00
2.103922338735560338e+00
3.364983338269570190e+00
2.025623509402886935e+00
2.755393778979098762e+00
1.663102508955004311e+01
8.841788538657496588e+00
2.430453967531625015e+00
1.521813110217935261e+01
3.647211174212997342e+00
6.470930425492815719e-01
2.824552737700165572e+00
7.307187928433249269e+00
1.369394552678966592e+00
7.959309183142197597e+00
4.396882798125036018e+00
1.055993921659400758e+00
2.814347921012858578e+00
8.729919817856904629e+00
2.766432963026154379e+00
5.379288349112215428e+01
1.163698194442646283e+01
8.839059611667098082e+00
2.034464980623615560e+01
2.064181558215451240e+00
1.219656193169436698e+01
1.817430090679993171e+01
1.156245919828358026e+01
2.513961299426674145e+01
3.344683605934776693e+01
2.952888193589604082e+00
3.951001207633363776e+01
4.695412707848089617e+00
1.632298298993969388e+00
2.062995324435712519e+01
6.535837145054791186e+00
1.044375881867701317e+01
2.059636709149039291e+00
2.428392204766753881e+00
5.307075796218159169e+00
1.767138590442882062e+01
2.033117672902150286e+00
4.755298831245783120e+00
5.344549216770278832e+00
3.822609880268839078e+01
3.062624466658207467e+01
3.316573817544651526e+00
1.020175681389053679e+00
1.396579350999324287e+00
4.640224640084255725e+01
8.750072604868710968e+00
6.459396207524005895e+00
3.997160424944843360e+00
1.971189240572512880e+00
1.663858675112125818e+00
7.554673810477679829e+00
1.265693496776467164e+01
1.220136548480129512e+01
7.101770763289758648e+00
1.781007339593130290e+00
1.083418561157736093e+01
1.246940154217456076e+01
2.852902432115249631e+00
1.000721447014023902e+01
1.717147622878670177e+01
1.498231352083073675e+00
6.532471833064456668e+00
3.684575097667259325e+00
5.035421553962312835e+00
6.519120223820291216e+00
7.523544111568135406e+00
4.265227806388032228e+00
3.556942698227337019e+01
5.163022654397019906e+00
4.619285486182356237e+00
2.017022282933245947e+01
1.233676470118838608e+02
5.491936295280642533e+00
2.000959132841525800e+01
2.296349459081635302e+01
3.314074586979822712e+00
8.570363183961369202e+00
4.258038490116718577e+01
3.272083420118277797e+00
5.440896759079787870e+00
4.121409495957651714e+00
1.608766989083149301e+00
2.864510944610574872e-01
5.212527412180266495e+00
5.136067105865993909e+00
4.188866191512704340e+00
2.496694114937774245e+01
3.213178707504879661e+00
5.189735694031474722e+00
2.134805482819810862e+01
1.881844241236616755e+00
3.549748643484323729e+00
4.304230499742985216e+00
2.898329596904076766e+00
1.088441113931431170e+00
1.145972765148324468e+00
9.050092980788591035e+00
2.506907709195019152e+00
4.356203727664403225e+00
2.506585552797298444e+00
1.273838722110757660e+00
6.406107399293022198e+00
4.703666808497551699e+00
2.807984550916525990e+00
7.058955909246609650e+00
2.154070278520277437e+00
2.904950300157428611e+00
7.406887035097812877e+00
4.694362172134541211e+00
1.245254674604533873e+00
1.076762550666360418e+01
1.136721438429405850e+01
1.478526547472183594e+00
2.763210211566562879e+00
2.636254843561168926e+01
5.720247651296130442e+00
4.900076463167565777e+01
4.830683166696050357e+00
3.696557494053137383e+00
1.902963399474435491e+01
1.380640160947069317e+00
2.866180806300939743e+00
2.768653107266131563e+00
2.714140389009995769e+00
4.595688470472720333e+00
4.956758867099384069e+00
7.630654618046801119e+00
2.541309203670492423e+01
4.067742973891139258e+00
8.348519356408356629e+00
9.159396045765205718e-01
1.308549520769689707e+02
1.748876200562284566e+01
5.382082902251693390e+00
5.397479211782554742e+00
9.492145982946009752e+00
5.072991259901443506e+00
4.746908858120514885e-01
7.150468044248496469e+00
3.201026420409618378e+00
3.864386197840896209e+00
7.296564311159649208e+00
1.634880121246926876e+01
9.080478714603268386e+00
7.483008244185184843e+00
3.064351900231872605e+01
3.972303472680152936e+00
4.601390201383406975e+01
1.655305346962151258e+00
3.705508771172988158e+00
2.008275381309528740e+01
1.047063712708139960e+01
3.642872524016543156e+00
8.807960635813376626e+00
2.145202779392631953e+01
6.130224726591078976e+00
1.462189414859106940e+01
3.107758516928170067e+00
2.582490257286951518e+01
2.112095102788113365e+01
1.373005159292787880e+02
1.503433595211831530e+01
3.623098489533411026e+01
1.032196378626408872e+01
3.552311029390959618e+01
7.882982857860925119e-01
9.581046550565258002e+00
2.443001055768045759e+01
1.047822987727235367e+00
6.261056246467469055e-01
6.299266599341652118e+00
2.621528479642902809e+00
4.145781500489239768e+00
5.114371273941336504e+00
4.177235230345436534e+00
1.216596024349413163e+01
6.594562522072219934e+00
4.322477926960682559e+00
1.314998349558217683e+01
5.155099218437344533e+00
2.438641535246383718e+00
6.437687380392757674e+00
1.026289881479433497e+01
8.701840828129489225e+00
2.003282396208486915e+01
4.729563985004595850e+00
1.910259882742466164e+00
5.823149544699627533e+00
1.962849053572874425e+00
6.801520552991028978e+00
3.146494954411247047e+00
3.231152900224475211e+00
1.498727974648643047e+00
3.036602635105865033e+01
2.655913247760936180e+00
4.652914258000079961e+00
3.747225756486308956e+00
1.952070768154266167e+00
3.234414236573661228e+00
6.680409547091687728e+01
7.935237459751027345e+00
1.269895409071310866e+01
6.356852391620338771e+00
6.450105280010586917e+00
6.734963127948990769e-01
4.950206130795423931e+00
3.328379563344280534e+00
3.706600957019351661e+00
1.816248527782702382e+01
7.239817532971022374e+00
2.775515356766406683e+01
4.228859469037066887e+00
6.842729143743330411e+00
1.557243084179820602e+00
1.557399020129920508e+01
2.442414697114805122e+01
8.960356630330130301e+00
2.382500976991011044e+01
2.888086046763768344e+00
1.024657710085106643e+01
3.510223802869554266e+00
7.052185404400144186e+00
7.209728967488006290e+00
7.099990688364163915e+00
1.984912153523523681e+00
2.253698987097977557e+00
3.818463755216581657e+00
2.031432037901980348e+00
1.000455981588644860e+01
6.423929507354552015e+01
2.255159890005714374e+00
4.018812841776075118e+00
5.212380133153484962e+01
4.592254038480893641e+00
2.796426547639387472e+00
5.900286106531048347e+00
1.260897632687255765e+01
7.021744030904240930e+00
2.126645507104773181e+00
3.165864190472245809e+01
1.007226897737819371e+01
2.598918095705165854e+00
2.145538382039429148e+00
1.458676976158000471e+01
5.120024050443156227e+00
4.241054992572115268e+00
1.063218876426437376e+01
