6.610968971668952365e-01
2.438704248104113681e+00
8.829946163436992457e-01
5.128219370759228291e+00
3.603065935132923059e+00
4.747799383812859375e+00
4.090029408525772125e-01
3.550016466467762477e+00
5.326450794582703097e+00
1.381426885268028482e+00
1.648900617606239960e+00
2.461504056877174662e+00
4.951340595575993042e+00
6.233005511834944778e-01
6.085818002460708698e+00
1.200952051462964132e+00
1.443640418363813405e+00
3.421767454720818336e+00
9.827616417715208996e+00
4.892813259925643088e+00
4.411659663903286344e+00
4.196917017406136097e+00
7.544114567604313315e+00
2.775895951358253733e+00
4.398844078916626543e+00
4.024579692121961649e+00
2.458994918535466478e+00
5.133139073686674436e-01
4.331359841168591629e+00
6.016016833775975625e-01
3.183708981901587909e-01
4.384286519419331896e+00
2.739414384010097958e+00
3.134379715490442031e+00
4.208011905276988429e+00
9.047683252544180821e-01
8.953172033312902789e-01
3.740811005532241662e+00
6.670440839142390388e+00
8.615636468771289413e-01
6.477106693992019659e-01
2.962254935959427460e+00
3.487268926342670383e+00
4.397174005544904674e+00
1.118045022402480715e+00
1.854580681651109231e+00
2.436728209796531708e+00
7.274961590996453786e-01
6.277282646746011885e+00
1.357565458164894157e+00
2.361251808985998846e+00
6.508963929152406180e+00
7.474714429312649067e+00
2.909101296976732698e+00
3.278834768684557588e+00
3.673599943745333718e+00
2.246751609696804763e+00
3.268623365112035994e+00
3.673453394390914450e+00
7.254645695767702129e+00
2.884519259915627742e+00
2.451158593900953253e+00
2.563039540190975796e+00
1.015739307920473733e+00
1.411357294875727808e+00
1.422929438121752765e+00
2.467148585755142953e+00
1.492910527514228480e+00
1.747794777312877912e+00
3.864316939835542364e+00
7.668506127906340453e+00
8.333029042867387659e+00
3.084168518971811324e+00
4.354866532066957729e-01
2.479175151637200258e+00
2.852714694810555063e+00
6.513513985312829879e-01
1.071331279135160353e+00
3.411321472550825185e+00
6.327429015153423819e+00
1.452916076314561877e+00
2.935241283182175920e+00
1.255789742653415919e+00
5.981973475825807185e+00
6.977254284773963811e-01
1.498498906348704474e-01
1.565352414043145934e+01
1.508327670196971404e+01
2.441342597597329700e+01
1.328312575428187081e+01
1.358326950427741231e+01
1.747508715130285051e+00
3.696819318838218571e+00
2.205166080579603172e+00
5.480082554198128619e+00
1.288615572664997044e+00
2.449937241269588561e+00
3.646793833200227652e+00
1.400663701891548429e+00
4.444978195651057007e+00
2.997858671158190713e+00
3.286748275572969891e-01
7.332508723729437961e+00
2.104871149231809113e+01
5.620453604762842836e+00
7.545395291675476734e+00
1.210068735848848442e+00
2.714165246710046997e+00
9.372995416402687852e+00
9.328697419434892613e-01
2.348156303454805194e+00
1.784852247746941512e+00
4.512682612107931313e+00
1.597140216022221670e+00
4.024294176835892856e+00
2.013536406533038559e+00
7.205845614219272832e+00
7.021289733192309868e+00
1.714473365977163377e+00
3.760594917901960876e+00
4.168131295659189384e+00
1.776696249892592672e+00
2.458514590913321918e+00
1.252267500497434627e+00
7.502704024304571284e+00
9.662495043619262480e-01
4.445070310028028437e+00
2.862263973369543635e+00
1.563005431795948974e+00
9.977165311661991609e+00
2.498479189937245160e+00
5.056623130327172477e-01
5.122566418868221838e+00
1.884517297874172215e+00
7.250104105069046234e+00
2.249917427381548318e+00
2.968833749355649920e-01
9.469730356559912243e-01
4.694756889332485805e+00
3.548811243465844090e+00
2.137250231758173413e+01
2.144627925933233037e+00
3.267243369847719237e+00
1.379197694764736859e+00
3.973313778976347521e+00
2.081677660420506726e+00
1.988170480740654833e+00
1.132209578197672428e+00
4.530249479657292966e+00
1.801970576418502112e+00
6.330823526762866749e+00
5.820919302417406627e-01
7.787073276187435056e+00
5.672585377165161091e+00
9.772676333209988631e-01
1.321854141318451692e+00
7.984851293962353935e+00
4.576399079067697606e+00
2.840512411802259329e+00
1.327566990379586587e+00
9.731858642957510241e+00
1.852792390543855694e+00
5.197523119387852830e+00
4.506339460838884037e+00
2.263458826308328842e+00
3.347419467253796910e+00
3.150485646274914675e+00
2.386878081714461364e-01
9.148461808759105196e-01
1.910513598890586140e+00
2.472919038472523923e+00
4.587207827352033362e+00
4.588936018895639180e+00
3.581568986138826460e+00
1.937458529992338363e+00
4.996963958750428314e-01
7.476828092697542782e-01
1.869048611548061789e+00
6.128393936178049728e+00
3.343097546595901193e+00
1.557002352376689602e+00
9.304803538457793621e+00
1.190205599474703391e+00
4.748593195238210996e+00
3.300749500108679069e+00
8.296720196903017097e+00
4.912155895849919851e+00
1.729686955724663244e+00
6.281426510187186896e-01
5.570701380866622365e+00
1.183105991130164680e+00
2.178193971487303315e+00
3.139594830308566120e+00
8.576258697440133361e+00
3.994680631694989437e+00
1.401462051094919170e+00
1.638219692565721086e+00
6.062551123194906744e+00
2.474771308336999986e+00
1.295266817274386639e+00
3.162219214409435430e+00
3.054012415152800308e+00
5.150107426315162051e+00
4.155601455972249170e+00
3.535357056789105723e-01
4.847665318531519496e+00
2.942412656097046053e+00
1.999992925198954996e+00
1.917446632751045987e+00
2.090476160618759405e+00
3.865695347291143502e+00
1.044543043608389121e+00
6.760767122511867067e-01
1.966528789423328760e+00
4.659813170896523360e+00
1.466501797289207820e+00
7.544814862813289835e+00
1.507185965699513019e+00
1.158044391552724317e+00
6.213703578349890400e+00
1.448133849409248608e+00
2.665509569114121735e+00
3.793298399964404322e+00
5.297234767658560273e+00
2.031668359777356159e+01
6.902335091619496987e-01
2.062089140759379546e+00
4.656765330387119484e+00
8.183754007122363561e+00
2.071689417212361217e+00
3.136828101310664696e+00
8.234209661075215791e+00
2.416308392283843975e+00
1.250290151411863393e+00
2.566093709739171835e+00
3.066552851069271224e+00
2.508314429451691474e+00
5.370479886329235342e+00
1.094951553308640912e+00
3.377895383732751888e+00
3.097804141882331663e+00
3.977826586201470782e+00
5.228830813111619236e+00
1.102946314332015953e+00
1.842023438886742248e+00
5.901299633602298256e-01
1.854473809695322162e+00
1.491321623809902963e+00
1.696557574305707972e+00
4.700996575389742915e+00
1.190443890214899270e+00
1.268636008239755641e+00
1.211918814417795032e+00
1.791297315123612899e+00
1.300611568465742440e+00
1.219620296152615069e+01
2.955987010939185922e+00
2.245578156824932137e+01
1.145221193372361501e+00
8.508617468455478061e+00
5.334390461990739851e+00
2.954533485879850652e+00
5.625433361102277985e+00
2.432394298055957638e+00
3.948295951913732171e+00
5.465803820287661985e+00
4.725324700959214752e+00
5.060601514826913672e+00
1.193783133545190944e+00
2.522163680647198980e+00
2.516903230265755909e+00
1.698106268634952398e+00
9.458110261745337866e+00
2.165753511824816790e+00
2.008677670484814115e+01
4.998736601990091621e+00
6.676403677327887642e+00
2.444795314879678827e+00
2.735721456760714432e+00
1.536916587027664649e+00
4.317333125041213471e+00
4.479627284833893053e-01
1.519977530260718979e+01
1.434128804412784453e+00
4.255803667618247133e+00
3.290202106737695753e-01
2.974337735746654054e+00
1.711878564410274750e+00
1.466422909294746058e+00
4.908269184640732696e+00
2.342778822453623455e+00
6.297174366280970936e+00
5.253485404893558197e+00
1.542716883043223186e+00
2.311327016069275597e+00
3.363935355948534323e+00
6.158991291034314752e-01
4.086335757726248907e+00
1.247175456139585137e+00
3.210078655672187420e+00
1.376532396337027286e+00
2.665711834470647634e+00
2.753624891415070053e+00
3.893404431348234329e+00
1.206946935416728595e+00
1.239168846008277391e+01
7.034939290599202089e+00
1.013749270722547280e+00
1.878857357557416119e+00
3.429286722423093625e+00
6.152362487059948037e+00
4.969187300638933102e+00
2.193144301752127934e+00
1.015737483468717528e+01
1.885512293582075394e+00
4.403581256555535894e+00
1.023030665803682737e+00
7.728829083971610059e-01
3.348055557851994379e+00
1.685961017670728479e+00
2.109497302712802025e+01
2.769188032853185266e+00
4.186705336460543769e+00
1.210455926690019446e+00
4.097687197894897437e+00
5.662876580365043822e-01
2.454834521573460382e+00
5.136513410046934069e+00
2.936461546515945820e+00
5.611773127289174212e+00
2.724451765479640741e+00
5.212156488922384812e-01
2.167409728998646479e+00
2.343183126292575080e-01
2.150290329587241089e+00
2.529611078614180553e+00
3.417630906044451855e+00
6.608900931538401302e+00
2.337225493729173653e+00
4.595615521506571710e+00
1.378534700359011156e+00
1.697494026404436340e+01
4.839669306581246389e+00
2.365701293597768373e+00
3.783779687273055581e-01
7.273475096134542905e-01
3.629025550957796664e+00
3.870802727670437982e+00
1.820372113090886756e+00
2.239186301291775649e+00
1.014740006269331651e+01
3.171184490355759777e+00
2.839648731130315795e+00
4.978895106788368885e+00
1.839746479592530459e+00
1.085713336495229608e+00
9.346717424215835734e-01
6.992339251637605946e-01
3.601266510561730971e+00
1.731090718028966746e+00
1.185830499641915736e+01
5.212198640645321346e-01
1.772298733085993172e+00
5.807341170977016187e-01
9.954263640505176980e+00
2.030573061489282072e+00
1.047868633120677462e+00
7.781381701168871956e+00
1.364285368412466726e+00
4.840024634039703066e+00
2.637540863138092107e+00
2.697537866023169251e+00
4.324359309965137399e+00
1.616513496285222784e+00
2.665863003882940951e+00
5.069121848707967004e-01
3.166901549090128665e+00
9.517321802244106621e+00
5.096322712962733092e+00
3.437313777228820921e-01
2.847941335717118161e+00
1.804654365944612815e+00
5.053670314883970782e+00
7.495166511335048520e-01
1.058355434628056591e+00
5.145981565440153283e+00
5.744969801170951573e-01
1.996993082540271525e+00
4.726476169342265443e+00
1.295852730145860221e+00
2.061093587100164548e+00
1.081910095276472816e+01
3.952245125778245161e+00
2.469530719932448104e+00
2.084391670519431194e+00
4.943295281602857472e+00
1.163668330098486692e+00
9.675549449236880761e+00
2.552956980625887162e+00
4.787870413046327656e+00
1.521627987827360862e-01
2.590696974200061220e+01
3.879031056190887838e+00
4.721157357841905267e+00
2.238751173502360192e+00
4.683767025444565135e+00
6.440942770492289471e-01
4.078659085329295331e-01
6.829874730211163980e-01
3.122504737552008969e+00
1.176616952731242449e+01
7.367512364732327512e+00
8.914045227906894908e-01
5.405497391606761681e+00
4.095940715248032937e+00
3.374543508342696008e+00
1.442733200207801270e+00
1.435498846045822452e+00
4.569283451673631924e-01
4.356558589341090304e+00
4.289908778517825816e+00
3.643787080099960107e+00
1.919103039720266857e+00
6.199372677665856202e+00
1.520341060285761436e+00
1.152988770203171365e+00
8.669784182819849860e+00
4.061638497219260735e+00
2.456344246013634880e+00
1.646514673550659724e-01
1.632290423482784636e+00
1.204919863553248049e+01
1.437534410135637541e+00
2.838617774207338851e+00
4.654687364686223461e+00
1.193943438587661277e+00
1.583508769791679871e+00
5.233142384665453228e+00
6.176108206312072024e-01
1.816332770939413255e+00
1.278840532762963944e+00
3.094602844085359017e+00
3.018761326287894287e-01
4.703852576550533460e-01
4.662543504347378409e+00
2.045208278948531522e+00
3.572161354968572233e+00
1.366375207830004435e+00
2.530739251687385227e+00
5.954719400790436268e+00
1.671886489077717197e+00
4.632796757510590169e+00
1.488807805111016291e+00
1.487927840426663151e+00
1.231206073631301301e+00
4.061460432824215983e-01
1.334149649535740334e+00
5.063282032615417982e+00
2.029730044987770654e+00
2.990735313891500713e+00
4.334270955850608509e+00
2.595330004285328673e+00
2.546346080593589356e+00
3.706161781247820031e+00
1.897130580012246215e+00
1.112166821605515921e+01
2.307984655626515558e+00
8.457497259208257567e-01
8.549469438150022471e-01
2.435839294358848495e+00
6.428222233160853172e+00
1.570283473379690431e+00
5.173450471224555258e+00
1.893907469806307420e+00
1.600449806993977653e+00
5.546471716805326579e+00
6.764178422805441571e+00
1.870032091770311489e+00
2.419165869760488974e+00
6.621004606242659740e+00
1.484826131088572154e+01
8.743874926014545412e-01
2.564593626903314050e+00
1.327260433089699276e+01
5.087148658533981127e+00
2.906257670382780045e+00
4.223499149030646826e+00
8.330477954326401147e+00
4.794075150166456467e+00
4.633337161822762340e+00
1.046211831443709217e+00
3.980898829426305685e+00
4.780886449971443852e+00
1.970386797618083108e+00
1.396364209643826904e+00
8.991208467242396418e-01
5.635483369912189788e-01
1.459134126672083198e+00
4.714834829578308018e+00
2.583371442348003200e+00
4.437441250647473634e-01
1.487919157772111811e+00
2.982717064251291461e+00
2.644379330896497571e+00
9.271428329142821667e+00
2.376861114703772593e+00
8.945913546251324178e+00
1.687706046450645037e+00
1.692693020893776179e+01
1.108205920539585110e+00
3.973466427808131307e+00
8.345049589037930593e-01
3.345345513653285252e+00
8.874813993251388089e-01
6.946487309694873602e+00
4.822569762595064979e+00
3.485500432791480030e+00
9.935950611734059024e-01
1.546689012682516351e+00
1.275657532223499535e+00
5.445984376079416656e+00
2.448866332358733189e+00
2.344598721444947298e+00
1.542063727757345237e+00
1.028700020086157529e+01
9.807574435098106447e-01
2.037447765069044792e+00
4.246608790468874517e+00
3.508673800717817315e+00
1.616868124672290907e+00
1.040418929105139689e+01
9.338108052957462268e-01
1.256014137558837174e+00
3.518452170761216635e+00
2.249643399557509582e+00
2.122361548602873516e+00
4.194094677409017535e+00
3.159457117245801250e+00
2.035322141942387919e+00
8.599776408071662104e-01
6.031223877221139951e+00
1.711330339316527560e+00
1.495574566153087481e+00
9.772517703719124427e+00
7.249622138402656901e+00
1.720450271416002819e+00
2.499483154343965730e+00
5.614029618018208545e+00
5.835124812493745594e+00
3.055989075533450006e+00
2.047532892335142130e+00
3.026061690693495621e+00
8.760495613968438677e-01
2.738317111799770665e+00
5.972203319083583928e+00
3.494297913309597270e+00
5.159711900381651617e+00
1.930446598901160549e+00
6.705859988041330544e-01
3.426391902331691330e+00
1.389171391318789528e+00
3.340816182894684516e+00
3.930217198984737337e+01
9.476328295994012052e+00
1.963624619655768289e+00
4.205963202658233868e+00
4.522846475234258534e+00
6.449493786889539670e+00
4.144872273646477367e+00
8.782152564990236554e-01
4.222701235641723727e+00
1.353650139943385344e+00
4.753133401931785018e-01
3.995695837146114204e+00
1.581962607015753264e+01
2.238118407329245052e+00
3.612060644650320285e+00
1.970918467379384031e+00
2.012757408227920486e+00
2.730684662570338261e+00
1.458780202307578655e+00
6.081626285037640578e+00
5.910876999853592828e+00
5.074646922531970361e+00
1.522447242985883875e+01
1.989662839970179675e+00
4.170763342992156453e+00
6.858769206624663717e+00
6.359685729649461328e-01
3.390129145850982795e+00
6.796543299412123318e-01
1.002666704830229571e+00
2.567676074641120465e+00
6.122046186834724679e+00
1.899778601147623425e+00
3.646439901825087482e+00
2.192535760283452539e+00
1.839358494563830382e+00
7.106866606100651351e-01
1.068045890534597975e+00
6.806495582457579019e-01
3.750096073897146276e+00
5.385632766687963979e+00
2.673883588738216854e+00
9.657713835145458336e-01
3.903938554718061060e-01
8.624410251638870761e+00
3.224135941097600599e-01
3.347848236259247656e+00
2.192488230935500937e+00
1.850924566454778208e+00
2.924541296424613357e+00
2.882132175793619577e+00
1.643256037140807813e+00
1.494215267836908057e+00
5.206612828041867758e-01
1.541820215365402902e+01
3.825496413494707593e+00
3.516201770626721235e+00
7.045602096097166589e-01
9.082622744441567475e-01
3.006603827490016645e+00
2.168299674978757530e+00
4.126050418111445239e+00
4.481531575433653991e+00
2.862262341955946532e+00
8.798880946972248651e+00
2.975310171001405379e+00
5.594761024881441669e-01
3.523561846576253043e+00
3.193655064807031430e+00
2.306359882425308427e+00
2.413570163610453179e+00
1.518152377505152373e+01
2.445322599368391359e+00
1.561698337467696707e+00
1.954126958446644968e+00
2.006461736456464084e+00
4.399038068428327897e+00
1.107265451415715063e+01
4.149329182599080923e+01
1.143630061712943125e+01
2.877488415735815597e+00
1.519301641122833679e+01
1.047313583386136226e+00
4.293332560815644072e+00
1.147903482867676184e+00
6.158049305265683948e+00
1.266620354130577164e+00
4.275661178727939493e+00
1.163246835756860387e+00
3.115819863873620310e+00
7.423077113726417764e+00
1.651389339648039911e+00
3.910734308265213066e+00
4.093119128121305295e+00
2.330583793307378748e+00
7.408741749458260806e+00
4.252510154780486218e+00
6.669348645334800096e+00
1.657483912838688900e+00
5.764109796321309709e+00
2.476362437625260426e+00
4.614015913440521643e+00
3.048739069782466782e-01
7.604571571182671130e-01
9.134566947324713748e-01
4.296756464839845968e+00
8.360569473031654875e-01
7.646209778700635562e-01
1.818822919795580617e+01
1.044603836270614217e+01
9.911909303185746367e-01
1.141512822703186991e+00
3.904269167522707917e+00
5.999778870088071647e-01
6.734647233836429381e-01
5.383997911096661149e+00
3.367331393738653311e+00
8.231915334307775112e+00
3.469577844152068824e+00
3.645930153908766513e+00
1.537868455017751490e+00
9.679128275306807527e-01
1.554173401013183131e+00
4.831047915433441253e-01
1.676554752897375655e+00
1.479042076869280464e+00
6.145140985439097925e+00
5.500475810179860758e+00
1.162847403384844158e+00
2.210718011403886241e+00
4.591173952746839815e-01
2.548480072924902196e+00
1.900034127230264547e+00
5.439547149983271490e-01
1.034385531137584380e+01
2.917886954202784988e+00
6.411641296895455255e+00
3.048942885458155061e+00
1.883056507689054637e+00
2.672567894305643232e+00
2.282701749310567241e+00
3.551418028593009701e+00
4.203373597936321815e+00
6.080605660250393285e+00
3.011494638288888304e+00
7.203228458314276939e-01
2.100621720649831214e+00
2.291540129019359107e+00
1.069141625213685742e+01
1.371884732110800442e+01
4.815453983935721993e+00
6.239569727444487235e+00
1.679911805719265239e+00
2.602534276503477351e+00
2.390956590504050183e+00
3.931420876435582024e+00
4.761408470437714868e+00
6.491271221793175172e+00
2.553706810919219805e+00
3.922911698959659077e+00
4.088864723702393178e+00
1.518848410467648735e+00
2.110831953134782779e+00
4.158908212628689149e-01
1.393902714517904373e+00
1.492728549682712291e+00
3.454199980935650061e+00
2.859783362670948570e+00
3.886459272922593300e+00
8.397868631693780728e+00
9.776732102207916775e-01
8.746802750445169750e+00
2.374994166583152655e+00
8.602768359743233617e-01
3.055333176516298543e+00
6.172178777602651323e+00
1.447969435617212364e+00
1.252515510756894601e+00
1.866402704538939306e+00
2.983472168357968357e+00
3.004708234646063847e+00
3.697620669292263962e+00
3.445593346286892178e+00
1.038867528345674529e+00
3.682913975476334034e+00
1.301612715907669138e+00
1.906763145107048585e+00
2.588672799702634642e+00
2.770520314732555889e+00
4.250086248141354162e+00
3.610268981065452465e+00
2.688161950461434024e+00
2.863819011850208263e+00
5.416347554774896267e+00
1.391645549808155691e+00
2.715729667059466834e+00
2.232818474326555780e+00
3.224951770375277693e+00
1.896934510314855604e+00
1.860592770212134095e+00
2.590266690916513959e+00
1.345811146689765980e+00
3.949727584745351461e+00
2.087739251927697826e+00
6.288273987889951844e-01
1.754792615731248118e+00
2.424786847871792439e+00
3.311973104043699490e+00
1.705866255714993507e+00
5.335706328470701365e+00
1.370266192770824620e+00
1.006816238694204557e+00
3.627551533933527139e+00
3.839284505570145001e+00
1.205534150888643907e+00
2.948645501295993898e-01
2.220747795500944477e+00
1.553681795350830619e+00
3.628246891826531151e+00
1.218530685545581305e+00
1.028020427749974042e+00
4.278212714539351147e-01
1.443847900835834919e+00
4.314137941527731002e+00
3.544443706193611376e+00
1.731867785361758116e+00
1.715953058662691655e+00
3.918703096858073831e+00
7.081296464415210323e+00
1.298609992402434132e+00
3.219972823948174412e+00
1.809606944321003752e+01
1.143942993544776243e+00
8.824720267533654905e+00
2.037669829017912715e+00
3.816324228567413712e+00
3.159142165759635024e+00
4.497196975456436152e-01
2.375944889602993104e+00
2.717859352007925278e+00
1.436051824909634789e+00
3.555623947071560487e+00
7.580083039216263252e+00
1.955786371994363115e+00
2.226172175060280090e+00
4.959644513721742420e+00
2.680565317064209085e-01
2.326881121563497246e+00
3.334766925963962847e-01
7.780864583260809653e+00
6.376032906103622722e+00
1.074536305003319425e+00
1.296848732251755898e+00
1.055821700685069642e+00
1.642454957270442328e+00
1.167653497316921651e+01
3.558707913023955172e+00
4.491856088764969890e+00
1.972920211368328625e+00
1.997782494947039078e+00
6.602957417405224128e+00
2.168424725116253615e+00
7.478596394063425912e+00
4.984282715286342480e+00
9.017609823673531366e-01
2.258549448666394177e+00
2.547481856609378426e+00
5.123253076182038512e+00
2.227743072859881046e+00
3.583327911766821749e+00
8.498551529204600996e-01
1.957172380700902936e+00
2.740288836770278458e+00
5.326954656471695193e-01
2.111096948407457319e+00
1.588225905208997757e+00
1.171677297983853006e+00
4.386289260446014637e-01
4.060348718917072830e+00
2.065744044981022043e+00
3.050459538504433965e+00
4.115054795153255007e+00
3.631517855787456117e+00
3.514523970155585708e+00
3.310170335043324030e+00
1.018387994720227230e+00
1.077292790856315463e+00
3.498083137536057485e+00
1.841342469203222532e+00
4.019599905785508298e+00
5.410150867130267827e-01
1.926911965401055582e+00
2.081548027636834064e+01
5.382989836003828188e+00
1.557078621933645479e+01
1.941253435318476050e+00
2.038191214229705839e+00
4.848145642743034500e+00
9.215147616995967184e+00
2.946498898999571736e+00
3.680077826842615529e+00
3.289728500356792207e+00
4.910313759009297674e-01
1.116629765710301925e+00
1.077778839130588473e+00
4.396992066807932531e+00
1.851535708011904369e+00
1.971766398830807621e+00
2.964089814845868531e+00
9.629351639396338536e-01
1.213576126426577417e+00
4.482651170642299121e+00
4.417215220224341543e+00
3.792111222247570801e+00
2.730486350200459711e+00
2.548373969750642232e+00
3.214918898051538410e+00
2.056188303161651021e+00
3.889273038954782269e+00
1.382179267578437232e+00
1.107156138754955998e+00
1.109698526485560555e+00
1.273724583677769973e+00
1.158024709076080683e+01
8.814669186661586719e-01
3.640412738016965410e-01
1.644540748808918984e+00
1.127392501536910840e+00
5.371506496296973410e+00
1.706881597115117444e+00
8.748604067810730189e-01
3.905361973832803812e+00
5.249917947572977361e+00
2.835407854075712386e+00
6.209847097097469515e+00
2.347183594139196305e+00
1.899708373586391552e+00
1.824720409911713581e+00
1.321594680678173539e+00
1.491195653302032964e+00
4.029945575527375645e+00
3.526734220080654847e+00
2.539909081357026643e+00
5.095369154580289717e+00
9.824312413834389579e-01
8.465573808767520303e-01
3.735710197008914601e+00
4.277479253868980535e+00
4.105677338363501683e+00
4.219985721540260748e+00
3.021824622846656982e+00
1.823691742358057422e+00
1.734221737271590458e+00
1.058844519825258734e+00
7.524888395466570179e-01
2.949696111180323932e+00
1.799186758356153382e+00
1.049226489038695087e+00
1.754613356716444805e+00
2.059329086951132481e+00
9.469117376673669151e-01
1.316560699112571342e+00
5.421240625591712270e-01
9.270677161072305994e-01
4.061476894577595864e+00
1.376087316386554571e+00
2.234995229064956401e+00
8.715891099951830201e-01
2.053701683929621602e+00
8.728924932744563936e-01
1.611211228421076669e+00
1.783904150255225973e+00
3.696202422184420300e+00
1.643403559505340450e+00
1.431505937556307062e+00
3.837838679237311812e+00
6.346808358614048018e+00
1.634042271672305757e+00
2.120200740635947056e+01
2.997712986435701943e+00
3.783886635505949503e+00
1.013994962065305749e+01
3.288693722680183118e+00
2.233174444965472016e+00
1.522787618248212738e+00
3.313803423033939044e+00
1.444540802604389329e+00
1.008608322138694557e+00
6.650707347297174721e+00
7.202878079016554302e+00
1.513583310885835420e+00
1.892869188444599171e+00
1.154222713274017487e+00
1.400626701667768037e+00
2.790645528772403239e+00
2.494993667733032883e+00
5.446608844547950135e+00
1.084162996094984122e+00
2.574487343498143677e+00
2.853324430325626881e+00
1.436529093005123991e+00
1.005256414574231760e+00
2.196603372293404632e+00
5.981319389827255861e+00
8.686416756841778275e-01
1.485024305206221307e+00
1.528800214992435125e+00
2.508557276362398891e+00
9.033126310201947007e+00
4.401732946641756072e+00
1.931333598482526170e+00
1.951901673046198660e+00
3.557222224902300667e+00
1.676473505354792337e+00
3.366783130535721202e+00
4.662999506446640297e+00
2.751152840550108447e+00
4.665189859055368871e+00
5.356070532123281325e+00
3.060498590535082553e+00
5.100775056478555669e+00
1.525193014766294874e+00
2.644726166167913561e+00
3.918850026272875375e+00
1.123665755803127198e+01
9.128604851171886025e+00
1.046157623735170850e+00
6.496660559715790484e+00
2.840150755912980607e+00
1.101518566470674898e+01
6.599337326665231096e+00
6.244373380712285204e+00
1.768694448677207820e+00
8.613925823625475431e+00
4.326048203768829481e+00
1.580260464540679699e+00
4.709833841168893365e+00
6.717598573647006743e-01
