1.685029490030519383e+00
2.471140879356781728e+00
3.406922891725131741e+00
1.628226418460621883e+00
2.077064422638768004e+00
6.350643105989963288e+00
2.781030612746767883e+00
3.239239138672826090e+00
2.204273616859900198e+00
4.474867394263481124e+00
2.109099492329593151e+00
2.210656146016265922e+00
1.781611835564942625e+00
1.643867653364222470e+00
1.944785106022779209e+00
3.241425808750440840e+00
5.095014083979844344e+00
3.733747660199767004e+00
1.955619846932836525e+00
2.319906344702491463e+00
3.180916216116925543e+00
2.514009442803394112e+00
5.132604448957089005e+00
1.745176968882319546e+00
3.657767738472350150e+00
2.665281324187501522e+00
3.287602026983396541e+00
2.243387692382552867e+00
2.189305557948966641e+00
2.608030345058204080e+00
1.587843415366678501e+00
2.894743088993353197e+00
2.215366810036305978e+00
3.647363630855141370e+00
1.356931912117818273e+00
1.798457848708636231e+00
5.527333771382152428e+00
3.689163118970784527e+00
2.715076539927162358e+00
1.929117328404222897e+00
2.292971890747364405e+00
1.673478887858770525e+00
1.815229522942459761e+00
1.566624179097053204e+00
2.530881465688862075e+00
2.989360018204867853e+00
1.499011296954294359e+00
6.270896307571319106e+00
2.759092451114236066e+00
1.577229989836998580e+00
3.149814462890927036e+00
2.230271000644520107e+00
6.110592283605049246e+00
1.452976172504897523e+00
1.791045458348934361e+00
1.616217803290501687e+00
1.380023113138447055e+00
2.167697218986694985e+00
2.813226271208853824e+00
3.318259167284746347e+00
1.185357222851516568e+00
2.221388370280194646e+00
3.456688770366347363e+00
4.690625323804405333e+00
4.063530698853867307e+00
2.626125848887728154e+00
4.707102464719980617e+00
2.337126923534541323e+00
2.064759588583901628e+00
2.964171482434575733e+00
3.894208075094961696e+00
4.282241837996099143e+00
2.609387287281431878e+00
2.420710657389428366e+00
2.992147277736530775e+00
2.319070498267342906e+00
1.726675836762296079e+00
3.150513431310436818e+00
1.532663419049290932e+00
3.733918450851197335e+00
2.975336192360085175e+00
2.108910047143150113e+00
2.059909866620516450e+00
3.647105061029015882e+00
3.025024540584470234e+00
1.990304093761074089e+00
3.013425988610147321e+00
1.782946301052889426e+00
1.762002704615101223e+00
2.480706034603781251e+00
3.417063805178728320e+00
3.195833735659791675e+00
2.309281279580398305e+00
3.427223278266440243e+00
2.507955323294631000e+00
4.095793283981318034e+00
2.998059576923934877e+00
2.151268246396076833e+00
6.217476793020972892e+00
2.185827341335756291e+00
3.306148406346547386e+00
4.609593548101961424e+00
3.296762617356374214e+00
3.380286287262299627e+00
3.546223181663599622e+00
2.537805170750203843e+00
1.175182014567376809e+00
4.561505887923678060e+00
1.712566338335804961e+00
1.605165714941593436e+00
2.607260506134860822e+00
2.135833718163598682e+00
1.578885596277329162e+00
3.745388032515190702e+00
2.294651455760152725e+00
2.389583037604887217e+00
2.746214171714250529e+00
3.619003137090718081e+00
2.821037857337070687e+00
4.285319828434495548e+00
3.035765326059097990e+00
2.625578345915597911e+00
4.156818897651465505e+00
1.456646354868142534e+00
1.893396054731155687e+00
2.033180734251494926e+00
2.014100974390837795e+00
2.483155572751494233e+00
2.542364050488818528e+00
2.499384795785192459e+00
2.971143113788489387e+00
2.829330364786281748e+00
3.549266072160904617e+00
3.673472013687351989e+00
5.888796616749269575e+00
4.775302001454487133e+00
2.347244353807034223e+00
3.702786203007117471e+00
4.426955845236531850e+00
2.053968170793873949e+00
2.916389445320560103e+00
2.289770934990483120e+00
3.510018711435686001e+00
2.119411501145881171e+00
1.763963148392855507e+00
3.810762374354986548e+00
1.819809515858444193e+00
2.260818329593124787e+00
1.590772301080134010e+00
1.895559169486917384e+00
2.044513999765731338e+00
2.992102233662873978e+00
1.763114102213427792e+00
1.274881240194268406e+00
2.478353953034836188e+00
1.483590873992847392e+00
3.099906015315004204e+00
2.830394399867592448e+00
2.062947499687151964e+00
2.224935794983913695e+00
2.183903582664958432e+00
2.710650718765222678e+00
3.965411374704086001e+00
1.487777993236836682e+00
2.332347717793961550e+00
2.637164802223215698e+00
8.829456730161393541e-01
3.023403703494196737e+00
1.679977796788576949e+00
3.829817629255991118e+00
2.389325069514928845e+00
2.727562184433443004e+00
4.894179929053779077e+00
2.838969235032942962e+00
2.642809921204360535e+00
2.084629381316978503e+00
2.272001199061044474e+00
2.778896090165134503e+00
2.234128756161964713e+00
2.351931940327466108e+00
3.582783846450935172e+00
4.395887954521054297e+00
2.856643471700070158e+00
1.861854495697683687e+00
2.350390406150978162e+00
2.057030963158754222e+00
2.121267936939132959e+00
3.509425325553461761e+00
2.981585679450758697e+00
2.350904104775824344e+00
2.959040826087010245e+00
2.029887606315464055e+00
2.191429763719517254e+00
3.900819943189655969e+00
2.731388131872972469e+00
1.605835007694925265e+00
2.590944858135892925e+00
2.188197136779526097e+00
2.326211868256546467e+00
1.845716207247856122e+00
1.306499876372868352e+00
1.704072927166976781e+00
4.245998800052154465e+00
1.783941068450293432e+00
1.701284243685513786e+00
2.549061525356166591e+00
2.918582959450663594e+00
4.132395957557857713e+00
4.205057525740851787e+00
2.065042558278709084e+00
1.132314124784608467e+00
1.941196870153852450e+00
1.798568571853448761e+00
1.220971007206504533e+00
2.316955121170214849e+00
2.541530538375396109e+00
2.016620080676802651e+00
2.088552170576653211e+00
3.536652135507202033e+00
2.749572882465506130e+00
4.124933460956873077e+00
1.653617734020730756e+00
3.500602743940290473e+00
2.389034149941493546e+00
3.933206990457469132e+00
1.460665950399556712e+00
2.330724570467683776e+00
5.438768439682929667e+00
3.337415181590610569e+00
2.127586285013317813e+00
2.750380355054317327e+00
2.916868445856706682e+00
1.707573100626188056e+00
1.539490019767791651e+00
3.070640571590495860e+00
2.723550174739287399e+00
3.543145749968762193e+00
3.593190495381505034e+00
2.358617124131265008e+00
2.572522375486433699e+00
2.205337302390761423e+00
4.078561983518819822e+00
2.511793050455925602e+00
3.135713503971610638e+00
1.596168230488322237e+00
2.528488812249831685e+00
3.478202736103075843e+00
2.726260802606651268e+00
1.881891304036877210e+00
2.555680553558114187e+00
2.365186574819368559e+00
2.290354299019325079e+00
3.516880869082252836e+00
3.427259842608687102e+00
2.472525469894432781e+00
3.818116512734889056e+00
3.084283672680925736e+00
2.461433168908139457e+00
2.808758001183442321e+00
2.371826224505352076e+00
2.405660278998133172e+00
2.320709040497443532e+00
1.579360248586771265e+00
2.242406441363350655e+00
3.885959294740461978e+00
3.117279589694305297e+00
2.591364725976280425e+00
4.332666025502438956e+00
2.465451520013996145e+00
5.138868328476354108e+00
5.359957046604751696e+00
4.695322500556359913e+00
1.946826086921903176e+00
3.550204519267202041e+00
1.796355417874620830e+00
1.462672329931162807e+00
2.995311463272556374e+00
2.942905311650610756e+00
2.227051435303111671e+00
2.386622554607557678e+00
2.674513724460356290e+00
5.549448319410526409e+00
2.523765345721527886e+00
2.181071724357526165e+00
2.898194917450171548e+00
1.585203602866636752e+00
1.464396871352229956e+00
3.424961112274473418e+00
1.678639291857157101e+00
3.021217843323100283e+00
2.377744647163532399e+00
2.578415104975350758e+00
2.663221051990877442e+00
1.926040621315805002e+00
4.588884425308376258e+00
3.470655479421433043e+00
4.044578325074865255e+00
3.032526952612869309e+00
1.455112050133629431e+00
1.329629665959783713e+00
1.012186712513524434e+00
5.480143139477409164e+00
2.251046141580986593e+00
3.575664405454012318e+00
2.261885912484991046e+00
2.529904240392542469e+00
3.489088822372417908e+00
8.355941894432329375e-01
3.579809017218579914e+00
2.080039871902652493e+00
2.528344083197249237e+00
1.924876360972493039e+00
2.290883308005660091e+00
2.812737587018232954e+00
4.211801514382812250e+00
4.102079727337547332e+00
1.762304497958719018e+00
3.559552953933724062e+00
4.003589658616296454e+00
2.643637099495593112e+00
4.511791975886087158e+00
2.473998658450792476e+00
1.607604749250084453e+00
3.148235789341526036e+00
4.032589789329078300e+00
2.021482199551696723e+00
3.036371036200192108e+00
2.398283311358768266e+00
2.737419326894900085e+00
2.163672296059295341e+00
1.375667611435547721e+00
3.778454345463309938e+00
2.977783954977099690e+00
1.344603914507164211e+00
2.437519315955284149e+00
2.938048018472256828e+00
2.325708762054418344e+00
2.578467213736820973e+00
2.116644796455611210e+00
2.194225326474418036e+00
2.947159177578438261e+00
3.309682691922865239e+00
2.188854726592954769e+00
2.298942937861400804e+00
2.940340265054148805e+00
2.384393100581337244e+00
3.367262945694549536e+00
1.969605489690021249e+00
2.941967743771807253e+00
4.431285518462561690e+00
2.661076752745270557e+00
3.031281559036455242e+00
2.536432134362979873e+00
2.189819085038740454e+00
3.268986782755592291e+00
1.675722404816112565e+00
3.367945329488286177e+00
1.414747284179203035e+00
3.977381347846011383e+00
1.482992163366350757e+00
3.457116126475851203e+00
1.820990861391304172e+00
1.106921942461430719e+00
8.132922414847445491e-01
4.512862932570040009e+00
2.071318067067061452e+00
1.738495149531410711e+00
3.041210410855260893e+00
2.341727126659115310e+00
2.106407837641300240e+00
3.233718711536574641e+00
1.730815384295144588e+00
4.013735711419381680e+00
2.805196079900377004e+00
2.629459773023135050e+00
2.044350579321854156e+00
2.577330483489159718e+00
6.325364131803858037e+00
4.778966630904399437e+00
4.244668769309699385e+00
2.204910936973158986e+00
2.937525874799271186e+00
5.678340583198095537e+00
3.014301035348406543e+00
5.714040479941680850e+00
2.816598657963594654e+00
5.349878548361632902e+00
2.260314865156872521e+00
2.580392671550969741e+00
2.834122719448622263e+00
2.354509895085932225e+00
1.439727334860193553e+00
2.979001090047053601e+00
1.361208793157759889e+00
2.085131668762198576e+00
2.244423730022131469e+00
3.565360397744750998e+00
2.140154273317520506e+00
2.074953755290600999e+00
6.109263592571279489e+00
3.953470271066491737e+00
2.238073497233886489e+00
1.705542668456386579e+00
2.065282232944193552e+00
1.322942234648402549e+00
2.569675106821549093e+00
2.137778073840149506e+00
2.740990869413005182e+00
1.503619254762118773e+00
1.588331919836507566e+00
1.920867700491697194e+00
2.625993088552418087e+00
2.504475498316961257e+00
4.533296082802744209e+00
2.071082709412813916e+00
2.825175626825343400e+00
2.432761619449012258e+00
2.869054526054744869e+00
2.231962063193399182e+00
1.779444160279704201e+00
2.487626109214259085e+00
2.542527155120930971e+00
1.688219044261076940e+00
2.786327673652148285e+00
3.655073536992757610e+00
1.755953433709752431e+00
2.452324637444090349e+00
4.067724976708422702e+00
1.910277791720276896e+00
2.257680949061221298e+00
3.351382417996848329e+00
2.923487288504051040e+00
2.399524607591921210e+00
3.206485922410386102e+00
1.857142570128495596e+00
5.351959665656130127e+00
3.427176095205474837e+00
2.668587273208782307e+00
4.426028898694154279e+00
1.260109049393958625e+00
7.549639494833014552e+00
3.778722457910125065e+00
2.873252204056241599e+00
2.451904372282374567e+00
2.158294121578331115e+00
3.590177899154809005e+00
2.659673942870225183e+00
1.515515881467390802e+00
3.099190575088684341e+00
2.580474748076837521e+00
3.637297363786123672e+00
5.787431600655343900e+00
2.440267131690678770e+00
1.673868151030718066e+00
3.163552793957706388e+00
2.416411536917941305e+00
3.190732381135647611e+00
2.181959614893633326e+00
3.094097389578128521e+00
1.969665805776236844e+00
2.773557809349123104e+00
1.280732406253806133e+00
2.853816467391000256e+00
3.165242415751252647e+00
2.395901968136271876e+00
3.048678658632068661e+00
1.780715820068493604e+00
2.283577698015549995e+00
4.201411600360789755e+00
2.124366730458316699e+00
2.379250534973071041e+00
3.538711702744383736e+00
3.226089450151909066e+00
2.636169736532187891e+00
3.591425626118537995e+00
3.108655236428926827e+00
1.846933000827150062e+00
1.815708485959975471e+00
2.361019316031037540e+00
3.426283747360110876e+00
2.445590613487087950e+00
1.709396192112389468e+00
2.948124945535067098e+00
3.080849963896632460e+00
2.744770532404971597e+00
3.714073343791619575e+00
3.735900941319376223e+00
2.467952755440988799e+00
3.829269550754696549e+00
2.771067945895514750e+00
2.846679698392612146e+00
3.613226533140083241e+00
2.983745355459627824e+00
1.918223322903343409e+00
4.510230639780255402e+00
1.911254539655835583e+00
1.597127669280018480e+00
2.242117167940694600e+00
3.188324478398395723e+00
2.910694955393305694e+00
3.684672512713156767e+00
3.045165374989526441e+00
3.344653582592777674e+00
2.136346674000042967e+00
2.757032178096146424e+00
3.479695125812223289e+00
4.263753948765431900e+00
2.789943412536585399e+00
3.040051119985592187e+00
1.997950731120764267e+00
1.957829672179978386e+00
3.162614784589981465e+00
3.154368611385450549e+00
2.375363601861788077e+00
5.580431013836203213e+00
2.523196341949579313e+00
1.870218764396702982e+00
5.386328378502648562e+00
2.874421663139342886e+00
1.700983024286648160e+00
3.922679241069005229e+00
1.604730899867219618e+00
1.345346149519583090e+00
1.731768534956776628e+00
2.186378575255081280e+00
4.589531154336885521e+00
2.806621740138405929e+00
3.142932229753345297e+00
1.944481249742415763e+00
2.080156125609553541e+00
2.754630895933749102e+00
2.242016890844533261e+00
4.679111397429152497e+00
2.449811473234583481e+00
3.160937815182232935e+00
2.201339481483292726e+00
4.016300487807981767e+00
2.518492291218715984e+00
2.235060478032647069e+00
1.965471648340317845e+00
2.581647549422453114e+00
3.569993013742031263e+00
3.116926858391936950e+00
2.143550887505969005e+00
2.009924809342835239e+00
2.302052125607558786e+00
1.887058140631843628e+00
2.721676425465282989e+00
2.403758402291922724e+00
4.270479395992708760e+00
1.529979886111495935e+00
1.841520302079189486e+00
1.480439456036287904e+00
4.057548561232419360e+00
1.917844787604389811e+00
3.211466769619097050e+00
2.402615249009722120e+00
2.179532572158803916e+00
3.566465458395502441e+00
2.751536598632900343e+00
6.588483294902800047e+00
2.036082047172592446e+00
3.433907675923530078e+00
3.325345382233802383e+00
2.581680715238408474e+00
3.505008283960552973e+00
2.168004252366615425e+00
1.294845343395631732e+00
3.439824211036570656e+00
2.729398645738808415e+00
4.132246295060043373e+00
2.534365260139662901e+00
2.958006702412242284e+00
1.806588374565307742e+00
4.513409291746596885e+00
2.930920638897640984e+00
2.140579682880217938e+00
2.065139703176481767e+00
2.424495275766056945e+00
3.157638782614894613e+00
9.908477684534137131e-01
2.580686382393732270e+00
3.117457582480635203e+00
2.765319008303308124e+00
1.518709510320516598e+00
3.636392384473939643e+00
1.772266955990867032e+00
2.690225623266358390e+00
2.630494561156738520e+00
2.786124925871798830e+00
1.711601200588944272e+00
2.988931973884561000e+00
2.267171883108304087e+00
2.865673279820621921e+00
3.864128945594923259e+00
2.041652408688338305e+00
1.880285546936689256e+00
2.912142964948797541e+00
3.761755114110362452e+00
2.830583301056480927e+00
2.998020182830560820e+00
1.391418915022248459e+00
2.302893392067528744e+00
3.369154286029878431e+00
3.254975250986908986e+00
2.252314094558484303e+00
4.333281169320930104e+00
1.825503450673221062e+00
3.438277203810752525e+00
4.095220224216056693e+00
2.904549612682258530e+00
2.348487682194630111e+00
1.864883608524213976e+00
4.101678832184664003e+00
2.229754227524130883e+00
2.806217291363093391e+00
1.720349398764148718e+00
2.589014051953225426e+00
4.549740122235407469e+00
2.529823986676996483e+00
2.568301725501198618e+00
2.111065546963775574e+00
2.176347227401354001e+00
3.316807898927905285e+00
3.938506307977844845e+00
1.689187191188929127e+00
1.891814145296217387e+00
2.081405838848384704e+00
2.266041652821988883e+00
3.334166937568121991e+00
2.857238581746593731e+00
3.556768732952774847e+00
3.464073844776841327e+00
2.723131251709269396e+00
3.076699244258883859e+00
3.095227246696794055e+00
2.757260566675056701e+00
3.551284611322539586e+00
2.744442659131125506e+00
2.796343196544429865e+00
2.779312335950593571e+00
4.534216948253524393e+00
1.466265652937683850e+00
1.554812572112992175e+00
2.907147946306709141e+00
5.836512022715448111e+00
2.290991148004008604e+00
2.258799158805492535e+00
1.244025514896335949e+00
3.379116861921879877e+00
4.299007068251365027e+00
4.664580719070822390e+00
2.903592161282998685e+00
2.236089836045778156e+00
3.598599898402369934e+00
3.404350572438611611e+00
2.911808121453929310e+00
2.335275290862128372e+00
2.452203978294768660e+00
3.143426023026020477e+00
4.975593684581730791e+00
2.152904453603544432e+00
1.954927294001489013e+00
1.962325230738865445e+00
1.297652421878703555e+00
3.148802300192947712e+00
2.301187775016657611e+00
2.574530537566625199e+00
1.270891968929527494e+00
1.610532851857197745e+00
1.619908528799943070e+00
2.400271202728189834e+00
3.404433322121834138e+00
1.183559463032133552e+00
1.920278106607708368e+00
2.865453961361826174e+00
2.396858847226758904e+00
1.666431388644341816e+00
4.677806380632572925e+00
4.347567140480363967e+00
3.678153140272178323e+00
2.868879827342636801e+00
3.393946480905762897e+00
4.005145554222135473e+00
4.026837611750411661e+00
1.603018631150887385e+00
1.777383220578623746e+00
3.226833677009207868e+00
1.520454794973532531e+00
3.909830808361512311e+00
2.453233746428721496e+00
4.135953000070071717e+00
3.506269379988038004e+00
1.941024201987844977e+00
1.872193516110930878e+00
3.580606029451432359e+00
3.151371106560172386e+00
1.821394038870427057e+00
3.015474740817272181e+00
2.191784409222393037e+00
2.412883249276888797e+00
4.384082617180994568e+00
2.883861156868030573e+00
3.009819870661339269e+00
2.768839468985349939e+00
1.731611011632189667e+00
2.797623736470905786e+00
2.861385808860573476e+00
2.507968231309088747e+00
2.412180949175267486e+00
2.698607256728820403e+00
2.057307773650990157e+00
1.786081023647851485e+00
3.344259252630811030e+00
1.913979541370530280e+00
3.349569302166961915e+00
2.494789223532516864e+00
2.612782536986578474e+00
3.258343145688674891e+00
5.839338225713661679e+00
5.144069090969326297e+00
2.457085696078306292e+00
3.401324178247938868e+00
1.050285610603132413e+00
2.726128912446775576e+00
2.130973421392928113e+00
2.792443968913350894e+00
2.795629214504869786e+00
2.071268517898074535e+00
3.473717020386428711e+00
2.531410369860294995e+00
1.605577543403661656e+00
3.727836703188286638e+00
2.382045309787506060e+00
1.448868458353561151e+00
2.290265954800982051e+00
1.952531516158264591e+00
2.290410659555494721e+00
5.341268103941215983e+00
3.600640059928585934e+00
2.807459805951206810e+00
2.517199874142613147e+00
2.417069697384740312e+00
2.517991683147780879e+00
4.157053849614773533e+00
2.231870512438884013e+00
1.601330631465505583e+00
1.493118239782611267e+00
2.717282327206997472e+00
2.102859812386885352e+00
2.266180822052816346e+00
4.308218731350114794e+00
2.411546077981967962e+00
1.807374555660303139e+00
6.042215582977537913e+00
3.568160263774214691e+00
3.133359152643264700e+00
2.311941162486967016e+00
3.313070196268671275e+00
3.126091196159931140e+00
3.886848893515555847e+00
1.437277012571302137e+00
2.829983491461350642e+00
1.954835266305452013e+00
3.111335397147997561e+00
2.665868711169690375e+00
2.238822488975229508e+00
1.873981031016515253e+00
2.108826417416120869e+00
4.518553363093238850e+00
1.678042531214089639e+00
3.880262604288037931e+00
1.951103394106181055e+00
2.053853678924856929e+00
2.860723657534436359e+00
2.580810106767651657e+00
1.759745276571953898e+00
2.780953323993595738e+00
3.454040404389016938e+00
2.042375625313597176e+00
2.658488647257886139e+00
1.720285189186169461e+00
1.906025626824474184e+00
2.450661221075601581e+00
2.993844365279296316e+00
2.513556916242454253e+00
4.106516830069459445e+00
1.741630791501756592e+00
1.958610851411438203e+00
4.318577007053507444e+00
3.467966136516990705e+00
4.162945720852152753e+00
2.783666771688285024e+00
2.403680107275153244e+00
4.423911412442322444e+00
2.523206035907535227e+00
4.732553942462410568e+00
2.735021930376116295e+00
3.530510951692163779e+00
1.951516244855504123e+00
3.191242548754628761e+00
4.053373183203434316e+00
2.183881668115265295e+00
4.293644247075741660e+00
3.761912908062797101e+00
1.926641410160876200e+00
1.490588088784140952e+00
2.688203930054068103e+00
2.929030716750485208e+00
2.614983884517260382e+00
2.558088386832793049e+00
3.694421683701463177e+00
2.440073825149925657e+00
2.125673206838178952e+00
3.920595222116158851e+00
2.465132234759893404e+00
5.123798144415427025e+00
3.812553005245669091e+00
2.711620723128390864e+00
2.750140152756455514e+00
2.621664853589886768e+00
3.077465265417528073e+00
3.133379195244679671e+00
1.491987069236186514e+00
2.132465785414603410e+00
2.166595485772574659e+00
2.105432225067112473e+00
3.725332038485324126e+00
4.172685777584920430e+00
2.821160812906841286e+00
3.089012647883859763e+00
2.267465050930688175e+00
1.736635735500653865e+00
4.008166489622181139e+00
2.483908207272833124e+00
1.614855270334118131e+00
3.287601783996610738e+00
2.040275508544188376e+00
5.625646063694276222e+00
5.598251178196861133e+00
4.090531451231440130e+00
2.458936497588546821e+00
3.145782386243023865e+00
2.516897423890281704e+00
1.400278867406078653e+00
4.867924924943496379e+00
3.176249361919219361e+00
1.522066328816926939e+00
1.965777773392228367e+00
2.468793045016494769e+00
3.658764669402985170e+00
4.830064953088008650e+00
3.567667461579222987e+00
4.123511806613598729e+00
2.808879220071820448e+00
2.894587415696456389e+00
2.450541877671176483e+00
2.067086629266166486e+00
1.040103145513013416e+00
2.919472750344842549e+00
2.469668660743391531e+00
4.179529711756050148e+00
2.620295381066932716e+00
1.998619896314401290e+00
1.108535552726922058e+00
5.487393691547491237e+00
3.451624107346374259e+00
2.587809959490843692e+00
3.038757399213982247e+00
2.508262795633878994e+00
1.807395783040689929e+00
5.119933132571275358e+00
2.503317065147151244e+00
2.961675779347947568e+00
1.834478085761956923e+00
2.518962564597274856e+00
2.579776461587683478e+00
1.958817850690778961e+00
2.962224812760647197e+00
4.007867055211774776e+00
3.867054383951423535e+00
2.581238497620389705e+00
3.127447629546354246e+00
1.430556296381787496e+00
2.285652990538660667e+00
7.649879474810035163e+00
3.382482200036582398e+00
3.198485202977572772e+00
3.528362234562823385e+00
2.558541500521089418e+00
3.775671345040762628e+00
2.114863397869670703e+00
3.100383992289366564e+00
1.225277618863633844e+00
2.027281186165367899e+00
1.586025671008631788e+00
3.802969333133706886e+00
1.400185893395286874e+00
2.624762168135194695e+00
2.502365989813049474e+00
3.300299580647130249e+00
1.623678501205997549e+00
2.236295607289802145e+00
5.917914640387344605e+00
2.204823322297174037e+00
3.559001991077875182e+00
2.517057244947395578e+00
1.511649238668169026e+00
2.017588030939378552e+00
2.552587523615193810e+00
2.564622253272443864e+00
1.606482521524531082e+00
2.871388061933798141e+00
2.108877262064320135e+00
2.029149001339431102e+00
3.234156388360914125e+00
3.093384528023304103e+00
5.370005829477165094e+00
3.282519370454685337e+00
2.805682086790318053e+00
3.304581751792115440e+00
3.572081549807578416e+00
3.773189048009451874e+00
2.819033969180474664e+00
1.920480743167308102e+00
2.772420108640342384e+00
1.689763775756721875e+00
1.676557234775489791e+00
5.080430411377930611e+00
2.993912696131919127e+00
3.357872398330322472e+00
2.482371839691551951e+00
2.515298934352406590e+00
1.992386310584443709e+00
3.200008426691490548e+00
2.278525973491301038e+00
2.823984114460393435e+00
2.538599739209576267e+00
1.544599694778320043e+00
2.541256567761925211e+00
3.634710698166261800e+00
2.248862302071022334e+00
4.205805957843615772e+00
2.850481292984552439e+00
3.379773264104457109e+00
2.997267802234396150e+00
1.566440048242419003e+00
2.940910131507642244e+00
1.374083936435798625e+00
3.783786690518400331e+00
2.669471504323118527e+00
3.814937873047335781e+00
1.823939964594408547e+00
1.804000989240987618e+00
4.128733338811936271e+00
3.686863232860217554e+00
2.193805535540027662e+00
3.471471529090160768e+00
2.214275067441370481e+00
4.083449872082345777e+00
2.681905431234989479e+00
4.551849096848596510e+00
2.333783649280050110e+00
2.260163702586954759e+00
1.387119336541325243e+00
1.900411529411415223e+00
2.445969334017081831e+00
1.576302395779217713e+00
4.171786999383863659e+00
4.482052007087345302e+00
1.510071517535728880e+00
2.276650650209385063e+00
2.238105073833684067e+00
3.950683835621090267e+00
2.702781716262236067e+00
1.819641711195875144e+00
2.484237777557780635e+00
2.629856168078450018e+00
1.807810540449373615e+00
2.904457216405686104e+00
1.498902459612395432e+00
2.382187497776061313e+00
2.582601524069219945e+00
2.460611705375897351e+00
1.520180894604751698e+00
2.875750192332275912e+00
5.334239802013095222e+00
2.255960987495111869e+00
2.742276360276902469e+00
1.607364915965533880e+00
2.973298160784965560e+00
3.050667684525699030e+00
2.583183671262034409e+00
1.700181214051361689e+00
1.442476371499859411e+00
2.509943835387745015e+00
5.223126394018285268e+00
1.820701313975697788e+00
1.818380275389662071e+00
2.420508959534647175e+00
