1.835149812955292781e+00
1.913544337976980314e+00
2.097832815781548454e+00
2.106293769049643938e+00
1.939606952912823035e+00
2.965394535445176061e+00
2.303822540104244698e+00
2.417419179172583199e+00
2.150822585955559862e+00
2.511456372581216900e+00
1.691386815856313008e+00
2.475491424144087294e+00
2.290409110653774505e+00
2.096317830398347404e+00
2.247486510942509952e+00
1.931673951707642001e+00
1.773251437959315613e+00
1.918721731914875495e+00
1.535539840838854087e+00
1.661302423706793263e+00
2.048408420020065623e+00
2.893330291722117753e+00
1.395729036869572504e+00
2.393031828408687112e+00
2.243896462088629473e+00
2.265230997711388916e+00
1.928555676347784464e+00
2.014942760092948149e+00
2.817601675428710983e+00
2.415825454560826646e+00
3.739198560960375950e+00
3.022978104793014875e+00
2.138959536987847354e+00
2.201059306415714012e+00
1.491126852652947310e+00
2.776831121597291840e+00
2.137769503437162655e+00
1.779502488337089128e+00
2.450898752675040981e+00
2.135256591749234989e+00
1.651162868332914258e+00
1.973153335926098428e+00
3.371088981574527743e+00
2.323308987124545144e+00
2.440793800996773122e+00
2.517097560727176830e+00
1.611690772820315809e+00
2.488144792328607302e+00
2.695551706199527775e+00
1.975910487363788937e+00
1.280949128948709825e+00
1.885551025919367074e+00
2.102750797396073956e+00
2.277615026423142286e+00
1.892172301698840098e+00
2.234062832813307420e+00
2.087909877515613299e+00
2.648287630420727901e+00
1.729130563849116786e+00
1.987781616371409044e+00
1.307667681450493058e+00
1.790361052214233473e+00
2.238914639193050338e+00
2.773765299977446475e+00
1.700817100609963717e+00
1.779090216928958856e+00
1.693273288065751947e+00
1.614251421860297020e+00
2.546939594566704379e+00
2.163143206598231671e+00
1.805980053480901182e+00
2.038849722141367948e+00
1.869055031463830119e+00
2.260596560361403551e+00
1.443114571742662999e+00
1.889531037715650008e+00
1.637356991634447700e+00
2.137330413948014041e+00
2.693250686355106005e+00
2.515239269131244626e+00
1.786018567848989047e+00
1.613221180759061957e+00
1.696239697703695093e+00
3.026000274978376314e+00
1.947032923341393218e+00
2.126041590038432183e+00
2.425415734223983488e+00
1.633393169768931452e+00
1.172769023267720367e+00
2.449516688577966672e+00
2.399996124758570382e+00
1.700477787164813570e+00
3.014189127272242530e+00
1.804059697177184951e+00
1.830409408069747279e+00
1.568854795421696480e+00
2.770027847557803291e+00
4.113820094274738715e+00
1.717359619378592495e+00
1.925770708604810144e+00
1.929576937871512632e+00
1.465557022551574162e+00
2.240027174985184999e+00
1.655879159183609284e+00
1.810158507552479756e+00
2.589559241812089407e+00
2.613642117981307855e+00
1.658230685174288954e+00
2.339168496241076589e+00
2.217911941462567427e+00
1.414179393374963123e+00
2.060000311167247133e+00
2.285601011754454071e+00
1.633315427038878553e+00
2.702586274651189502e+00
2.481547282185750714e+00
2.349476283572706770e+00
1.193496713742967730e+00
1.711837055078052394e+00
1.359555774274799012e+00
2.361086417854899810e+00
1.679867367274315848e+00
1.798828427797474205e+00
1.615940951499267531e+00
1.899716900735695324e+00
1.954886524682357241e+00
1.665909632478612012e+00
2.042581090594413951e+00
1.590085593654680052e+00
2.436684773431522455e+00
2.437138173647438677e+00
1.741825926784387413e+00
1.757738631305557853e+00
2.270250387465707398e+00
1.546333864765444988e+00
1.841937797805747401e+00
2.788654425475622034e+00
1.866669866005308043e+00
1.988181363669063728e+00
2.068516796358533139e+00
1.582281211817451849e+00
1.546160443732323753e+00
2.164379048004857253e+00
1.984803446085899203e+00
2.040757153111860678e+00
2.579213481791465590e+00
2.948516407019138530e+00
2.075369551474587126e+00
2.078793309195933858e+00
2.215504632846396760e+00
1.975798757313503629e+00
1.910842887286610337e+00
2.187498152847989097e+00
2.397833262466221083e+00
2.363320574432080878e+00
1.509990003157730687e+00
2.197349873310594948e+00
1.724442424291158904e+00
2.414680492964643044e+00
1.829044754704236775e+00
1.746105028511180546e+00
2.089199797849787377e+00
2.463216788889032394e+00
1.870274103168052982e+00
1.887410586462123341e+00
2.443174536341362391e+00
3.016354256060586270e+00
2.362980796783961335e+00
1.594354657880610704e+00
2.545446390509653156e+00
1.830565164303556314e+00
1.508551010633202960e+00
2.228473544367530312e+00
2.668248023707845640e+00
2.052738168842519695e+00
2.651886546511615705e+00
1.956482171661506619e+00
2.206773417516308733e+00
1.909636342057846603e+00
3.087029419273772390e+00
1.422413164442822175e+00
3.182126682338362045e+00
2.252715864958639180e+00
2.421893365565160217e+00
1.752076462162466264e+00
2.144629016178024372e+00
1.989251427221515822e+00
1.805988498433797051e+00
1.717286338673642332e+00
1.362625190993900670e+00
1.992308246868059962e+00
1.924788224343903176e+00
2.024300522752959353e+00
2.354531954957276962e+00
2.349717293692531239e+00
3.221999010834577071e+00
2.923644643626074568e+00
2.050371525235037851e+00
1.754725080957830530e+00
1.608152904462321731e+00
1.817508614999092220e+00
1.905003964307012465e+00
3.220099249087787996e+00
2.345492790964478491e+00
1.855776819140679823e+00
1.660045223049041008e+00
2.535897143845441626e+00
1.500282758261210825e+00
2.228412982619295768e+00
1.834377589631940086e+00
1.522662100945010533e+00
2.622280904451732564e+00
3.091978604601126612e+00
1.795412975121905008e+00
1.478427147933234265e+00
1.909494081317677949e+00
1.852692365536177777e+00
2.091516228546065559e+00
1.816458198404875102e+00
1.223530999082059312e+00
2.562125133409473676e+00
1.675368382944071532e+00
2.957767512839363455e+00
1.986372104801871430e+00
1.683308861323286720e+00
2.103244438422948281e+00
1.321902745391209555e+00
2.019888659559232025e+00
2.120685391841099054e+00
1.729655162629284870e+00
1.769780877409113051e+00
2.131425028352929463e+00
2.154892078786394993e+00
1.455263875871666279e+00
2.199592567967807888e+00
1.370240228511731218e+00
2.050942445417798687e+00
2.487926988024083741e+00
2.418672626229979805e+00
1.558567853878262355e+00
3.560759447830043278e+00
2.657209289503450478e+00
2.248333717348460770e+00
2.745682555430575711e+00
1.621850362655948175e+00
1.961039763784417467e+00
1.953740259842276394e+00
2.118129652576298927e+00
2.410855822415447935e+00
3.476735465843635797e+00
1.828098737818754316e+00
1.652435969443498465e+00
1.597214498143761263e+00
2.298017815092361360e+00
1.948676233082631049e+00
2.160424142856410601e+00
2.407125343898675496e+00
1.882462834801745366e+00
2.568581577467205168e+00
1.898877563086830644e+00
2.139044284871805868e+00
2.082415931843326184e+00
1.514482477214379674e+00
2.099556916059337919e+00
2.188208079355295155e+00
2.444573437868789778e+00
1.981766342187504470e+00
2.620279682597173920e+00
2.664954009824166636e+00
2.086856084288962965e+00
2.266512861814870217e+00
2.094215160676253351e+00
1.278496362636234673e+00
2.259481895480142555e+00
1.714454322436369527e+00
2.036286904547211840e+00
3.018538443923853176e+00
3.737144705157773750e+00
2.593411301010574377e+00
1.352905502963765105e+00
2.384340760124943337e+00
2.164611737937178315e+00
1.835558345043588835e+00
2.814454533795592628e+00
1.964496127634182798e+00
2.646253526743590712e+00
2.496169207095287668e+00
2.155482524633888008e+00
1.826931491369731209e+00
2.606303202990694956e+00
1.911020297930590139e+00
2.188536013290666382e+00
2.929008902827349825e+00
2.175115972841541012e+00
2.189015201423071044e+00
1.366441036482550331e+00
2.507856092669952019e+00
3.166665829228351825e+00
1.502364767296428427e+00
2.220558938080149591e+00
2.336071713173883513e+00
1.836574246123738208e+00
1.663638422355864899e+00
2.631463359561256432e+00
1.584906529822515342e+00
1.707120503049741833e+00
1.967799010266474635e+00
1.640866334868254173e+00
1.595080101579548604e+00
1.976477271185170581e+00
1.705696904740842790e+00
2.000848312506201765e+00
1.781069377677976462e+00
3.008926945824183186e+00
2.443241228856805058e+00
1.535442624151054147e+00
1.871906210291635064e+00
2.171760659566010609e+00
2.451524353522539279e+00
2.551266703000931280e+00
1.931153489364330067e+00
2.864487809803558882e+00
2.423438642595310277e+00
2.844294540593881315e+00
1.681235587697760048e+00
2.024029346552874919e+00
1.726802677004910969e+00
1.557460232994452465e+00
2.307261637867151549e+00
2.284865030865146363e+00
1.829421353082880009e+00
2.701204684265533729e+00
2.061246469862190622e+00
2.032067863700253163e+00
2.139474840999999294e+00
2.191038305611828996e+00
2.450818502165166279e+00
2.160779500276058585e+00
2.233570954150946086e+00
2.509215170054404975e+00
2.531908949411916687e+00
2.175963294775267620e+00
2.031863037919665604e+00
1.932125607561527847e+00
1.304262146704067371e+00
1.935852935400008690e+00
2.699596165678534110e+00
1.856772234510052799e+00
2.123887798627323686e+00
1.580513044971466385e+00
2.731298994365557231e+00
1.668895737502385845e+00
2.173941494538903729e+00
2.163050717835633296e+00
1.377924495258548321e+00
2.018838683071370710e+00
1.746443143401404496e+00
2.759534603068583003e+00
1.526700927159293730e+00
1.935473960732926546e+00
2.079189836968759586e+00
2.970691320492006238e+00
1.567372572265232300e+00
2.637053173571862530e+00
2.559891826303422491e+00
1.195033520189906717e+00
1.310084239784420346e+00
2.905467429766987575e+00
3.148956108059949965e+00
1.344218876944972774e+00
2.633911366805095966e+00
1.857045653062282753e+00
1.589333496481958541e+00
2.262263741196382405e+00
2.536741225852188641e+00
3.435649661504300845e+00
2.241623346317163090e+00
1.935599655880384518e+00
2.619685886508546169e+00
1.779743913599800109e+00
2.602455805170306391e+00
2.466396596889142145e+00
2.762411243084926138e+00
2.093542654762229560e+00
2.787534361368464886e+00
2.082183975560112810e+00
2.805132620623778550e+00
2.329891975984169861e+00
2.287132627850231081e+00
2.320256850656269521e+00
1.646304845809256401e+00
1.791447386528886909e+00
1.871611402076158281e+00
2.019079415392225574e+00
2.550254509153680793e+00
3.624670025146202068e+00
2.705895298611655342e+00
1.839398790580230481e+00
2.716076736297822869e+00
1.819646839076373812e+00
2.083065823122185467e+00
2.638273998624925731e+00
2.465657995095969390e+00
2.480629125268185575e+00
1.507194255908599789e+00
2.664647662171815590e+00
3.289014624876412274e+00
1.681061799988297079e+00
1.986540507943531875e+00
2.069904814411888339e+00
1.893083997849387190e+00
2.772658299213958788e+00
2.243167280043067091e+00
1.719556217370664664e+00
2.416904691185905563e+00
2.013613686259242641e+00
2.818740376760153765e+00
2.190677951502652210e+00
1.944181544445383381e+00
2.508497815691107746e+00
1.996109838747734733e+00
2.027628772901698184e+00
2.898484852587940530e+00
1.418781650307231024e+00
1.240078591737302061e+00
2.043127161473148767e+00
3.360720489564651192e+00
2.388678973030427422e+00
1.520974850371755949e+00
1.980360171944403058e+00
1.906233072362045755e+00
2.497603447797553944e+00
2.969811954108233731e+00
2.512790901691499990e+00
2.688137002763228978e+00
1.770546434917689149e+00
1.926533877640146830e+00
2.003663596045834883e+00
2.072511177786631631e+00
1.707031113035889724e+00
2.046972334632907398e+00
1.833797459329985502e+00
2.354876875181620033e+00
1.895658546536336697e+00
1.886158673155811538e+00
1.732028045295783469e+00
2.457190159874678592e+00
2.140558241988275157e+00
1.887238001792744369e+00
2.475050460623828386e+00
2.109076419510886868e+00
2.264487753522008262e+00
1.977524641055478760e+00
2.196700868082595015e+00
3.154023084779748132e+00
2.594627556463471318e+00
2.255746357121682699e+00
2.009773288392065815e+00
1.423987369237902367e+00
3.188368701082676893e+00
2.360244396413714973e+00
2.429714596790987002e+00
1.830217552915731183e+00
2.814534227613896267e+00
2.382649195953607357e+00
2.631963426774410308e+00
1.984949634526206985e+00
1.811928286588266213e+00
1.447300255337616637e+00
2.920463521217655067e+00
2.544159498968559419e+00
2.051481198318002797e+00
2.065783397998025350e+00
1.757402348369311085e+00
2.417287054598313389e+00
1.820638160038742015e+00
2.194906439703222745e+00
1.953826768537743952e+00
2.204177084034137035e+00
2.306154675389233244e+00
2.114226705362069136e+00
2.454016230594080916e+00
3.824334971854367993e+00
2.065623112757274171e+00
2.240035996382051753e+00
2.820572210521927747e+00
2.922945680550544267e+00
1.634961195453215277e+00
1.620491550856947960e+00
1.893667272395722634e+00
2.062608764833772312e+00
2.496440573200609858e+00
2.006972207762333316e+00
1.793788529880713245e+00
1.659294618499085772e+00
2.432308493498510860e+00
2.058884290302283038e+00
2.285797204139139893e+00
1.768226357693540196e+00
2.724246592597079353e+00
1.965684728051402042e+00
1.328286433855726312e+00
2.344131030595782761e+00
1.354810575479489243e+00
3.419107156503022438e+00
2.421033357133945074e+00
2.038772570014923069e+00
2.181894350007338446e+00
1.753008359477006062e+00
2.060675380347109176e+00
1.542228094148954343e+00
2.247693377538050985e+00
1.298735369671848439e+00
2.289207251749459715e+00
1.810884482820249719e+00
2.291290502444561561e+00
2.379916196817479346e+00
3.651446933244946180e+00
2.058592957016450953e+00
3.122266835626404280e+00
1.806841363358409502e+00
1.811145383809370957e+00
2.536753349958464909e+00
2.356514908981220291e+00
1.803659749187858097e+00
2.149870229150342649e+00
1.505331611646950618e+00
1.953421985510303216e+00
1.694434192938452544e+00
1.611203804194647704e+00
1.258665850490351623e+00
1.857383266192541793e+00
2.228141812677105094e+00
1.975987565735696450e+00
1.868781497690029436e+00
2.290952053838096969e+00
2.416533206920959298e+00
2.175322429703391958e+00
2.008128926996861630e+00
2.001926031727509603e+00
2.425821456297292844e+00
2.320602897912940499e+00
2.385819043524131544e+00
2.492263571431473146e+00
2.320362491969853558e+00
1.532323304867303726e+00
2.093895516049354200e+00
2.619063270717097769e+00
1.630197603722787658e+00
1.896245666251539674e+00
2.223806777841737858e+00
1.683302254357679439e+00
1.986247811491516524e+00
1.693709403116943069e+00
1.827663277199222946e+00
3.468656248617376203e+00
2.540379903606351242e+00
2.330453934697149787e+00
1.782529345146774524e+00
2.369550355764953764e+00
2.079165880623107032e+00
1.783764037056049245e+00
1.720250951562432018e+00
1.838124663787094493e+00
1.606085252396414198e+00
2.696112113847332292e+00
2.681007902278577326e+00
2.304666619632431690e+00
1.539170513211998381e+00
2.050640456008861356e+00
1.929918483841946752e+00
2.099985269382776742e+00
2.253329412927365549e+00
1.446155006034560264e+00
2.866576185395414367e+00
2.127059165351733228e+00
1.511343271023231294e+00
2.026996744599166789e+00
2.292385582029832669e+00
3.564754532549536226e+00
1.495233154862711134e+00
2.344782356277848478e+00
2.776311996384687397e+00
2.140280281583050837e+00
1.792725924296574291e+00
1.370171463341789631e+00
2.512313461907276224e+00
1.827571026880437488e+00
1.663688516260936279e+00
2.009588274219434201e+00
1.719978844311413013e+00
1.821987573024931972e+00
1.594909723403448609e+00
3.072784382268950232e+00
2.020328118998728328e+00
1.864422500891503631e+00
2.075776689778266348e+00
2.061261512940044227e+00
1.913910967138529706e+00
2.313436183706227833e+00
1.901523367694321953e+00
1.523225263262506513e+00
2.324718125789136280e+00
1.884653668568511575e+00
1.752822942503505121e+00
1.640879449702076220e+00
1.687220534538049321e+00
2.140984648676648838e+00
2.194228828455672797e+00
2.614701600134133663e+00
1.949416560150730060e+00
2.456361615011127153e+00
1.677961398876859134e+00
2.119115800419859585e+00
3.258149195737881421e+00
1.886899001526320285e+00
2.221661234708073529e+00
2.310998544391481779e+00
2.284090494681193739e+00
2.975088542219903154e+00
2.438596404663722517e+00
1.677441004177853356e+00
2.563524146960836081e+00
2.844125939232300393e+00
2.285840607128611701e+00
2.242425247387481502e+00
2.239688519495083963e+00
2.526361297525005156e+00
2.792367141786701090e+00
2.262479185827701134e+00
2.282911422656037193e+00
1.729982834824517202e+00
2.734828915329712284e+00
3.094603803487839588e+00
1.460079091362959991e+00
2.941469527709985599e+00
1.581160556762506664e+00
2.182777588739992058e+00
1.848261899398188968e+00
1.949329347857754469e+00
2.841088500060021893e+00
1.940333560740315155e+00
1.580957767229064448e+00
2.230854518501946160e+00
2.215001170018897625e+00
2.568452142429702434e+00
1.790697145738129992e+00
2.337120574089302405e+00
2.224676229847582398e+00
2.379354068324933902e+00
2.001714095746532251e+00
2.041152667492915018e+00
2.359635540476773041e+00
2.440795522090516201e+00
2.416223096868425291e+00
2.098232205991859889e+00
1.433538768569393440e+00
2.087881929824446647e+00
2.660915779522899260e+00
1.083144623654498151e+00
1.658045344662965270e+00
2.042108538972966958e+00
1.647109859138961907e+00
2.508558968296398461e+00
2.363935196357578761e+00
1.775647262606970589e+00
1.381589314099273436e+00
2.713277127834630154e+00
2.055041664621215070e+00
1.835272184726137734e+00
1.624538848826124315e+00
1.356896712531944882e+00
2.473416431521867853e+00
3.284112074388171543e+00
2.130407968274250052e+00
2.186172680033646287e+00
1.809447862365999304e+00
2.475756820238335987e+00
1.630205864017338246e+00
2.368240491156670569e+00
1.607277241002105450e+00
2.333895023693134174e+00
1.970745990388772517e+00
1.893427195033054788e+00
1.564550959706070499e+00
2.179416252373344687e+00
1.738764273982091879e+00
2.149527797959186692e+00
2.304246589836485448e+00
2.293252533532246229e+00
2.315676416355995748e+00
2.963454510478433779e+00
2.557060552514586416e+00
2.765334287657457146e+00
2.169640345251622193e+00
2.078284449078185325e+00
2.406156230250119599e+00
1.970024088575037302e+00
2.362885523029553347e+00
2.203045452576108065e+00
2.528889750206452458e+00
2.815747335031144161e+00
2.130884188494884590e+00
2.000395958255412054e+00
1.445567501286036949e+00
2.697953909290847108e+00
2.218032388745920347e+00
2.057005397166216110e+00
2.454213466606914640e+00
1.915077680953259698e+00
2.120029549312045791e+00
1.417369800870551533e+00
2.619887066673681097e+00
3.042950604250163060e+00
2.085520064686773090e+00
1.900582749149527073e+00
2.078947062829669790e+00
2.599578658164164224e+00
2.595079691136431776e+00
2.323192508963842329e+00
2.670646807983679594e+00
1.749205257303536598e+00
1.583404626544594240e+00
2.072631516664270812e+00
2.871230764221876619e+00
1.885084029400293293e+00
2.728610036178868992e+00
1.782092737792487336e+00
2.569562828990385128e+00
1.565117249286656298e+00
2.127761291929644027e+00
2.833786797666353330e+00
1.946007249160943919e+00
1.996028623546220127e+00
3.129012526745309053e+00
2.119537378273085970e+00
3.002798499761313966e+00
2.224697290958491447e+00
2.029882004025027609e+00
4.338510166377405497e+00
2.014405280550983779e+00
1.431494791797201849e+00
2.441650706328482023e+00
3.318491891455659371e+00
1.980421797033079301e+00
1.834766434545683333e+00
1.757800079319504771e+00
2.289011489487289275e+00
2.055590825851943304e+00
1.958834490340163326e+00
1.953577677740945706e+00
2.868860734598188689e+00
2.493540346277565600e+00
1.762018084061504508e+00
2.443277406084571002e+00
2.130408811882880116e+00
2.380781872450748793e+00
2.120357282711337721e+00
1.706425280769155783e+00
1.553146680850256756e+00
2.317817290047728296e+00
1.718189765486640486e+00
1.774081445646751076e+00
1.998664071043884771e+00
1.954395999115256854e+00
1.747032164998770565e+00
2.185554222895218501e+00
1.829549456333692481e+00
2.750844233360124402e+00
2.069648911641862821e+00
1.769499231316856269e+00
1.476960196210904908e+00
1.983112656014458075e+00
2.015085732032069643e+00
1.653899242144754700e+00
1.973334458920003920e+00
2.211925730453901284e+00
2.184567734855716648e+00
2.131763373750669821e+00
1.892832050999676330e+00
1.459745657018563181e+00
1.730075771884749924e+00
1.593816161960915467e+00
1.971201883729637672e+00
2.613288637991530106e+00
2.471266749408230101e+00
1.700404958266303890e+00
2.873212047050542672e+00
1.461462180516936549e+00
1.856338860921070255e+00
2.779959767257329517e+00
2.231904822101391517e+00
2.344379699016107654e+00
2.324511385948378805e+00
2.277464594131402453e+00
1.833988416815560019e+00
1.824843474179550062e+00
2.349689177256978567e+00
2.084371666516136035e+00
1.069653854100194756e+00
2.393300386194968432e+00
1.645680292600466332e+00
1.655414254501785143e+00
2.943610117477652999e+00
1.981901603263291900e+00
2.321529170934393704e+00
2.252681566962996929e+00
1.816352431044240934e+00
1.790654772821018925e+00
2.159219320433531930e+00
1.971121132448534707e+00
2.461676863398932991e+00
2.427801073664789921e+00
1.689579737934485681e+00
2.476290278201865647e+00
2.453307493413813489e+00
2.014285835522783508e+00
2.082805346449975392e+00
2.779505465400949227e+00
1.995367887101551885e+00
1.835862311341450059e+00
2.158640798732845756e+00
1.318566931651361962e+00
2.242921385300609582e+00
2.269128855976151549e+00
1.785520854845786820e+00
2.647834900709412409e+00
1.732139444841689802e+00
1.290028247597552191e+00
2.247707236543229570e+00
1.511396483858558071e+00
2.020247120433035448e+00
1.112002054472456258e+00
2.489282748468893303e+00
2.202361479027072022e+00
3.169090321831101065e+00
1.718349268130770380e+00
1.928120212866968775e+00
1.839093518366986091e+00
2.229931043157629134e+00
2.654405016135451323e+00
1.886006491259551554e+00
2.179556754989325995e+00
2.520202737919130076e+00
2.252002189560206258e+00
2.168859787257601646e+00
2.233117271906093659e+00
2.130744259238803728e+00
2.077998220739980084e+00
1.879354770579856782e+00
2.219893638062576002e+00
3.036622183615945048e+00
2.183325013292753081e+00
2.150650128385000137e+00
3.041007587141310253e+00
1.750730713090060675e+00
1.584994048098479213e+00
2.709676672700381594e+00
2.327973186171310438e+00
1.856402558535569902e+00
1.792878226816971177e+00
2.661241765239636070e+00
1.732584431676601699e+00
1.507944889779400555e+00
1.907075825539052305e+00
1.897497727671907608e+00
2.130088050242622266e+00
1.641056972741157249e+00
1.573183703442489589e+00
2.209571176754757005e+00
1.788512046102694875e+00
1.965127610646964174e+00
1.693503197419730100e+00
2.422632148558706788e+00
1.571136061757860913e+00
1.500574881330498433e+00
2.282433440908486766e+00
2.801211811853442590e+00
2.037577236684243953e+00
2.303006538012886573e+00
2.223808935207285842e+00
1.975295672021242233e+00
2.452355852097502176e+00
2.448608980162587656e+00
3.100354749418964051e+00
2.471953524795467594e+00
1.954552903247292583e+00
1.664365426156523498e+00
1.646340497532051028e+00
1.899245817316178586e+00
2.881211335777971172e+00
1.600555614685521322e+00
3.777902703640501514e+00
2.208228476856485045e+00
2.070786195080675185e+00
2.015166206392787096e+00
2.089473662605031645e+00
1.325115196703142262e+00
1.746642327136534112e+00
2.263330525959965200e+00
2.218024114187693741e+00
2.680328995551731097e+00
1.511327508897677419e+00
3.046731469597557584e+00
2.827182039183600892e+00
1.832593732945154485e+00
2.670047559117336267e+00
2.364462260361012813e+00
1.606941300519436400e+00
2.227765618451154062e+00
1.957061727579413324e+00
1.941346828004065994e+00
1.660760845628458160e+00
1.714415101995077961e+00
1.778208840677523828e+00
1.599032426564516163e+00
2.560568403915133295e+00
2.710740309900647294e+00
1.914209282958691860e+00
1.356305024009297089e+00
1.985597504637565125e+00
2.178617932712881622e+00
2.219298226056111822e+00
2.081056153251242158e+00
2.694992588973997627e+00
2.530007440968907950e+00
2.090049354428479500e+00
2.074182536265170906e+00
2.483831036355721444e+00
1.948326971383141926e+00
1.887925777967981222e+00
2.434367421674306975e+00
1.880683617423758669e+00
2.833463673013536965e+00
1.913772461180332174e+00
3.194488233113941256e+00
2.483557878717920886e+00
1.783320024187208253e+00
2.257572855630507025e+00
2.120690711285962760e+00
1.929506106465521231e+00
1.644739088761120627e+00
1.767192017422600570e+00
1.220924208899527796e+00
2.234763717400013228e+00
2.052576461900260441e+00
1.966546298588784047e+00
1.243188565665182654e+00
1.502360061203976693e+00
3.947159544230827155e+00
2.172795020679354483e+00
1.542434859478103437e+00
1.796552771991087205e+00
1.951467144001064691e+00
1.496964589592119754e+00
1.709946938234904401e+00
1.783980915758006214e+00
1.995811121629648799e+00
2.493213198075097115e+00
2.118512526579469757e+00
2.019684201626534392e+00
1.798125826882337019e+00
3.049424162932698579e+00
2.489398866761163287e+00
3.918207550379674942e+00
3.862220791455897029e+00
2.049451378243888122e+00
1.793538310249563228e+00
2.358539731611784429e+00
2.588778118445536514e+00
2.617432630057264120e+00
1.691740660036481270e+00
3.041269319074659361e+00
2.560328406608070040e+00
1.552440092837522823e+00
2.144130039419084532e+00
2.201366575097281952e+00
1.990021928223413283e+00
1.454113412397923799e+00
1.892419236779048219e+00
2.013767593277349111e+00
2.980062531999547293e+00
1.770529514941099558e+00
2.230111547914832570e+00
1.708758583729480751e+00
1.761775706241860640e+00
2.162071622794224712e+00
2.225692545203110217e+00
2.030736239161799350e+00
2.509631131273915461e+00
2.165288177879177489e+00
2.549488843044495745e+00
1.559436909222960743e+00
1.585717332683557856e+00
1.968982948947456402e+00
1.611146477120127374e+00
2.007428393704714598e+00
1.420650209766998406e+00
1.658309114423442976e+00
2.626471449822689319e+00
