6.037359284242964641e+00
3.162515000748487282e+01
1.523411479325069173e+01
1.469918831985744490e+01
7.281434656376786663e+00
6.723169434941604905e+00
1.853582424813290608e+00
1.234854863426994740e+02
1.016706963092882177e+02
2.619187892164825726e+00
2.933422622493023102e+00
6.313927023096297830e+00
7.037613292335860748e+00
2.428265709050604571e+01
3.246498534169572903e+00
6.418940369555113534e+01
8.398583331615252945e+00
1.279090665251438885e+00
4.279794029516954090e+00
1.460914623673625101e+01
4.108557717464283776e+00
3.876250179711333566e+00
2.658822452471940601e+00
2.467779922130993953e+00
1.124648072443878988e+00
6.848162643919379455e+00
3.657305214503176671e+01
1.412358300751652251e+01
1.237024514116969343e+00
4.178664427832925909e+00
1.485238270701275454e+01
9.941113125113105298e+00
2.189670821755805150e+02
8.058673017364114344e+00
1.079916449311107840e+01
4.599939133498956778e+00
1.360031507460236888e+01
1.186772650400934737e+01
6.771298281209023884e+00
9.145264490808539648e+00
2.148352453779201809e+00
2.591988195452864741e+00
4.397589139235458688e+00
1.425799988975620547e+00
1.226363695539926546e+01
2.215338212501291260e+00
8.582975389527939925e+00
6.783089095631107845e+00
5.249441471902986933e+00
1.250803903878631829e+00
1.082061385711699408e+01
4.463118899177990428e+00
1.307389286935715100e+00
1.772882382249030053e+00
7.413136587161164748e+00
3.743948042734341453e+00
1.067851896935719358e+00
1.855755246220799748e+01
7.439309162571202449e+00
4.027335827072034391e+01
2.125346448570169411e+00
6.653616973473813978e+00
3.384717969179094155e+01
2.327101810168664020e+00
1.284291616057030438e+01
3.360493778406416165e+00
2.266727543628828556e+00
2.455415851614727085e+00
1.133011925871306502e+00
3.939029084965951277e+00
3.240009192997514731e+01
7.661715182888310949e+01
2.547703499894866042e+01
2.235628347963759666e+01
8.595030518976551903e+00
8.688547176926382232e-01
1.505218751946522815e+01
2.083612026859272159e+00
1.429590457979315943e+01
4.580607387979393152e+00
1.082106867980309417e+01
4.803028426386728000e+00
1.462616050819983249e+00
6.726932963157977952e+00
1.680782296403224629e+00
9.494917475863090317e+00
3.268942421747922378e+00
2.115207362924490297e+01
1.031078050565884219e+01
2.049725468648652349e+00
7.624315294260680886e+00
4.228547951760869950e+00
3.792241133922394170e+01
1.033320771790379133e+01
1.484399081978511070e+01
8.720395358186365797e+00
1.604024143941556568e+00
6.663153185388927646e+00
1.845295417852041542e+00
1.120015969520472110e+00
1.272679058382838235e+01
5.957276573652309892e+00
8.227627269117615327e+00
2.018651989294805560e+01
1.535704391178292383e+01
3.663485128365935317e+00
4.542367045363130629e+00
6.305493372503928384e+00
1.842604061442122632e+00
3.601090251160103506e+00
2.639597945202320517e+01
1.074370940438905242e+00
1.829101619098941001e+01
2.898778924530340362e+00
1.205975378700580247e+00
7.331507171490518004e+00
1.365301386959326990e+01
6.977715400924117262e+01
1.107048735062855505e+00
6.355107540783708764e+00
2.242478575557159015e+00
1.957174377904938112e+01
1.514708114362323066e+01
1.372764653133340396e+01
4.857566014379325736e+01
1.664161497389765643e+01
6.320169192682618231e+00
1.988283145943465779e+00
2.047683613871755526e+01
1.632437554130401836e+01
2.792840485739511713e+00
6.556657367955141069e+01
1.752457415191802070e+01
7.638686711266836404e+00
1.237840381920341626e+00
1.378773187256540744e+01
2.243319457865350586e+00
2.219603976714101989e+01
2.410186148414975804e+00
5.919629720660731564e+00
3.864315966928512314e+00
7.084489338177384354e+00
1.670509207203065216e+01
1.216780474647676247e+00
3.726207432481692905e+01
9.887136793119157829e+00
8.103610273332673586e+00
1.005686255383053229e+01
2.587671547458138654e+00
2.407006629100222561e+00
2.527953285110696502e+00
1.897570929767396208e+01
9.318619951940565471e+00
1.876501506961370191e+00
8.386800026971652500e+00
2.391232925044086244e+01
2.815537685051362260e+00
2.216012467055833657e+00
2.717919004363600788e+00
1.739788659641826163e+00
1.014691550847603807e+01
1.848179029238327775e+00
1.737080640572200707e+01
6.882752016748780122e+00
7.584138698287755886e+00
4.498547552918441994e+00
2.226933938441641203e+01
5.823103817236350288e+00
2.762015460361840979e+00
4.168934204144274958e+00
2.858030704524315979e+01
1.676842614893389083e+01
4.338885049944123828e+00
1.022269143396503068e+02
8.624176067530765266e+00
8.825986744215406077e+00
1.592254612543385939e+01
1.196176736244235883e+01
1.030216124578849879e+01
2.671168243400070530e+00
5.045403646441228851e-01
7.745843956671166097e+01
6.203303123369991567e+00
5.881246435255635063e+00
2.285634049525343769e+00
7.451274672487425477e+00
1.598494668436364634e+02
9.980294104693061996e+00
3.010757978770572052e+00
2.405771323355788471e+00
7.197473650458750427e+00
1.170216161038953651e+01
3.618500225928540370e+00
5.720975283355360652e+00
9.235219218264237639e+00
2.129723289050155621e+00
6.423480914280089493e+00
1.211039230672529321e+01
3.425229450275656617e+00
2.880286434390092687e+00
1.799293436341674379e+00
1.344086688237648319e+00
1.653054109607153777e+01
9.496016367417862369e+00
2.305216491822421077e+01
5.300736344582429638e+01
9.491533819211589673e+00
1.973725739429673665e+00
9.354543117195804669e+00
2.883556796358501373e+00
2.757325820125343796e+01
1.353847497982916792e+01
3.596367538423777876e+00
4.451797041156484447e+00
1.682508946048018217e+01
4.596913575386274431e+00
1.348527794470387242e+01
1.250773809606561215e+01
3.201115478582036644e+01
2.779325572359450547e+01
1.544494472235270166e+01
1.326886559993009529e+00
2.472268028757296676e+01
1.720241900742180530e+00
1.100093536368603964e+01
2.053312543386311972e+01
8.141935094337085843e+00
1.711607778208724895e+00
4.211902591026793985e+00
2.744497339861995755e+01
1.951105026405274945e+00
4.508124897232004713e+01
4.877020674207413720e+01
5.175622373853176583e+00
1.665264906516116383e+01
4.532643601320659243e+00
1.482793061438378857e+01
1.770079552706808101e+01
5.334513028799763745e+00
4.196983877755144476e+00
9.639332010392299921e+00
5.050367690087458072e+01
1.350935287443994381e+00
1.625721118358661244e+01
3.716830431165192294e-01
2.299328111177340972e+01
1.167172962099291444e+00
1.308399891918745173e+00
1.686802106060876838e+01
1.907734176937358139e+00
1.589064705745931061e+00
4.449689980526496669e+00
9.879348647573456432e+00
6.852944713551480049e+00
1.143747511322457910e+01
9.553209991038361437e+00
2.932366703775849182e+00
9.954212236457543383e+00
5.463904674055683586e+00
9.565782113574416101e+00
1.636295378286763480e+01
1.809579646296693767e+01
3.710403215909014563e+00
3.474652577397463471e+00
1.952039764788561449e+00
1.473720541686953922e+01
3.422773866548772048e+01
1.977374410297024487e-01
3.722316392360585269e+01
1.002980503595017758e+01
7.535266272634288942e-01
1.822173066186132839e+00
2.619943210646223974e+01
4.146012457886635616e+01
3.763537864651096854e+00
3.332485167908555468e+01
1.515332767810251191e+01
3.434144037095125945e+00
7.171445239961197871e+00
4.207892126607092109e+00
2.439426392142983104e+02
4.651062982150504510e+00
2.757101038029967910e+01
1.001533920550839163e+01
2.691497496279157353e+00
3.839177469970997514e+00
1.590353845646740893e+01
2.358016544369674961e+01
2.293164494694331257e+00
4.630691098379942083e+00
3.581358578418897309e+01
1.876887098383357966e+01
4.126436901457232409e+00
4.586402352918137026e+00
1.806767341879870870e+01
1.248163603699746105e+01
2.242629425168741530e+00
3.513990719727714040e+00
4.208467804352591379e+00
8.630905385346272496e+00
1.254133477598027513e+00
1.782318940331572037e+02
1.056717321958020817e+00
1.477001734491491414e+00
2.216678979465872334e+00
6.813273590306809790e-01
5.824126627921254240e+00
1.589347195998218609e+01
2.863614665182446228e-01
1.133803457010800209e+01
1.994690581853015132e+01
5.796258558510498915e+01
6.325171930254198216e+00
4.427994267299154352e+00
1.595702877778726503e+01
2.902356188284996463e+01
5.693036579128028052e+01
2.583152404689188941e+00
9.482650206404066751e+00
1.671496929556602451e+00
1.467335291551730236e+01
6.370174621223327449e+01
1.175191869016306345e+00
8.580287714834441415e-01
1.333020513508329952e+00
6.151469530552968745e-01
5.620764162909604522e+01
1.141146190028551999e+01
1.196361267249536287e+00
6.592588528586175167e-01
9.858515832558978786e+00
5.247221308876570234e+00
2.535940775837289962e+01
2.153061785391000793e+00
6.761123465511390407e+01
1.514845768385819191e+00
5.965312901798604628e+00
1.614682926104301197e+00
7.791769168897619835e+00
1.693089421701615294e+01
1.334166202704164750e+00
1.133114664754680412e+01
9.311375904326487429e+00
6.941828105320011844e+01
2.981937986208104130e-01
2.652257097483254888e+00
3.390371085901389137e+00
1.065499932555666973e+01
1.383558815078188564e+00
2.213919674767409163e+01
1.903330653020853447e+01
2.046931092017991318e+02
1.265087835383246206e+00
7.923367906648683956e+00
3.342701611743057555e+01
9.935564013955314522e+00
1.580559192695836934e+01
4.206454873055855970e+00
1.562520117415399312e+01
2.280392222359202137e+00
7.151222839002765674e+00
5.343164104964767347e+00
8.084489213228335913e+00
1.690594128070245228e+00
6.905794495759166374e+00
3.517110674208949739e+00
8.924439047751462351e-01
2.616993284428758670e+00
4.121061111183175640e+00
3.827372395908839042e+00
4.370107338207351866e+00
1.449222464658062748e+01
5.533748308809994398e+01
1.348266039320183651e+01
5.554964029994838626e+00
2.196953407005878489e+01
1.679663096705829162e+01
1.696600381207693786e+01
5.706143706674556881e+01
6.720958388406697281e+01
3.889654230052711714e+00
4.952937356520828338e+00
5.989606107215815101e+00
1.164387366226459264e+01
1.153249899153796605e+02
2.934241169953468287e+01
1.067350882504380261e+00
1.268422112144321545e+01
1.357292061892108137e+01
1.691409845489422992e+01
3.368678935843146860e+01
1.437300288746897792e+01
3.318750684064363554e+01
1.078858683598963708e+01
2.403308949175560372e+00
3.521830705731821354e+01
6.123291064877177448e+00
8.361695303574750326e+00
1.660422715323718634e+01
6.337874625160549868e+01
2.687099695738233152e+01
2.574891046817258200e+01
2.883350897611023367e+00
1.707325983226763766e+00
2.045894245218059382e+01
1.819893097655957348e+01
8.125116048738869168e+00
3.752664912402319430e+01
2.170096362634899378e+01
6.545822130287669793e+00
3.374799724575927229e+01
7.342830481005264254e+00
2.464636554210288821e+00
2.910530320557578321e+01
5.246461093700607314e+00
7.110159879193266974e+00
2.277079277368852672e+01
8.013798612357625473e+01
2.732978299595291816e+00
1.490753647149298544e+01
2.509011944124586613e+00
2.346887943412806976e+01
6.195868318157853771e+00
4.860402642043478494e+00
3.574448054101116767e+00
3.670607109036081450e+00
4.595955119766112773e+01
2.472886440421977472e+00
3.373047869900519657e+01
7.079678809756604352e+00
5.342469373380659192e+00
2.611514563372850262e+00
2.924589303098355408e+00
1.004087761830890635e+01
7.434430124658271133e+00
6.310737174590059784e-01
1.918117994032277807e+01
4.365065207474401632e+00
4.842305128324698948e+00
5.592744965681595204e+01
5.050559162082467246e+00
1.455691454441886412e+00
1.261567573551015364e+01
6.386032059703941499e+00
1.747711628725804323e+00
6.843975256167644794e+00
9.726366623178620330e+00
1.147295182513306600e+01
1.177336715845058812e+01
1.055233017974045007e+00
1.866324588707047427e+00
8.769950789884367381e+00
1.003615517884597708e+01
1.929692458296850077e+02
2.363001740953885932e+00
1.695681515155904862e+01
3.960527479178951538e+00
4.422384056046235301e+00
1.100912956841282586e+01
4.514915193774737645e+01
1.799535611518349842e+00
1.530945964145562499e+00
8.691059426963182233e+00
3.778410953590006116e+00
8.006197142244747544e-01
1.158572562006872886e+01
3.427178466205509921e-01
2.002481775517985785e+00
1.005176326529911002e+01
5.523330570575768483e+00
1.135622347484104511e+00
2.099324344545674847e+01
3.558021120241040780e+00
2.508815012737590067e+01
1.256193347200744981e+01
9.783822857675581020e+00
2.070072346393393659e+01
4.178549317839128641e+00
1.887504137822756434e+01
3.404640708358116274e+00
2.909975027365565126e+00
6.602962703097773556e+00
3.736056430679629869e+01
3.828074796591297346e+00
1.995521620767631177e+00
1.635876533939683597e+01
8.048651472806678697e+00
1.385405254700301070e+00
8.635478543889446357e+00
3.795409717387645099e+00
3.526487784558458571e+01
6.693962057456749903e+01
9.543027313908936549e+00
5.200136441004389987e+00
1.194634149580825344e+01
8.855241444853419353e+00
5.744871456880144223e+00
9.260045105694210577e+00
1.747540661227691317e+01
5.282707024131173768e+00
