4.048000290975148907e+00
3.117006389473600425e+00
2.265725439529696850e+00
4.466343527401575919e+00
1.428761031366275969e+00
2.652640689946615726e+00
1.900958995243250405e+00
3.891132405857657961e+00
2.125890570473137231e+00
2.456010569351939399e+00
3.099085676462536743e+00
1.944284407153177296e+00
2.294334789798986751e+00
4.095728358276908843e+00
2.923276684841811246e+00
1.133850898790096151e+00
1.521321441298523425e+00
2.581384433704503323e+00
5.224643463601187143e+00
7.913415388894872171e-01
1.307190786409713645e+00
2.386526837255065203e+00
2.255654216105959176e+00
4.264049867267800664e+00
8.247197771990375514e+00
1.457889785670631877e+00
1.579533487096537403e+00
3.535935583759047596e+00
8.463925538356091849e-01
1.166979937291659608e+00
4.541368575563653032e+00
2.170488304717103745e+00
1.941450900606783714e+00
2.494754421967102953e+00
1.596052143555742209e+00
4.488691536408236260e+00
1.390520791309714843e+00
3.374761355462034818e+00
2.781731404035614030e+00
9.866549081456635895e-01
2.932053037363157255e+00
1.119846231251097501e+00
1.093700675929764499e+00
2.902580705400756855e+00
3.860008461109929900e+00
5.332223580492989612e+00
2.069767473454669826e+00
1.534210858351927831e+00
3.441983641092655422e+00
2.503237947426231624e+00
1.569618851149088501e+00
2.344340967179642021e+00
2.384313255139630883e+00
2.185671742637050663e+00
2.998186497058572986e+00
2.405198046844372772e+00
1.581211178011117990e+00
4.687983351390306197e+00
3.111529556124971396e+00
3.444759308570110257e+00
1.256913428464972782e+00
3.187088422403630883e+00
2.258522784936583871e+00
2.960846908200764016e+00
1.647940750206353888e+00
1.143707720698360575e+00
3.184415066542115813e+00
2.960432018644638674e+00
2.679896653649042282e+00
4.439873791650248869e+00
2.276514413042530105e+00
2.777759568843840121e+00
3.335201813438672058e+00
1.237848868609743525e+00
5.141990503088783582e-01
7.348650678484706100e-01
1.837369163225160307e+00
5.229182609286083805e-01
2.109461233248637768e+00
2.272067101178741666e+00
5.160832556050686470e+00
2.132423545911960705e+00
6.267023814768480250e+00
2.136548254971703642e+00
2.477607784933996360e+00
3.191783777333076166e+00
1.575561087741776944e+00
1.648898601691927812e+00
2.461852865411561453e+00
2.448361737739222832e+00
4.015820307611567941e+00
1.488886079450231437e+00
5.075040684212175357e+00
2.125889312420052413e+00
1.121883436822053826e+00
2.230581461600598558e+00
4.177688932811960854e+00
3.008224620350689715e+00
1.391596716673023426e+00
6.303963904606536550e-01
2.665061549052645695e+00
1.970240946416867533e+00
4.648790574023210276e+00
9.167636944630981333e+00
1.404032507059618240e+00
4.946399264074678115e+00
9.514662975478951346e-01
4.029232525835228174e+00
2.810491884120527306e+00
1.972148541044090209e+00
1.420574741275132835e+00
1.571063693805028860e+00
1.143286663153238791e+00
1.600395925536770791e+00
1.195753060629691999e+00
4.532828418141577664e+00
3.307344906173565580e+00
3.450537020494486740e+00
4.789583827489122925e+00
2.602332289851301272e+00
6.135479502222682680e-01
3.007735080488984636e+00
2.949129591744613865e+00
1.688233263489801406e+00
1.661331927848311851e+00
8.384268263538642074e+00
2.146860947859967617e+00
2.929827332560459130e+00
1.579690743008941078e+00
2.452933521409366158e+00
4.508334363055241489e+00
1.345161547884379027e+00
1.715334260052786775e+00
4.678106455070211389e+00
2.542185936150759940e+00
2.619868026501382285e+00
2.275046871184687625e+00
2.267056702755906095e+00
1.511833564914237371e+00
2.104936584794160570e+00
7.743603985813483082e-01
4.062080440139939519e+00
1.966637639443939101e+00
1.798390728128157479e+00
2.096636397926607387e+00
2.240814006829416005e+00
1.095355413004697853e+00
3.937855566472812097e+00
1.495501980629106553e+00
8.695289748928729523e+00
1.214858550395238934e+00
1.288470132328973783e+00
1.186792088194744466e+00
2.362826042270257165e+00
3.888688001644454495e+00
2.938442679303116645e+00
1.387363203234520892e+00
8.182266573096296014e+00
1.359556475051615365e+00
2.038416921289154971e+00
1.916887396042965985e+00
5.583879481208790629e+00
2.023530921231293078e+00
1.280049909399608721e+00
2.420254774113603791e+00
2.810477531198956047e+00
4.530157040022556814e+00
4.420148223912717889e+00
2.203055840429656520e+00
9.493463654375688066e+00
5.095628150409348578e+00
4.899814975710887310e+00
2.474659530478130254e+00
1.912872439673519276e+00
3.556391852523226760e+00
2.342757169456923805e+00
4.142819873930564611e+00
3.048390955932451352e+00
2.652393257317579689e+00
2.707410930529155380e+00
1.119739119802564131e+00
1.868672635974023333e+00
2.681034117344451850e+00
1.733465060725004170e+00
8.679562967372528304e-01
1.243802340912218751e+00
3.831490706535833901e+00
3.325150320500389167e+00
3.121193951737643690e+00
1.444740359818784237e+00
2.724083209837480535e+00
3.039090219664134729e+00
1.895634480852091519e+00
3.562065206159330533e+00
3.910952563043165409e+00
8.661758417623072859e+00
1.552198333830367094e+00
3.032066252553717867e+00
2.686825770079820597e+00
1.036450295840024349e+00
1.199010244613075038e+00
1.247755848002517931e+00
5.405406181309905023e+00
1.921838821807669406e+00
2.830029301185052582e+00
2.048245024037242068e+00
8.777767287846769406e-01
3.007125224789199969e+00
7.916494058478374951e-01
1.425528306412498614e+00
1.910581877624352609e+00
2.744990838134489408e+00
2.411854226373049581e+00
1.641671468596405337e+00
1.600667029070880876e+00
4.436911702058482732e+00
1.712968178823187415e+00
2.519050414366070356e+00
1.719741894747855326e+00
1.100302273951026644e+00
1.390575456079126582e+00
2.945006783735359956e+00
2.736780942843405562e+00
9.476536911748336678e-01
1.784487323427348171e+00
3.640136461053532724e+00
1.996722009944209564e+00
2.469826785199944030e+00
2.294152481949641942e+00
5.841469234421102108e+00
4.132040700548566536e-01
2.253358938144462975e+00
2.393184612321236582e+00
3.543006915784352895e+00
1.921283565045948105e+00
1.660531414199613032e+00
2.842070205413451234e+00
3.754839428660097234e+00
1.725652128147967979e+00
3.497512626931488011e+00
9.772541808671760810e-01
2.722592768495400772e+00
8.948474843577645110e-01
3.664823997258777055e+00
6.192838642636322444e-01
1.675661865115711135e+00
6.405828514518669081e+00
2.752362545557240914e+00
4.679712511018413679e+00
5.140412122318064547e+00
1.822379602893005490e+00
1.405343540685420001e+00
2.493103956094438356e+00
5.052721623742421286e+00
4.233860242029315657e+00
9.989252127165538786e-01
1.127908702891078141e+00
6.053821131551835322e+00
1.292509923077731715e+00
5.010284723898810633e+00
1.950524279309822751e+00
1.484334373017899278e+00
9.563174788768382673e-01
2.541795965728774753e+00
3.112845781736289119e+00
3.438715783336758314e+00
1.293635157744472464e+00
2.424311910478852639e+00
1.883953275383836612e+00
1.501825738931351850e+00
2.004954806788061816e+00
4.299674788325595465e+00
2.840766674507811285e+00
3.314126264971272384e+00
1.437091821551748749e+00
2.121888911540747102e+00
4.610039023366923949e+00
1.151720684085152158e+00
3.224701383783070252e+00
1.542477016282105762e+00
1.273461596784984051e+00
1.143071507947175602e+00
4.099134737885325563e+00
3.081019911439746295e+00
3.285092393467585303e+00
8.492317937638812486e-01
1.501984695528445934e+00
1.229934050764952325e+00
1.743247007071047960e+00
1.701156978386050955e+00
1.444690420059070668e+00
4.317627500959100750e+00
2.949714040980747853e+00
2.021042604985733071e+00
7.959747568373995996e+00
4.458633160656517269e+00
2.078591081824842313e+00
1.850901033756712444e+00
4.108841552224179239e+00
9.646507860385552524e-01
1.694941146593251124e+00
1.414941787059027289e+00
2.990443666181363369e+00
1.828851831527863236e+00
3.689496533156559899e+00
1.688308430462306831e+00
3.813802465626159321e+00
1.506685406853416120e+00
1.900114495194570319e+00
5.217593571820631659e+00
4.062064413520491968e+00
2.161762709255105719e+00
1.265980636031955875e+00
3.607576482997554734e+00
2.600347022534027275e+00
1.750632609575782928e+00
1.697176725054892144e+00
5.963769040135953325e-01
3.348050079486028618e+00
3.948738222262118569e+00
2.288695532046780112e+00
1.734023145428997381e+00
4.549045252725758104e+00
2.269269465303255018e+00
4.517814286206402130e+00
2.071248014532237836e+00
2.881294820428578873e+00
5.523603793261038675e+00
1.816194874293306061e+00
6.115414212884671130e+00
3.879699896004869863e+00
2.175941362421463410e+00
1.345445856824409647e+00
2.894116582594563170e+00
6.901679604305731353e+00
1.901289988433833456e+00
4.110552611694247460e+00
2.022799369937766212e+00
5.032831681375169453e+00
1.696043812498015946e+00
1.729530961170454795e+00
3.097167964599577772e+00
2.251123958270651482e+00
3.866327746053669578e+00
1.849737890681418584e+00
3.789650596573768127e+00
3.055917748621112651e+00
2.075316008686536318e+00
2.441047355050993239e+00
2.175083208847621297e+00
2.249683814111791857e+00
4.137187913583504795e+00
1.876954055809191724e+00
1.509954887325049455e+00
4.458365780613604556e+00
9.673253452309896971e+00
1.852711015386167226e+00
2.931240361614565693e+00
7.374955091646431704e+00
2.751350974794634308e+00
7.786724790472307589e+00
2.066821230031786083e+00
1.202011133645740415e+00
1.933526832626596414e+00
3.608445913428528939e+00
1.459465177864443630e+00
8.637244074873026145e-01
2.942239755338768248e+00
2.055853628367420249e+00
2.666305717791462637e+00
3.263781369552825939e+00
1.665205823892148773e+00
1.363455313133534741e+00
1.918779529466746903e+00
3.708043515417524194e+00
1.375320276762804772e+00
3.252164104416653601e+00
1.427484190802570607e+00
3.243478058665934860e+00
2.036405909836669803e+00
6.298708057715790787e+00
3.509948979565691296e+00
9.842645252527209010e-01
1.513131125089896223e+00
1.494736400870115389e+00
3.450316931479778138e+00
3.835703327490581405e+00
3.367338905914863734e+00
4.632209244218652877e+00
6.750924549440427969e-01
1.462246222321908817e+00
3.319636947727748311e+00
8.942352959634507492e-01
9.799227185622605418e+00
1.263609909597835701e+00
1.327990615466444924e+00
4.512414405462965128e+00
2.433585397968030861e+00
1.165169331942418784e+00
2.813465560824693235e+00
3.452824816255785745e+00
1.437782766525167899e+00
2.354473454492039153e+00
1.110856175476315766e+00
5.169635773935800316e+00
2.299681958869097542e+00
7.016053264061902217e-01
9.401151216412869660e-01
1.559735954218904208e+00
6.028149823665318152e+00
1.920821347178594207e+00
2.066000863700657497e+00
1.022055370622793280e+00
3.139565270227832272e+00
7.481390370521547872e-01
5.139722167481429516e+00
2.480827478314764356e+00
3.611738320488509402e+00
1.545275823566759188e+00
3.941560101758738721e+00
1.531778632237662752e+00
1.224764086576526578e+00
1.854429155464382806e+00
1.495038104314612815e+00
2.296844456485938046e+00
1.944971642629315989e+00
2.008190787450141457e+00
2.621618019408352041e+00
5.520742310682973830e+00
1.647495690702461824e+00
3.231381430879507910e+00
7.921339608227427220e+00
2.238570950799271930e+00
2.040118753125918172e+00
1.896987065795235905e+00
2.255365209473484178e+00
1.139250708000881573e+00
2.489238301914160623e+00
2.672526895457044471e+00
2.087176002648522211e+00
2.142724021591685180e+00
2.416535786437377098e+00
1.754582320960109909e+00
2.658627112608747289e+00
1.335841476956658003e+00
2.924969342458563659e+00
3.220142218992513961e+00
1.733621472121358975e+00
2.666870942713527981e+00
1.875076939449315860e+00
1.623566683223758744e+00
3.350975072311137559e+00
1.074195419495043158e+00
1.647319321504683520e+00
8.337109150068499064e-01
2.234626408789717633e+00
1.905017457120306013e+00
8.703164250834112270e-01
5.087171995774159683e+00
1.856234721932684018e+00
2.066243235255336153e+00
8.448021713107509711e+00
4.095806922976147568e+00
2.338179184186063964e+00
4.061585178270822105e+00
1.822471245797197881e+00
2.236537313341522726e+00
6.877137583062354897e-01
2.315638923740639399e+00
1.324765945089580343e+00
3.659433367421302208e+00
2.377223168801476660e+00
1.443921855865439419e+00
1.909048783506209990e+00
1.875577598263107326e+00
1.060991674191976708e+00
1.646708932186774499e+00
8.649278389416221735e-01
1.182088175832909815e+00
3.885483288717172190e+00
1.602798282514856565e+00
3.443112894757954567e+00
3.843178703337983393e+00
1.177453703607517221e+00
1.455455505295956575e+00
2.009865189304126165e+00
3.198505540484967824e+00
9.678125756210254060e-01
3.263485840099348501e+00
6.124604674026876694e+00
3.441699740607475189e+00
1.105897306583082162e+00
4.678493449643445601e+00
3.005872784722061652e+00
1.264927224518781257e+00
2.540447867514249225e+00
3.823003748989931339e+00
2.843131086909255867e+00
1.844242595812123575e+00
6.547505639255689402e+00
1.369343855723060166e+00
1.748519320742607075e+00
1.453056572196912200e+00
4.809772944719007626e+00
1.697174925359331121e+00
2.438463130461404837e+00
2.168243312659202005e+00
1.218397125141978954e+00
1.241418741069267639e+00
1.196042815440913953e+00
8.263139520341109545e+00
1.871895283244151997e+00
4.690439594922327871e+00
2.308812718704082556e+00
2.053239196524776933e+00
1.469402081090531720e+00
2.933913643531108395e+00
1.389255915380871453e+00
1.005602789105274564e+00
5.359851144160665548e-01
4.858437391534627281e+00
2.121621620868739289e+00
1.911390941935474430e+00
1.237393407525287037e+00
1.713509255901614292e+00
9.342176917525998325e-01
2.998277565402260869e+00
1.007549393280982475e+00
6.768314087096897858e+00
2.181584733531204634e+00
2.110774825975274105e+00
5.719610773330986220e+00
3.673702069687801774e+00
5.507232380023297402e+00
1.667949357898794727e+00
1.136954042506446827e+00
3.098614042508693434e+00
1.894865016994355056e+00
2.616089387696137081e+00
2.497773175762850961e+00
1.118219613951182190e+00
4.240353508271709870e+00
1.367322396898988934e+00
4.942325929016330832e+00
8.516301040207077122e-01
2.133348987060408763e+00
3.192027015112119503e+00
9.055640147593519984e-01
5.137948738099232138e+00
4.163144503262644847e+00
2.885279309850987683e+00
1.799756354550627879e+00
2.372748002438221704e+00
1.527152770678211091e+00
1.261019770108872784e+00
1.803130478669134895e+00
1.105456332963117960e+00
6.480610183072205821e+00
3.780698224056925127e+00
2.770268406037021069e+00
1.763919704707235692e+00
6.928464450772369165e-01
3.604164297115186599e+00
9.746921085899712400e-01
6.340024171520319385e+00
8.617268167906158016e-01
2.537666044525064279e+00
2.555347597981161734e+00
1.290312072399283805e+00
3.046240168456661568e+00
3.370677949103269011e+00
4.011025123277253357e+00
4.099422730162595840e+00
3.568785493783969809e+00
2.156059690647023075e+00
2.457357948835956485e+00
5.293586538559538646e+00
4.582345353961862600e+00
2.032941817278000052e+00
5.598083021831358863e+00
1.116057484900252028e+00
3.565165716707248578e+00
3.081372403848543495e+00
3.041842524993418007e+00
1.823138562161380261e+00
7.736839538953816486e+00
2.556270968350375483e+00
3.839089540227712760e+00
1.954478199650966141e+00
4.749495672332393781e+00
3.625653552794742218e+00
1.733769516237359642e+00
2.165714742462264475e+00
3.495031919134066190e-01
2.962773454779445537e+00
2.821179593236492700e+00
3.801795706309328615e+00
4.582617764157410178e+00
3.876381533193646423e+00
1.687267905986434391e+00
2.112171383679806169e+00
2.162064451117037489e+00
1.329539003164621924e+00
1.005611216386666174e+00
1.101687354482824066e+00
1.624289551801108233e+00
3.593349714360717595e+00
3.599605745484037111e+00
4.251238250151426534e+00
1.306845010627760262e+00
1.611210745682906564e+00
2.554339530952275616e+00
3.377925480387918178e+00
1.154135505049711963e+00
1.222451035706779043e+00
2.075974920937441848e+00
5.507739052902583587e+00
7.906638318200840843e+00
1.072744750285729465e+00
6.850519821304102974e-01
2.954151730337652104e+00
1.662034244751617873e+00
3.694367912792919206e+00
4.397503204947271094e+00
1.814158693322413418e+00
5.006084358120942213e+00
1.728157722936285001e+00
1.842357339335988664e+00
2.728752667674454013e+00
2.254566078283420261e+00
6.393658981342612790e+00
1.612244020727101823e+00
2.280999592333732728e+00
3.455873217251749452e+00
8.830210070660900357e+00
2.597288674775747097e+00
3.619202604220199682e+00
3.183127860350225546e+00
1.883997518709137342e+00
4.875992972306436357e+00
2.082955092762232230e+00
3.109016876883190950e+00
2.727409871670968045e+00
2.198115743073155492e+00
1.322123564155324393e+00
2.185508439411517401e+00
1.645249282765816723e+00
2.814110180602017675e+00
1.317086030171604083e+00
1.438657466729230450e+00
2.657594277785699788e+00
1.498909226704421505e+00
3.394953836084210863e+00
4.954072560735042430e+00
1.483325113029003495e+00
2.491130312095140020e+00
3.842927234665524328e+00
2.375472036868442771e+00
6.287927002517509356e-01
9.478437396688279559e-01
5.300461459130167086e+00
2.740149476172026421e+00
3.933675372117112268e+00
2.969619483895547418e+00
3.639708928526112608e+00
4.885840224265859177e+00
5.112434662500976223e+00
2.267242508481562169e+00
6.341215039123509811e+00
2.539328805283121326e+00
2.408431954307376444e+00
6.212626095050545416e+00
3.743509199512260022e+00
1.051272032032296133e+00
7.069820537228590496e-01
3.046220350031571655e+00
8.359698355925229141e-01
4.929347522670604498e+00
3.316395633382052566e+00
3.496590986768615572e+00
1.387423679403493537e+00
1.194669998764803287e+00
1.929457695722481159e+00
3.120085113362228046e+00
2.619391716683029614e+00
1.966988653561253075e+00
2.660284184546203967e+00
2.551142269971448773e+00
2.342473457066257758e+00
4.053982911270296974e+00
1.149588526636316388e+00
1.470087037960126963e+00
4.971026443404001682e+00
1.534638813994811057e+00
2.316735824158717705e+00
1.983934791923890550e+00
2.849946987405147514e+00
3.158575374060809793e+00
1.739772193485570329e+00
1.495219953199032448e+00
2.943130578865872593e+00
2.044086111686737262e+00
2.783042236457965224e+00
1.447465861100459161e+00
3.145244434972063630e+00
8.122017718762375438e-01
1.188189985520333503e+00
1.153921295085575949e+00
5.949104324017419287e+00
2.755149116101697437e+00
2.779114753484651423e+00
5.325348134399077615e+00
6.478727123078901862e+00
4.104882649307766584e+00
1.863976520063281184e+00
1.526371904848625283e+00
3.426075667076450948e+00
1.408052238621838814e+00
2.599154795898491965e+00
1.611319381990100386e+00
3.475001664960227110e+00
1.890276065939583194e+00
2.777565681869428538e+00
3.640505887392765594e+00
2.394882589153649821e+00
1.088819720493323651e+00
2.272681121321718400e+00
3.267704614309308475e+00
1.233425911142757014e+00
1.597038786525968534e+00
1.634508952430425488e+00
3.235707584909902401e+00
1.558225738840799846e+00
5.726420182532062420e+00
1.896634917446664126e+00
4.361766628234786225e+00
3.609429597822535918e+00
3.293255515221388929e+00
1.744125165208570749e+00
5.416290216531970181e+00
7.790338648019766055e+00
7.171553613458289123e-01
2.360493002980875943e+00
1.383354316372371384e+00
6.143962119323634896e-01
1.143400160194384618e+00
3.536149196631948932e+00
3.056200183873468923e+00
8.801515664868557742e-01
2.647851416882867959e+00
9.630038666548258464e-01
1.746701724869284211e+00
4.572697621363259302e+00
1.369169817540412115e+00
1.760424354274063852e+00
3.575117174912761264e+00
2.165691404982882151e+00
3.698246117465516569e+00
8.836736580190988066e-01
3.029335036148942173e+00
1.366690738323558474e+00
2.816636882642879591e+00
2.654242751894261954e+00
1.605528572239719676e+00
1.823742780323136525e+00
2.314209931507031470e+00
1.532065111401234025e+00
2.143149683321810439e+00
3.819162323025425909e+00
1.355807784892671508e+00
1.240886873004830138e+00
2.326253999831549013e+00
2.211544963127254793e+00
1.430559817938993339e+00
1.935008256110553937e+00
1.310428227243156218e+00
2.081665913285716041e+00
1.404773163940369773e+00
3.355459881620839635e+00
2.141199505298288397e+00
1.413660396617006043e+00
1.728936473235231475e+00
3.330411471766749010e+00
1.783797840300336279e+00
1.098899829123876071e+00
6.323316670656606853e-01
2.220723177812927052e+00
1.931296959129429114e+00
4.075715031342046046e+00
1.493794853428377811e+00
1.907567205955464251e+00
8.082551099843153786e-01
1.206828611048127220e+00
1.744846595086872343e+00
2.935055731729100392e-01
3.294721724076971725e+00
2.867896258958409383e+00
1.601086726365249513e+00
1.423954224261376522e+00
3.581695561766380820e+00
2.922109586704522144e+00
1.985323897371554125e+00
1.075264751491991522e+00
2.293573373782657132e+00
1.958546468922380157e+00
2.122269637588146907e+00
1.500127643872435357e+00
3.353962962715692164e+00
3.925701116693638415e+00
1.091430019993729905e+00
3.787091600174700368e+00
8.695485644678933035e-01
2.873451302080420433e+00
1.567262993330942100e+00
3.232387753106475969e+00
2.569980116242478019e+00
4.661752955088459771e+00
9.672147642190557226e-01
2.645312834761899712e+00
1.764674797408934959e+00
4.130422597031268239e+00
2.416800156662114674e+00
4.385927498155509419e+00
5.717187578625998690e+00
7.364706451546684463e+00
1.627819491140788166e+00
1.995669182038107392e+00
1.721906948917468760e+00
1.985064088750143174e+00
3.008506137881086673e+00
4.589223556647958446e+00
1.474937867571589178e+00
2.254841645247513515e+00
1.868937968377771375e+00
4.564137294292769376e+00
1.276020928989270553e+00
2.634281668361181605e+00
3.853170802211247192e+00
5.505519381761583730e+00
1.701043272839429576e+00
1.255411442881209316e+00
3.131449852134235101e+00
2.603143935853629465e+00
1.457913562042029598e+00
1.803334848037820182e+00
1.159980702456161916e+00
2.559109223670552602e+00
3.525938801152849411e+00
1.854462439815187436e+00
1.830145858062467212e+00
9.316904576218046907e-01
1.376072721236784702e+00
6.515690181366501577e+00
2.672220037931791303e+00
3.751741430417782297e+00
1.525714882120238425e+00
5.404592610724486157e+00
1.509864789456665024e+00
2.280364384601097694e+00
5.674575411539035663e+00
2.343550786414270615e+00
1.627825463317499999e+00
4.164358573344389747e+00
2.955393299084664971e+00
1.454592247287756157e+00
1.620483418551626364e+00
1.449577205706553018e+00
5.740970147648740252e+00
2.843952137168548777e+00
4.657294027274842207e+00
1.037642258160651476e+00
1.603603925374013528e+00
2.399177394419539144e+00
1.130292781772413990e+00
1.503043149947437263e+00
1.172155077307663884e+00
1.232915699874492343e+00
2.181291620161303957e+00
4.011014058952050654e+00
4.102044452232333605e+00
4.851053592474039000e+00
3.875691622855330198e+00
3.739027864079397023e+00
1.440918183409590991e+00
2.529587098769671361e+00
3.458102146902693352e+00
2.102784615926261758e+00
1.707956564620536133e+00
1.462900664121157712e+00
3.024502368240018946e+00
1.198876101130080807e+00
1.498456023524066705e+00
2.082612734590866488e+00
1.210605123221403678e+00
3.477959965102540796e+00
1.307313238202801209e+00
1.254276445328357248e+00
7.813699231934095657e+00
9.922975930294315461e-01
2.003504978922542978e+00
6.032137762407163706e+00
4.660141496859083965e+00
3.248329314436244175e+00
1.279478521375872369e+00
1.916817442996812781e+00
1.859771643350017323e+00
2.048752763101349128e+00
3.133221437059875214e+00
5.938687083519363696e+00
2.623640038545350883e+00
8.156007073829765197e-01
1.949817250308603755e+00
1.778204095050250899e+00
1.035207262679606011e+01
3.631605509616245175e+00
1.105293133727968780e+00
1.819217847851812397e+00
3.230981691837084835e+00
1.156615518880370619e+00
1.932945407771669011e+00
1.856410058438235477e+00
3.175635330527184053e+00
1.803548068577345509e+00
1.574356434167848429e+00
5.187210735582196364e+00
1.696974925136548018e+00
4.360977027049612431e+00
1.551151270181335917e+00
1.581432500638991989e+00
6.327701532002843798e+00
1.174782144950665908e+00
3.012307505662858098e+00
3.234674455575246910e+00
4.232751468917808957e+00
2.968107398588359036e+00
6.076800767227586775e+00
1.946399922813324856e+00
1.081791817105058451e+00
1.347940026378331435e+00
3.040667139581327394e+00
2.667967433504322194e+00
2.246746006954635888e+00
1.661569530600336630e+00
2.666596822222585317e+00
9.898705264495534450e+00
6.334359031366947335e+00
2.776412955622828971e+00
1.102994317132469648e+00
2.270930471575488330e+00
1.988257207467371224e+00
2.032924741033141913e+00
2.500218860813199662e+00
1.256838918377345404e+00
1.268627925922846789e+00
9.625874035435482146e-01
9.605732937696180862e-01
2.342913479399578058e+00
1.486353323805511106e+00
2.546637877184666721e+00
1.239609885494709074e+00
8.009607768734310795e+00
1.665750203270976559e+00
3.282717094023821947e+00
8.834988274244656159e-01
1.637207560030680797e+00
1.214449354700575467e+00
3.031448977507630538e+00
2.313622536532983442e+00
1.221114614443323143e+00
1.494297087280052283e+00
2.895058630495489727e+00
1.475758484918895164e+00
2.012290781244761906e+00
3.527234366007050870e+00
1.451929505434369272e+00
1.622789418114736204e+00
1.487028334148253528e+00
2.136840753315349506e+00
1.931072628605643660e+00
3.556629595776692465e+00
1.273638619123873106e+00
3.003248816270117860e+00
1.349762628368915474e+00
3.510728266108489759e+00
5.145205462933710727e+00
2.374262321472984105e+00
3.547278291238841863e+00
1.346007015186535982e+00
1.396666104175956713e+00
3.519960215612353061e+00
1.893862778746850939e+00
1.233188489508488361e+00
5.138079669985710751e+00
3.436635633712404658e+00
8.109967325076493649e-01
2.545479023725632395e+00
1.349132044172817624e+00
2.068777414184792995e+00
2.140398624803485639e+00
1.895184722995320925e+00
